pass_rich_rastrigin10_step0_poor1rich9
eval_cnt worst_rich_fitness new_rich_fitness
11 181.37716873224292 103.75546137747381
41 183.2619772959842 114.1107980619531
121 158.75040042883703 156.79377370193626
322 139.88421365729477 122.55217102554641
513 118.04734145168324 106.48143315846464
1511 95.25388094177903 94.06698705129565
4901 87.434159959752 73.75334710685478
8089 79.6234829841101 76.38274994713058
33760 68.65187201370324 64.83924774448407
35495 64.83924774448407 50.43983679089955

11 235.17371031481076 208.7171015271441
51 188.65440325355144 94.03324348491469
61 162.53668221736643 154.5772752273612
545 127.57313623956787 107.96571195630119
766 124.00987278087513 123.51385358342195
957 102.11225453811271 32.01965739269167
2389 99.87789901394302 97.60268182859146
6374 81.5881038190755 79.1521447484451
8190 75.61647878393876 74.10951603600707
9239 58.720842344881206 55.584663012177984
10147 57.748598822003935 45.55719163093936

21 214.69091995452138 190.36872155280898
91 182.12051598242164 164.78913423981942
312 140.67775237651048 136.6972568654303
756 111.01481888900295 101.04531334385558
1815 100.41823252427568 96.81337228743035
3318 95.87810236938563 94.01636448979453
4972 91.74909350339706 91.00725579739805
7262 79.66684332914947 77.20740599987516
8321 77.60642288608386 39.16339364775857
8936 77.60620269512134 73.93973035208273
10802 71.63650035046702 70.04452532885725
14121 69.64684665255047 53.68094983417361

71 196.83181183164723 194.5295234552009
81 189.40203529771162 173.86141069988298
151 177.49961893283475 174.80275835647677
161 170.2552530694648 158.5521465225883
342 141.04974877494885 138.32772978495396
1451 107.79324572499917 100.75597099361691
1894 105.33268389266924 99.16203208372914
3155 100.12652989880723 85.75134341831945
4476 95.54397620952219 95.3468966627029
6423 94.5286715099074 76.7120107405299
9853 79.59616285671811 79.53527889992384
14444 76.61141238595404 71.31771973949
18530 76.61135152155717 75.1315617579242
19448 63.78549147328242 26.534858856930953

11 190.07264828512348 164.65147229888694
71 197.93063931196681 196.26088852429666
81 196.26088852429666 190.08856579226318
171 176.2090482923649 170.14746545297123
181 170.14746545297123 161.16511625774035
191 161.3156011546551 153.90167620507836
311 142.4381112938238 127.5900897751051
312 142.4381112938238 131.04090908956942
564 131.9617508553665 129.61494937509752
1764 101.69420052819167 96.73439129904845
2450 99.44219058313432 96.63981075815015
2490 94.2198195734828 32.69911867245156
8605 90.54088563050011 88.6439324638763
10279 82.58095874722056 79.09662452016363
10360 82.58095874721926 67.04077344193924
37020 66.66183692834163 61.36257952361712
39663 61.36257952361712 57.68769938411975

21 241.71245344884136 230.71272861775108
31 230.71272861775108 218.08386137456364
151 183.32727434324403 141.7476844981794
152 183.32727434324403 133.40019402818524
272 160.41023528946204 148.90121808014447
273 160.41023528946204 147.437650014354
504 144.29035006231766 139.94104597936052
525 143.71677780427876 142.73165877761255
1059 125.28196742360274 112.43399623475212
2411 119.63091915840882 108.06516604013501
3833 101.49294025967653 86.81490316684254
5649 99.56821351100521 95.38886899359753
6173 98.50037591334537 94.96257688803786
7807 90.59850630217133 88.5902563078815
9027 86.56324156465372 83.9677886152065
15747 64.80002259710926 63.318316783003006

81 180.21309015727593 176.90910832630726
131 165.46018314431626 160.43207636201487
141 160.43207636201487 133.8301218592884
151 133.8301218592884 126.26059746426589
907 109.4923537705585 104.83816123241142
2481 95.43253496808936 78.13966669989075
4539 90.09017918895614 84.68620625694105
8958 89.54584271172595 89.54118492362575
11056 89.54566247499794 75.67185787912715
17786 65.66693879765157 65.5281986964996

31 206.07335819200705 201.24012116413758
101 180.62898449227396 169.23233773701173
413 147.17077212698217 141.69204070670241
1573 123.97836780903393 110.57230332474043
2592 104.64589651035374 89.01692683775906
3923 96.1952146666725 92.18293179443047
7525 86.56701393762842 66.60788178293636
8745 82.58121814810195 77.55162185535988
10914 76.6115144214796 76.26581733968334
13426 73.6264180180337 67.20175289850266
14707 54.722546384264376 48.04715014552827

21 205.92011480191945 196.55691961044386
31 193.6770203142034 180.1673939663976
141 165.70340466918844 159.67457137154543
151 159.67457137154543 158.65180616455405
161 158.65180616455405 149.12641160175502
261 148.58119200308536 142.84627989390458
1209 113.68720404831119 113.0310173179763
3317 96.43853439273009 90.70975298177376
3327 96.04270002412625 96.0352547492681
4547 89.5770456015756 75.8556172024519
4548 89.5770456015756 70.29535135419712
5385 86.56551811488815 75.89268263691433
6868 84.59508838904566 84.2203544680927
12660 69.69405149046813 68.57002819261363
64063 62.682188460539294 53.74166291429033
81469 62.682066379787074 58.209816445113596

11 195.07329990956902 192.9087173129633
71 187.76380598296433 169.03686502273723
141 161.42625091401504 161.37299235268335
282 140.01144601405966 136.68468528428903
292 136.6221285533686 122.76594616826193
665 127.11995949786902 108.82388922010567
1805 110.52018186237453 109.04854718092402
3641 97.82043906168187 84.61685198867482
4619 95.91874071695504 68.21590034313266
5617 92.54927193806888 86.1654064735606
6726 90.58837487828264 85.96541508308766
8925 84.57108305939157 81.62437146921394
77845 69.64683104674522 64.14594991954588
81729 64.14594991954588 59.393144194247206

11 209.22881233467962 165.69208093802996
101 175.09046713844995 169.41943459688227
111 169.41943459688227 148.17246935220405
131 154.89596435149255 150.80258045355248
241 146.79236761280202 145.7019086256352
1340 94.34334234812113 91.62415684087428
2833 87.99242210715705 77.80676160624643
3720 85.47569071792849 84.58682918851201

11 190.58400080764602 145.89311473097086
61 202.3933519880881 199.81325379856935
252 153.34277199897545 143.9676213683814
262 146.68903290912561 142.14988885111967
625 125.93748634229735 99.64417803592782
766 123.64336392992774 123.47798648538792
2340 100.53298268271084 100.03452638467316
3893 93.53004987880733 82.95422848062306
4558 86.0309554801731 41.05538283283492
7837 82.6115496888276 80.93597578693519
95890 72.6317032082809 72.0192479007205
96132 72.0192479007205 27.11543728441059

11 240.52653575636842 170.30757090559234
21 240.15578765474334 231.59659513821805
71 224.1220166327317 203.35218982271374
191 196.597238736065 154.8089431652648
192 196.597238736065 146.4561480611781
333 146.7458919869876 142.0939555591493
887 97.87246184381733 92.86456020052393
2501 94.56326196009825 92.944613513767
3691 87.59555057564367 78.91922907780699
9634 75.61645367076113 72.86014561389709
31369 74.62149418279185 59.05002200862428
32801 71.63660689111201 69.60105419064729
35212 69.64670890908484 69.29452881996653
38279 57.70723551376896 56.48570384505281
38611 56.48570384505281 22.19289560102611

71 204.23601099195116 201.6691275872056
81 201.6691275872056 192.26309735419738
91 192.26309735419738 180.60809889989463
171 179.8957836719183 166.6144635279516
181 166.6144635279516 151.2185319010764
191 157.82455278111598 134.4667763270953
372 131.66059136110627 131.60431302980038
675 123.81815136780551 119.51537778345978
1653 115.50138728234221 113.11014630885086
2712 103.76892400080541 103.07936300987497
3468 88.8681816817448 43.76062400684287
5213 85.72029868720288 59.355246022599665
6211 77.6064450525342 74.14913901351744
10085 70.64166828358266 50.74171501830083

41 191.95997808773524 188.3593684153679
51 188.3593684153679 183.84870446967608
61 187.99102168107322 171.37865344220344
71 171.37865344220344 154.1254183183661
91 162.21967349273567 159.16232132083582
111 157.9698134456115 152.70236678310144
221 145.5004587753178 134.96032561467416
311 133.17424605287283 129.73142214454114
321 129.73142214454114 126.63781898755691
361 126.63781898755691 124.76732085973131
1733 92.32623641367152 84.27153374415435
3367 86.66906952761214 80.64233639964736
5455 84.57530091255798 74.70027979046256
43992 78.60118807697268 44.91116021578296
79057 75.6164125574584 73.6342294895259
81145 73.6342294895259 47.878480938849876
86745 68.6517041836427 67.58244992440821
90609 67.65695847601154 61.041675292843465
93464 65.62446280912494 64.06450241261425

31 234.01393209150442 218.03038435674685
32 234.01393209150442 212.8679206396886
42 232.4988038584415 212.84801038769274
142 190.57302371255557 187.25467843268396
152 178.2875235926619 167.4694427972607
696 123.60832147279632 111.26907491129214
2219 117.91337193310767 108.82446855837375
3076 94.38050404111354 93.25300503495264
3711 90.5733057491238 65.4252047043191
5900 82.85140607346779 81.94951089965619
7292 80.59135679688814 67.79108206420877
8785 77.60918455484713 73.29592444392293
26312 72.63152036731891 70.56326963914037

11 193.13727180730393 150.18739452369488
41 223.00121367401994 213.0099247334282
161 178.52837873520278 173.41190853997995
162 178.52837873520278 167.48872828070813
282 163.7211493108374 163.1424496059139
283 163.7211493108374 153.31512776286957
484 122.96695336464612 118.79586911174107
1008 99.1031989286401 95.95042020105878
3106 96.44925566685619 81.9240942896991
5164 86.81523366713996 71.17237501517735
7605 84.76581931674504 81.649938872061
9592 80.5912244168321 75.3168303332933
9813 75.3168303332933 12.239497255019742
15433 67.65702087343998 67.40641453376297

11 217.84081703673104 165.21974133794353
31 243.2053632386902 224.59529568621554
71 223.35010109321496 213.1466845587951
81 213.1466845587951 206.77555183060917
91 206.45145988921746 190.9575414651427
101 203.75476812864912 188.11652615389198
322 140.87777389783912 121.25406467509384
685 127.68428939961778 121.7439177939289
1653 117.75462880138554 101.23824051916058
6668 90.57874555761842 78.14905491410306
7979 89.54588623250848 74.535093918433
9936 87.55588816157716 76.36575781876371
10924 84.27348554966947 84.23116643533837
10934 84.23112037991248 84.12615784885404
13133 83.57615707077619 79.50340025895453
24162 83.57605481223159 78.51857670299401
24827 83.57591259893476 38.22115914158573

11 172.38617758463607 144.8294780577163
21 209.34087785558467 198.07571956006268
192 152.55466689349385 151.45755233399922
4813 81.09838607373737 80.7388221348219
5478 80.7388221348219 79.13494406884514
5558 79.13494406884514 75.50922381751312
7101 75.61658124982432 65.09653822170407
9623 74.62148048298991 54.292998594880665
13164 71.63668430780679 67.56453103977853
16493 67.65685226471214 52.14145068743044
26129 63.67710198575338 55.40783015021875

11 155.72654706190556 147.57699729312813
71 182.05470012025467 162.91979181514705
222 142.68274786279767 132.3538662242555
554 102.10790640853979 101.26759622814978
2299 89.2788651451989 84.31752450686645
3933 85.16037016665064 74.11955055019831
6687 76.61440374993512 69.83910168977667
59391 66.66197398606649 63.84157339500832
61610 63.84157339500832 61.35346699088772

11 168.43796354369897 159.78436645574143
31 204.59653595618022 199.45585907473438
51 199.45585907473438 197.61953828030553
61 197.61953828030553 196.67868879713615
181 168.73553593791388 165.71106459281916
353 137.2508222009167 137.10785350914313
695 129.46434745573941 121.75812947379325
766 129.21582042667902 109.14638141559436
1098 123.7492343365707 34.904030135003026
1794 119.67125894581959 109.11480530690592
3529 106.21648256404784 101.37593218792863
5476 91.94182627672531 86.95335897208764
7251 81.58612349950685 79.54404929452421
8582 72.10560117111231 70.6193488741901

11 219.33251818108843 129.9011006654682
303 136.06102388856726 119.528428045451
948 111.15239727939465 107.0741073443875
1502 108.30057424006876 106.55188459427157
3893 97.55541764692941 89.57381391790179
5335 85.5670212327769 78.43081758688749
7110 83.68315642589411 75.86666150703113
9279 79.5962531086 73.12109347894672
13910 67.6568751790695 63.46608410221764
14797 63.46608410221764 61.86573277218457
79691 61.68718886729486 57.584966847370616
79741 57.584966847370616 16.914289934571258

71 187.93146788530277 178.45427057440077
72 187.93146788530277 162.90506411826536
82 185.0195403792874 184.56516033024408
92 184.56516033024408 178.2927747515108
172 145.49756805175005 139.15502901419703
182 144.49846952698852 143.29100889276802
414 123.20565023806971 120.66403427859194
1039 93.71787820256853 81.90614179193183
1119 93.41453381404662 93.37369895486371
1159 93.35455143756941 93.34934714070178
1179 93.34934714070178 93.32399010436922
1189 93.32399010436922 93.30049985784233
4579 89.10842724724279 77.16722471611148
5880 85.56646750498092 80.87411292489983
8130 67.65708180091175 66.93190659447666
9411 64.67191904296409 52.979528274835296

11 191.01458365612052 170.8237550288067
51 201.33953511804896 199.34000554441974
91 192.44749447350466 190.31071726536285
191 172.44701838107082 168.12171501293153
806 120.99011049127208 120.20438014943544
1754 110.2920501197477 103.14933149351472
3277 93.8218236282159 89.09550541187306
3731 93.58615226184905 87.13841251723176
5839 84.58920030885217 78.70056549437024
9370 67.65698304089216 66.10444064442899
11256 67.65691301882282 52.72001997768466
50449 58.702250924384614 58.221647564782586
52315 58.221647564782586 58.19304683160795

11 207.16686911400663 187.31870930880362
41 205.94870864692643 197.08144089817375
51 202.3455573012285 198.05345503566434
61 198.05345503566434 194.60351837908726
181 166.4717872169593 123.8026827441949
182 166.4717872169593 133.46719453979196
192 162.66660068276678 159.46387985912992
757 127.19802300854963 89.56487763316869
1342 105.82267506523132 102.31352391184265
3652 93.45638297488955 73.47207097022667
3752 90.47044622379127 33.59863313226917
7384 82.58159099431634 71.27800349814915
20633 80.59118277414707 65.2177110260981
76203 60.69229053616277 58.547606974012865
78311 58.547606974012865 52.76521553924435

81 188.7375253890429 152.34112267105004
82 188.7375253890429 161.98605381754527
102 180.34857333137083 176.15824439658306
142 169.0674813308609 167.15147220502533
323 151.7363367767366 145.27898187532332
1634 115.56504083912706 91.24885949794493
3884 101.27658132556812 90.14030024395214
6386 85.57188985712048 73.65052950923467
8161 70.83958676124294 60.54661321951373
52752 68.6518720396169 60.14677177768765

11 235.45762398644356 142.12054736898997
71 202.86127154377323 196.61833715509192
81 196.61833715509192 184.8640344299997
91 185.75732617815072 159.69600311120993
211 152.6795760665464 142.86798935490253
242 152.11268468649496 145.10287531066598
443 133.1325593104384 126.11239880656059
846 125.67736651184404 122.2781564222456
2722 114.21428166884286 98.52674463796191
3902 105.17676667842086 92.53972650279005
5566 94.52041664865843 86.89273312113595
6756 93.61504866975538 90.41848909902399
10035 91.59306908387168 85.71278162474329
12133 85.56599348738031 85.54133349591243
15422 61.68710753838069 44.49016655044325
16753 59.69733164095385 59.03254139287206
17499 56.7123987306494 54.46091690976565
69457 54.722485537776365 38.5453294837339

11 227.76929901466787 189.07655890592193
41 189.58080589245606 180.55020477147536
161 156.1047616735222 155.41000076774662
262 137.49559244393504 130.6037321356419
272 132.24305774812095 131.27024311823737
413 120.34923569303771 100.85755644545794
423 119.28422166348525 114.58865540672238
1280 115.93252959915455 110.88962796571322
2914 107.02404538929393 82.40164478477817
4679 94.33541862926624 82.87141331374721
8261 87.55594262467632 83.54299967737005
34487 80.59134540973027 78.40484899279063
36696 74.55306009934603 68.67549992608313
41428 73.62649456767444 60.63701162955625

11 209.1308053856473 156.41810842704479
172 146.4842721261779 146.19437572575893
182 146.19437572575893 145.17901148333178
192 145.17901148333178 141.6448126593478
282 133.3464739076361 130.3366277109468
746 125.42666386516993 104.68145436706403
2158 99.9682118741932 93.2333374717806
3560 84.26122055983448 77.78014491470421
5981 79.32068735314795 69.87838081237109
8836 77.60641323040437 72.70606861801089
14426 73.62652006948335 63.88904198782895
15858 72.63158118550828 71.85588023616769
18077 70.6417445812244 69.03135899137517

192 171.83943004287906 166.65367428239705
292 157.58025866352386 150.37603510779968
302 153.87757533370672 144.2747833664489
665 140.76261055123757 139.00797734020398
4559 92.91443837752453 89.36551052231658
4570 92.91443837752453 91.6605647514888
6305 81.26766564774476 60.54947800602
8857 69.1129954214576 62.54440350625887
28372 68.65183143615366 64.91136504127806
61873 64.67206104049568 53.879208436460104

11 256.5153607958393 172.18406754533444
31 238.04475613847086 230.274153481753
61 230.274153481753 216.36559810958232
706 97.68640321372224 97.14648009862589
877 96.28678290371907 40.0459273357749
3096 91.93365468891693 90.65036305936644
5063 85.56751293806501 75.03035334381447
6374 82.60531367759677 81.04890064199067
13639 60.69210800317711 55.119258521876006

11 199.81434089910266 188.7749748468807
81 179.2192339032911 175.7820916036448
121 175.7820916036448 175.11108648679067
141 172.5517232556961 169.6718999576868
403 137.93660030609232 131.8746211777721
624 124.22473896745191 123.75966481695677
704 119.35813682985307 59.67639829923077
1844 117.18567308248592 105.89808497023941
2721 108.80385772246629 108.38969865603315
4002 100.59161151418208 92.49052187220087
5737 96.51537102997324 93.23198176628593
28017 81.58625885883446 74.18067413294614
28894 74.18067413294614 36.7484413550045
31275 71.63666769241351 70.44673694524319
34493 70.44673694524319 52.66887290670151

11 257.1047885214688 135.46743209969117
131 218.6346144018044 197.52251528316427
132 218.6346144018044 188.6903557070787
263 175.22099980175392 172.6576948973747
494 134.6293972033635 121.72571321985085
495 134.6293972033635 119.48164215613292
616 114.21383854797004 113.06363007135585
1836 93.73888703333277 80.70989380377846
5387 85.5664737376603 73.25648223168203
7263 78.60438252587585 78.2324771653555
14316 73.6265964544146 73.43373548215203
17726 69.64670912417365 68.93008137339469
51298 65.6669998956553 62.7453881056223
53719 62.7453881056223 48.70327652419745
83799 60.69227036367812 58.61526326697879
84172 58.61526326697879 16.413628044900463

11 172.18231173863634 152.09514006745854
31 182.7053118870368 171.38250286674645
101 170.09978760029907 160.27704460761072
131 160.27704460761072 154.4612683776307
141 156.13692858001372 154.07945918066798
151 154.07945918066798 152.35098190384127
161 152.35098190384127 142.36616162432057
201 141.5513809960236 141.25887043258575
221 135.5295159025307 134.58124889523708
231 134.0330342404377 131.28232737313974
241 131.28232737313974 116.10106262694077
634 106.23475664179462 102.93866420196339
1017 99.11124799959683 98.48447453648433
2934 92.57281127245099 83.19302488811095
6485 84.58707804942813 62.618093399688696
7786 75.6185367096788 73.49266899490657
9430 74.62185523625685 73.5280934246254
11871 73.62664223434157 69.62170123603497
12254 64.67206118169054 14.483174857442293

11 210.60547022963127 160.84223437254911
162 167.7135369796415 152.6097004310957
172 164.43693826429111 155.36273576283475
202 155.36273576283475 147.93229872086187
434 135.25369783316813 133.9980012307749
474 133.9980012307749 133.2794842764149
484 133.2794842764149 130.6977453513374
625 127.17990009058899 113.8557241898318
2622 88.44654798674438 80.56820833047182
6103 77.6063749631071 68.5531952924409
75689 75.61657529594886 74.20177735841835
80189 74.20177735841835 72.61623114296526
92802 70.6417444425228 63.57361441930585

81 190.719241055437 182.74061525936258
131 183.46064474118745 182.1533192960246
141 173.67862012887196 168.87020459287746
917 120.14538964136005 118.67681452425381
1764 99.29015821715832 96.62234635152834
3489 88.4204171422083 76.13752072522625
24407 81.5861823144356 76.66634885637951
25627 80.59116259887206 75.17502618613952
29269 80.59116254721224 79.2678901175651
39581 72.63147912077102 70.31470113725842
41134 71.63663776209145 62.51354980909038
43353 70.64178507830643 52.33693800174044
46945 50.742593033819716 44.03642255308482

21 214.20714461416048 195.1985966381614
22 214.20714461416048 190.40689899089236
52 179.93248020020553 162.54368480643143
62 178.34309244387669 164.46557148898768
92 164.41611084593097 162.99076059536765
102 162.7320297625575 150.7480766522947
212 153.74891343937952 148.21812826315292
1433 102.510939315809 93.67130278940623
2855 99.21912543976214 93.87738064685382
5508 89.68941765649872 77.47659251945788
6910 76.611630917447 73.5472171575096
16819 69.64670903130755 51.11339585265933
66536 67.6569129645956 57.34486873506393
68059 66.66183672537699 65.60063135722658

11 195.67302150790533 155.95511222448053
21 212.31080152177492 196.3584967546841
91 203.00431180165458 197.890573585388
171 170.76672298362053 166.42927866600445
261 146.8190164297917 130.80713681248974
281 130.80713681248974 126.95671087734294
1047 111.87145753976344 101.25726317461063
2590 96.25469009201554 93.8274478452977
2993 90.53763090320427 88.04939106495422
4425 88.68354243035613 85.25097366532425
5968 78.65004375869856 76.93439173890823
9398 67.65675046502753 66.01129531650639
13000 63.67697994927258 52.46462667890039
13807 60.69222980870585 28.683153434334855
14876 55.71745999866966 52.35151216800311

41 204.85352013184948 200.38309431349717
51 198.84514068260742 187.4127411759152
71 187.4127411759152 186.56177035570215
121 172.13649239285047 165.6813734918685
131 162.43874555589312 145.79572615687422
141 159.29562630300492 159.03747582383593
413 135.04608328248534 128.86633566536597
1119 118.06477670903172 95.96254910146295
3863 90.63108507879687 80.1868281976893
7192 80.59121495127559 77.84983722178242
92127 62.68214282229273 62.680159104757955
97454 62.680159104757955 32.29115694730055

11 157.9653312620239 152.6783975061906
21 195.57498508874608 192.79524716677236
101 168.21168887257687 164.49768624794203
464 123.65124623203467 99.18188116357155
1412 108.8855271687771 99.98148008891114
3147 96.04057586544283 90.32843376202467
4458 91.55050559769332 84.17293619005314
5658 86.56111504183524 82.97178144107839
9391 75.61645338202274 74.97974817415108
9501 74.97974817415108 42.784769211113655
52508 72.6315811271073 71.68544198490939
54939 71.68544198490939 56.70247581085998
85615 64.67204081899607 61.43594865110234
89560 61.43594865110234 51.64779213396179

31 200.7678123071591 188.0247802029908
111 174.37069372008534 167.10590640720315
231 150.5319661289893 141.56778785287338
454 146.11490399160243 144.04827837619996
464 144.04827837619996 132.90604073906627
544 129.4724362587761 121.19833735315636
705 116.20072927927882 112.05857837801982
1118 109.5916816293231 102.82998795841388
2056 105.51089888788718 70.5196549706468
3196 102.45605249164743 92.54037460147283
4659 96.95558727742592 93.79058294638948
6233 87.55600118273408 77.65532501252136
19724 76.61141289553903 62.455653666828375
20682 66.66202968421962 61.09107386826903
23214 59.09337991586878 57.01965454655892

11 221.8310242924053 151.12021298253958
21 222.45689633355897 202.63208895912862
121 185.70448909020055 184.9579368254008
322 139.01961595812054 117.5276215434185
332 134.73441063137403 130.55898692040483
342 131.01186595980752 127.60180215887445
896 123.71418941520886 120.00884210829363
2227 109.94354644197588 105.42827039992551
3044 99.49534549778063 85.07691079522854
5001 89.54616339761239 84.57700226554587
6908 86.5618629938757 45.51342343441723
29622 69.64678551886914 69.0693124734386

21 199.02520762518265 189.93979781750417
31 189.93979781750417 188.53414036576393
505 134.03911204297313 131.38468019216947
1715 122.5682459657755 120.55196976108488
2491 112.29255750900587 111.55292097087091
3308 108.51274908405053 102.26514374536298
4831 104.39475643703861 99.59459850311657
6273 98.8404744336573 75.42065274471815
7887 88.55077172258707 65.64494192455662
10197 72.20395053711377 63.30538213161505

11 218.05538248496265 166.02063559780765
101 195.79397317577514 189.89184356557055
221 168.20546938781766 164.30533925612391
302 146.39494734607683 134.66834533449946
513 124.1148048614412 120.28868759416046
1592 105.61703581431641 99.37130156842123
2923 100.14015049677901 91.86817290000377
3810 86.6258808186373 60.326623159717194
5454 81.78382090868212 61.047402385703435
7562 77.8207564767309 76.71649810721874
9075 75.61653769831777 63.0883253427073
10104 71.63670395345568 51.58366740835316
13423 70.6418308843614 45.20845993896214
15420 61.686955885294374 54.38528222783478

41 230.4236583314774 210.32309150642374
172 173.87565936364325 171.0232415942624
464 138.67646345888056 133.19149346382653
1018 120.74827787337546 116.54873298531214
1794 108.54926011693478 96.73182059918355
4225 101.79681894167531 98.06510061236766
6202 93.52623813056687 90.73514341548706
8956 84.57112663327513 81.39174836160564
86645 77.60631050913977 72.7446087518583
90418 75.61651458898538 74.57978461922671

11 195.54337901350004 182.91203543600113
21 195.06556288475184 193.08935911492551
51 192.92081795596314 190.2370448529034
212 173.5499672450486 171.4874069284695
222 158.9352016181627 146.90016158730035
232 155.3917128377284 146.08713291410163
242 146.08713291410163 135.5882332475481
252 145.96516140101625 137.14379681670232
887 118.95644772652557 113.58532164360112
1855 103.1954911883226 100.64596341785192
3045 98.47121012140855 98.16406504945539
5224 85.60904527873981 73.94898211675564
27686 80.59118269626184 55.16731962020841
29552 77.60647320479387 65.68155721517621
77130 73.62647941706803 64.05253633089015
80540 72.63145891759265 66.59198050007343
83304 64.67204075918465 54.55498760604258
91982 58.70231670122902 49.678262223310156
94756 52.732587605478116 52.39341366084226

11 254.07619785997187 190.2175111744014
71 191.65806505134822 190.40069790389484
142 161.878882177112 158.5222707992655
152 158.5222707992655 148.58249165958046
162 148.58249165958046 132.7847103392815
333 140.40286320342483 133.11975146249955
605 131.82464890218722 130.68033670105754
1926 115.9884021173705 108.86119961335748
2884 110.16391407564777 109.1123334508222
11380 87.55598816626924 85.35125755867486
12469 85.35125755867486 81.44751531273113
60521 71.63670361275801 61.929488849000194
62831 71.63668337775627 61.974550516863864
64495 63.677101851464 57.11416138447937
67703 61.929488849000194 61.05436730303906
67894 61.68718887807039 59.871168933851855

11 191.976672414777 170.99264191010678
31 208.8902772890919 197.93132088916823
81 193.51030920693927 192.712772584009
191 164.74955337707723 147.8349801948824
877 110.04400461654814 109.04386891586392
1542 93.21256958427328 91.15498394223
4508 90.61630940930219 82.88532614865287
5355 85.04443559534968 60.71239926625407
11288 76.61122958061048 59.62432358104242
13487 71.63668347744917 68.53171327902562
15575 71.63662210628402 71.59037939680212
91165 65.66693857693468 65.22839321821851
91467 65.22839321821851 24.70457082579037

21 227.04895762407247 220.50214695331672
41 216.07078952764024 205.9355250503728
161 167.96786285396797 165.41176268554653
202 167.12768115294404 166.85572803108937
242 158.03120166101135 147.1844229091605
413 140.0987772356946 128.45800377105434
1583 111.8272490463604 110.2843040673795
3126 91.69094136400406 77.5428829016041
4195 85.64854947878737 84.55737306257524
12550 80.5913455728606 77.38447290745539
97989 68.65170924434867 64.01452194315665
99865 64.67191874012846 64.11531034718797

51 204.11065571701897 188.0423485830732
61 190.89713563577163 188.5848109478002
91 188.5848109478002 186.458526318143
101 186.458526318143 169.2418850537698
141 168.0038244473784 161.1700141580655
312 138.59633494205107 113.65451057950797
392 116.72959080515551 66.94953375115537
2450 97.50246576340668 93.89604680371195
4397 91.63048058009848 90.96327304085176
6889 82.07126908907318 70.87989467584836
45839 73.62654015570537 72.1508540636321
82347 66.66199948275084 58.64103587775873
82932 58.64103587775873 27.464842223550562

142 149.5501747685031 146.80727532293713
152 147.31691301685004 146.18382177463977
272 142.96606432940428 119.49614451540286
273 142.96606432940428 109.63433029656443
807 105.73652197391625 100.91257869123487
1977 93.31023622518502 89.64021562909008
4307 89.88987603560872 78.15589483202459
5083 89.5461539659585 88.11328602187152
6162 87.55586730588989 84.45985401714361
8472 87.55580526387122 79.73356804474464
13295 74.6214791804248 74.17699805481541
14505 69.64658710094795 61.066040429939775
75625 58.702357374092365 45.54509490116959

21 215.29689683256555 206.1731690550359
41 199.6434483965698 194.25867791893938
51 194.91957006254694 194.2709804337889
61 189.8821633395395 185.32081682469425
71 185.32081682469425 176.64818928126692
81 176.64818928126692 162.05128319090406
191 159.18035955872494 151.77705917001472
574 112.34971789589713 112.03453854379653
1472 103.99536866797435 98.1892017855684
1966 99.65716873718311 98.03421483036644
3368 88.49796938329055 77.08637532546786
4578 86.20559265724822 84.8457538648906
5748 85.56729837143402 79.42414635077019
8876 82.58108069141457 77.24469917809199
12639 81.58612218088423 77.26641628226037
12951 78.60120383953085 28.234537207691716
15705 68.65187204451392 60.31688501529768

11 223.5058862097593 205.30118434558278
21 211.3293347578442 200.5651772811862
81 192.45043403737535 181.08994907739884
151 163.973990738915 148.8408703785929
231 161.93778509693865 156.81706749318747
412 137.01790536874688 136.42927348996147
704 127.78916615966483 121.86319527847716
1430 115.41489337500619 101.54838096343923
2620 104.28825024265804 101.63204992473737
2640 101.63204992473737 39.43995100734833
2650 99.73689388061555 98.10975984002673
4395 87.75027658423531 83.22374640411618
8037 85.57159419530984 79.95379941020175
16402 68.65187226823548 64.20473144578463
69066 61.68718884131774 58.42708686817565
76331 60.69214831407323 50.82244226526319

11 245.24671069582078 198.83464541328934
31 200.91932823491518 198.81289285964078
51 195.39105340734147 195.26073753603856
61 192.33714610833917 166.6097190805538
171 166.9341644071211 156.4567869541534
221 156.13106548868896 153.05365335278412
231 153.05365335278412 147.99989870158774
1007 106.9157310594843 101.90762935825795
2429 100.4569722845963 88.43201272566742
3962 88.09460962542498 75.80686541360956
5667 80.75651401263644 64.6937203200313
8643 79.59622436715094 77.89644683413465
11902 76.61133192172576 71.8857513895772
15231 71.63658160037822 66.1060895052334
66139 65.66699988907972 56.57246057224911

11 204.1273018972118 174.49181447639927
61 200.63572640903402 194.2964388823343
71 196.63769798333618 190.65299461108097
81 190.65299461108097 176.8901755020413
121 183.30965940364308 180.25694991274537
221 166.59946020011648 156.48660116171175
341 156.91463453370181 138.65277472987088
342 156.91463453370181 146.81259043623874
644 118.93803199899091 114.08148737481518
1168 113.77202215233883 97.55841548430332
1733 103.16808975864907 96.90253601645513
2580 86.80863177900204 82.73721570896714
4769 78.20486592757534 67.77660557466395
6020 75.61989677395147 50.77070335279967
6120 68.80320687235114 21.46098326065092
49440 66.66183678687688 48.01072913762974
50237 64.67197947796043 28.182084507805598
69349 60.69222980051981 55.220441588704034
75191 56.71228152197384 50.939786529323875

112 154.5555573346388 152.5574902819329
122 149.86549624547715 149.15640388708186
888 96.99994056815538 86.46431135378162
4046 76.80779043921615 70.5789238322788
5912 74.63897697043738 70.97747569185839
6113 73.94387958504626 38.71565078301211
31733 68.65187197069446 65.43729557100352
83247 64.67191868928114 57.190884105420615

11 214.02438446065844 213.26611605219773
21 197.16037997102 167.5531383237822
22 197.16037997102 194.7818140097441
32 194.7818140097441 184.87547457214527
72 182.90467389159568 180.82683720021424
82 179.2704636331873 162.4930336263286
324 132.46346390246623 111.84442986585717
2069 105.78647445085805 81.10654753542529
3077 96.49076083401506 88.49552272354796
4813 94.8808107351201 94.47054366274523
26690 85.56595278688542 75.25102792161977
28021 80.59122322450517 77.43565144459262
30462 71.68275408035822 70.06029987269613
56355 71.63648473845478 65.87616018715269
57263 70.64152579372174 51.26638633848624
85588 66.6619740467695 52.08059496804609
88231 61.687066780009694 58.54037576840816

31 211.26898706513435 200.04304811973805
41 205.75658132107054 204.65624675518052
161 145.79877301393765 137.4936453519572
162 145.79877301393765 121.14571642393904
313 142.18474894215186 131.73319011842102
847 111.97436698567982 104.15776157856918
2380 97.74516406310653 86.52325722395402
4448 91.75800537847334 90.15225073496903
6546 78.60133880623904 72.32706977192474
8685 70.64162365787155 69.67087804589592
19028 56.71239862739168 54.35334112077818

31 220.23490878861486 216.6393025458671
41 213.49316571590623 209.38470267413345
51 209.38470267413345 207.64909593497424
162 165.26523523157738 156.0003910619673
182 156.0003910619673 153.5131961750361
192 153.5131961750361 151.87168371858507
202 151.87168371858507 145.06422322199833
322 139.29174411135276 130.20612712061072
323 139.29174411135276 115.56310565038385
524 131.53791324233484 129.50043342765755
2017 106.79040423117355 95.40871347614225
2420 95.44186324045246 93.07717522293126
4811 83.8849651591583 74.20177204684526
12187 78.6012647459246 69.99790702506286

111 178.83477814409122 118.79761450640656
112 178.83477814409122 116.51979705503136
182 165.5308082154797 150.95246179497886
686 109.21541121450885 109.11411803445543
696 109.11411803445543 107.10308917748019
786 106.99124133262251 96.22410090119863
1845 100.2281594349343 98.43038115799077
4276 92.7084945430628 71.89000104775118
6122 78.63380706135744 74.8285578663798
11298 71.63668361551677 71.41975292764667
41711 68.65170930381282 49.926835798997125
45979 63.677081756392994 62.22160648292261

31 221.46222171551327 209.182957002958
91 204.63009927782582 183.59872886259654
141 183.59872886259654 182.773764532595
151 182.773764532595 176.72559633084256
161 174.61624759036104 172.07637933870487
171 172.07637933870487 155.42591489480762
191 154.75698832661033 154.25531522794915
201 154.25531522794915 146.83550683604903
473 130.24153367427783 127.30838894338504
483 127.30838894338504 126.95601884515693
1300 101.60020723432875 92.14201139785655
3126 95.81115264680317 90.28997754809437
5719 89.71505865136423 85.38160584105977
7454 78.52160188879128 70.24383466978907
12408 71.6367446450486 71.24028351328678
19562 70.6416072983915 68.3508098557818
20005 68.3508098557818 31.53203406018821

11 176.51320505573847 96.50530154315325
132 148.20870862562634 139.3345191842177
142 146.16162093163788 143.64455130970543
1312 118.28160315316822 116.4487503878572
2381 90.43047611000492 87.74237570305907
4802 73.77818221976298 70.03223542101713
5770 71.8380491358327 69.31252381970988

131 200.78792923395724 185.8730137868792
132 200.78792923395724 174.51441495948941
252 168.5983028951943 146.76921274055186
253 168.5983028951943 159.61124312937588
424 131.48930584368466 128.206474971154
777 102.68054605178301 99.29008082328859
897 101.02826829141789 95.91541220117736
898 101.02826829141789 98.48048934075297
1503 92.6990016072076 91.41894234639443
3389 84.29267553810728 68.67578940244849
6890 81.5871519273206 69.643416238347
9220 70.64176172065477 60.824547570051806
12327 68.6517499811444 68.47175855153128
67271 67.65691294317992 65.17052674312654

11 200.8957237161743 184.39785268256878
51 204.0377968772324 192.671714825008
61 192.671714825008 189.11129572240748
81 174.1164619943669 173.0588600411619
201 143.0465078237364 140.6216663412397
202 143.0465078237364 133.81935591790779
212 133.81935591790779 133.64676819596346
837 113.51607866875842 110.23811848811035
1613 102.37387665587958 95.6616317056805
3762 92.77428130161198 91.91251042291154
4074 91.8119455809641 49.92940059831999
5718 85.56932115807396 83.66770485610712
7342 81.77207853976178 80.01371372776626
9006 77.60635152361854 68.7943181891192
10287 72.63164279989147 60.21641908417271
44575 61.68716875058931 60.976414050210174
44938 60.976414050210174 21.891686949745818

11 238.52289870871755 145.82146983593282
31 196.6395217203335 177.1942204692857
81 188.26926668500812 182.07070033589412
151 165.39134831596698 153.5810505264849
574 112.68763135361259 102.51273727785528
806 105.11933216482592 103.4641722106962
3429 92.90473565378484 88.1695220992541
4094 89.3784211464673 82.878711343578
4759 87.13448702589517 86.18311258517225
6201 85.5659894408214 80.75236549507709
7522 81.2523585600298 80.34563420892584
16321 79.59614221238995 70.59715426464795
31719 73.62639780360794 66.28221042753975
34796 66.28221042753975 60.483606027507065

11 204.24214457268468 192.72745388511873
91 195.54251310957997 184.06344112509655
403 135.20523399098695 133.1580818477754
816 130.4621984834131 129.2631558077192
1814 109.70089222441483 109.58279796105923
1824 109.58279796105923 109.37565296488901
1834 109.37565296488901 100.91184735323036
8372 87.55596932944893 83.10906238376538
9603 83.10906238376538 79.10691320961678
12458 74.62147910006283 71.61834964531164
12740 71.61834964531164 40.72857866954476
15918 68.65174986590178 64.29866089383415
18309 60.69216853520852 59.12363235522561

21 218.53287087322872 139.2748946512398
22 218.53287087322872 133.20801772246685
32 204.5442035578725 191.72917595075455
42 200.19841746062554 189.65342849238561
233 152.17500055312254 150.0888748884143
243 150.0888748884143 146.93052324137864
263 146.89163630017384 139.59262197059462
1100 105.89462202050971 91.0487471973261
3481 95.52895764943473 91.05077667538042
6023 88.89588401898342 66.57978883837718
7677 81.58624406975355 74.80472993946245
9452 72.63170351430352 65.52921080033683
22913 69.64664820869612 64.71698934414042
24466 66.66189767975101 66.15880347657298
26645 65.66687778162523 51.04823838397001
27361 54.72248043389997 24.238512147371836
28077 46.762883977308256 28.699144303527746

21 215.46625861908538 212.44172953518796
61 204.2130779121868 191.29617328235975
71 191.29617328235975 184.1598230462112
151 165.10864774734304 154.3785314519483
261 151.01787857694796 146.15749472584446
936 127.15063746322863 111.74266243249266
937 127.15063746322863 126.99476805903912
1491 118.6691640336795 111.39390312605403
1662 98.95565254827028 55.29407703884385
4840 88.45898765508382 88.03032488898248
6696 81.58608218469018 72.09086432425525
8693 79.61145795002462 77.40187708782464
34212 75.61639243913808 70.61150237473605
36623 74.62143343589173 68.85503794515346
38277 70.61150237473605 47.497857367722034
45189 67.65687226119243 58.36193067417901

152 168.20569795649578 134.46436517910658
213 162.93050044099385 145.04389764332586
707 124.54187212563625 98.9282287565522
2250 113.00316378555641 97.03541648147109
2966 88.09083398775758 54.70047149966082
5024 82.59415957915817 81.40539436217469
6517 76.98941514104558 67.328147810248
9291 75.61647427202755 64.41963539061956
10310 65.66688891082798 65.16023945727108

11 159.06489399428358 151.38082023704294
51 218.70904713827701 216.5187005688406
71 207.23702669999562 201.25046568150668
91 189.36371411948832 171.99212785710105
191 141.78994374831532 137.94869982364975
806 110.43132503128275 104.52225529378946
3631 91.55387135273523 86.59775832384119
6143 86.9587119889397 82.79077893864573
10754 84.57111606692415 63.743940505465886
12408 72.63168312671114 51.432644281746704
35839 69.64670899279169 69.0057128862509
38462 69.0057128862509 68.66194303423086

11 176.26282240959392 159.28515045677457
71 212.69677571892268 208.89803476048365
91 208.89803476048365 208.73252861852572
171 191.7612623357905 181.8359031336566
181 171.01791787768502 149.75250200347455
191 170.39900372883244 164.97727413270383
967 111.71289331087836 110.2559159383857
1683 109.24171090924818 107.06553441463254
3519 104.53266382818622 101.20494006717253
4457 93.76590701971912 52.408497926691375
6878 91.76680785676575 75.95650422723061
8976 83.58198808037055 74.36992565562203
10640 79.59622593529443 62.260683005673414
14373 76.61135188365856 70.1094543079312
16572 65.66695430208968 59.174271221968596
17005 57.707398438946555 28.64314720943068

11 216.75538708160371 201.11488082351107
41 201.11488082351107 197.99974299962082
51 190.35987169607267 185.52903439576755
141 182.0161024357182 174.17109061774772
151 174.17109061774772 157.9950984417411
271 154.49912978784124 137.37661251720994
272 154.49912978784124 141.57838135953347
917 97.86096410284627 92.05634921119656
3913 80.3138915558211 73.97723776333788
6455 70.64495817842405 61.919324704701445
10935 64.67249630926668 59.777548053646726
20844 64.67193901772188 62.38072366911353

31 228.9303812296481 220.84815105622243
41 214.67470834556045 207.24372161799528
141 189.39096390870165 180.44673897645953
282 149.75468776584728 141.9699945229453
302 141.9699945229453 127.29631316583331
312 138.3604615739115 134.4335667857001
322 128.8330527070772 126.7427455028244
332 127.41312592425177 110.77721809248574
594 104.29399909242363 103.66053138433391
785 90.68818403926066 60.700106513229635
3539 79.92889325420623 79.16901052528334
4891 73.93537464128667 66.74596644944243
5819 64.68762527328602 53.02350905226571

11 196.21759146705492 127.16787335406315
101 188.3086659838361 178.50950713703827
181 163.07558482694947 150.83556009033106
201 157.25457573221902 154.92596657459063
211 154.92596657459063 140.2793959390412
221 150.83556009033106 148.02007938829206
775 121.42262890206095 118.94330778007127
2813 104.73314425182542 95.84342498260281
3448 100.9244783379518 49.89546310690505
4759 96.52961158011878 95.49486356783721
8260 82.58115809030882 62.26620625075034
10025 74.6215566015783 68.75601606613239
14575 60.69222982268124 59.376663230140466
15866 60.692153493205566 48.5861092850688
64938 59.697270700599134 59.04319596032062
67702 59.04319596032062 58.31409323076201

11 190.5033410075736 188.41622229556782
162 165.7782258767292 153.46585308941638
222 152.76028488787827 143.1225479835599
736 102.88369323774953 96.02638987052495
1734 92.96450567341675 92.39276638916411
1774 92.39276638916411 92.39021426043321
3096 89.44817398247869 88.26002036044848
4861 86.56906654290324 86.52445295783691
9139 81.5926140940837 66.24217202798863

11 190.0648073240837 188.98126773540582
192 158.65337483556237 154.95271907162817
413 112.89200118505454 106.30450022258198
1028 107.19947258227515 104.86967714766878
1522 99.3386262557896 42.84695110572076
2298 96.68193327454962 91.99221790625629
5244 77.41539820460031 68.8469566761799
10652 72.63158134144581 58.746442758250225
12044 66.66185431491087 59.003193623414326

11 187.2948647124295 158.70421859596297
21 199.50937420308435 199.21881629979066
31 196.4225670247946 191.20053789289813
51 170.20116561793458 162.5973143613565
171 145.52721566129708 125.78696915267925
172 145.52721566129708 121.56739531583449
333 129.16346598382867 128.85616095418126
1079 110.87209326206235 105.0786504172231
2118 98.21174360057131 84.64472699515919
3187 87.3439432119404 71.0803339314918
6395 71.38468453415287 69.57450257287951
8392 70.64168377195519 60.79622128825094
40208 69.64687174377394 66.31545427299949
41106 68.651831487237 58.945261982499815
43769 66.31545427299949 51.25387654462796
58753 61.68712813333629 44.606829724372716

11 201.90193135945594 171.3625747633424
51 217.70981425856192 216.99095531673038
71 212.49580006514563 192.6533877111765
181 167.14945790803375 130.71883974343982
281 149.55368502745574 142.30210526153903
391 142.11457071774146 132.02876167435772
1349 119.85121333666356 114.39441077307812
2307 105.89262698034388 104.59210533419898
3699 98.75422662533438 85.59251239624295
5807 93.52561916079141 62.31470496933877
7653 92.53062792796032 91.27604488139474
8984 82.58123397157738 78.80813258145999
12051 73.6627638222497 72.47653043820559
21728 73.62664222124978 72.72248362724889

31 226.66446601381676 212.06021266339332
131 179.39658491263103 171.7673929477178
332 150.31207327728487 148.7723363335599
352 143.1440935213593 141.90073101420535
472 138.55094947706186 107.98875380770198
473 138.55094947706186 106.82173744297297
1804 108.63580415133234 107.6247433593143
3307 99.03387540290801 89.64697063420775
5385 92.91196526980843 91.47437134773949
8462 87.56334544102924 81.15977135306433
16686 87.55598796146384 86.63362347775265
32498 84.57111577739289 72.5650914271935
35666 80.59128459804847 55.86462088863308
40287 75.61651455996218 73.00521227715478
65806 60.69229055478259 56.69462850781355
66199 56.69462850781355 14.35057817980524

21 211.7114445768758 205.48296998465798
81 198.86833788100523 192.77196647302236
91 192.77196647302236 186.8657666121655
111 186.8657666121655 185.0317153767607
121 185.0317153767607 160.17394687750613
231 166.82931419024442 163.50028982713155
432 118.57974872787688 100.51672520471479
1188 108.19320344967679 104.60733542009771
2842 96.99016352086569 85.24115983920768
4850 90.45725255927371 85.18121411237871
6716 88.55070339505102 82.53264571618297
8552 82.58118211088973 81.51018630059141
46574 75.61639249115993 73.49990885076862
49681 73.49990885076862 68.08016180675136

11 294.3166643518156 204.09313687300008
31 242.39213748948646 230.85896777274155
41 226.7130554153593 216.13828945734915
141 185.41171462231114 165.53395121657692
151 184.93184831091295 175.88406077509353
251 174.55926825878353 174.38559125344486
261 170.04038230615447 168.87229321142559
322 168.64727095432147 165.13020368181355
332 160.176902751478 144.32902246036852
1411 116.05256973406405 115.89239519820369
1421 115.89239519820369 115.84400069945629
1431 115.84400069945629 91.83002146772583
3065 106.57220489174597 100.73045835876476
3841 99.7910309999574 93.70073313543953
6827 77.60682868312824 76.12013429996409
8491 72.6314406589942 71.45205388162718
59893 66.66179124888717 65.6179785637683

111 180.6052481066559 175.4726795753618
121 175.4726795753618 167.2574798341325
131 167.2574798341325 165.28166728005073
141 165.28166728005073 158.88858507732087
151 158.88858507732087 148.19469020989047
372 130.3481360532809 95.69240444923553
373 130.3481360532809 93.27689429824132
796 123.53574724813743 104.94279107847647
1926 104.98288723900548 59.74316410238623
2289 103.09071082638555 100.15178542374845
3822 87.05805028227766 80.21856372532804
33196 79.59634576123207 75.68720315454001
35496 75.61643803986738 66.18336946468386
37493 73.62651997136722 64.83739778152024
40479 62.14369780723792 52.69562723392887

41 210.96692858749745 209.32513148693613
51 209.32513148693613 207.44879906608293
141 183.5609888778265 171.47191740067754
352 132.80388085786592 119.36767652741888
362 120.88929541537968 119.00087860332918
785 107.71429469718458 99.08812674383921
1864 100.5332424525623 99.56690441455791
4527 87.31272713985507 80.05955808701249
7392 78.60131120683843 72.76184157734167
41650 66.66191328931303 61.00943415670132
42184 63.677101924319274 43.15371167550616

21 208.222055675028 191.54493114570684
31 195.9196194720047 192.0526327758227
152 172.71235126049658 155.63357084978225
333 135.45541380267437 65.95663142076745
787 101.33379827886225 99.32733988030186
807 101.33363065968781 101.2937797864565
817 101.2937797864565 99.22800022068616
2199 95.37053938298166 95.22061160269962
33561 80.59118271931746 77.01728774707155
56628 79.59614715861497 63.17936186104703
59675 77.60631061550501 47.91248186362071
64538 76.61147359133754 72.6805300708572
83720 73.62664200483816 68.17692486412105
85132 68.17692486412105 44.330173320274454

131 171.82121612052026 169.16460650267712
162 166.10588853368878 163.7958231116836
182 157.9956331232872 147.67430035321777
192 156.0236789622785 144.12792261913404
545 127.01795331562754 126.89193850368014
817 117.54401356585532 117.05381749960702
2027 108.59160806724684 96.52298435938131
2511 101.80105693836299 99.18034478864517
4589 68.96065374774909 62.788202659522675
6586 68.18669022005216 55.87663562993986
8886 61.98837260137089 60.863548769190814
14112 59.69723023758647 56.90329788925819
92690 59.69723015459872 56.90191290875629
98199 56.90191290875629 51.69302012319325

11 155.71158236946684 133.98360047236497
81 185.2248762070459 168.17967672611195
585 126.20572256698415 116.18420947887535
1008 94.53543084092206 57.66570199807694
2410 92.34257780591533 92.33485792977103
2420 92.25022128160029 91.16232323683865
4851 83.71041837276563 80.95505129449009
9714 76.61151437250174 74.66779775418831
14456 61.68718910896394 55.264105613481334

11 197.92698100627882 196.64933615392016
21 215.54788718348286 207.23984692121715
31 207.23984692121715 204.21343342885945
41 201.65852625423653 188.87908367991224
141 183.51783386787503 176.1753135337097
373 127.87527653361795 121.03403192286686
625 119.28750611146492 118.15837339212962
1260 102.06558037959977 54.54000761144326
2430 90.0220457408573 88.17994216817762
3973 80.6654317103492 75.13544129143783
6293 69.72370268535838 68.7419979338318
70652 64.67195408605164 60.467399380063796

11 205.53643658403297 191.51085227243533
81 193.29743936223318 174.91248422230984
272 163.5581757564916 162.80225451270798
947 115.15326235855518 98.57073399692331
948 115.15326235855518 112.9118954516325
2713 97.4244457992029 87.73893774897346
4438 96.51562753383848 93.31828122477349
5386 86.3658271261126 72.77701585087823
6364 85.57247652280114 84.68808327405031
7322 85.56583150650356 83.49041766134465
9430 80.59122398174111 72.86122603067597
25666 70.64183070424028 64.99323751515254

11 230.84224226070427 165.07138682050015
131 180.75408877733054 163.83042858139743
132 180.75408877733054 137.97600581759744
202 156.6904593676948 148.84116026592233
312 151.4469414835434 143.96154464517755
654 132.12129121199004 124.64018337979869
655 132.12129121199004 121.45591430185289
1684 122.84478799490478 118.37652661002735
2995 110.44874006566225 99.11787576138313
4387 83.84679790214639 79.56413858032158
8322 77.60659868371982 74.89548849813201

11 230.62723905231738 197.2973734442778
21 236.91183221705705 232.24304569475322
31 229.11607240324486 208.8742216059519
41 217.24036296001992 213.10961757277892
51 215.1818432287513 207.16369608850533
81 212.0691030539883 209.60740052136003
91 205.19755479983104 187.75742456105172
302 175.27441149459037 157.3158900779511
423 158.38200364539512 153.25909350600412
614 132.65931253035686 129.67817298547405
1350 121.46194315807358 111.88992318665818
1763 117.61850901588319 114.15909186899228
2721 110.70265289431887 110.57431119840116
4385 106.62086176713215 101.16438908085097
6806 79.59711903763673 76.84823302151668
9792 69.614545410614 68.32228126711587

11 244.5982815048124 187.48966393199578
31 218.8424262781899 204.64694449555196
51 204.64694449555196 200.83062424096335
71 197.84087542556767 191.29481134322927
81 191.29481134322927 184.36581573557208
201 152.98303546974608 123.74016240152413
202 152.98303546974608 123.90306693555615
212 151.09803452756532 146.92468268301576
333 147.73437353330513 144.51330171238465
908 130.71924364847465 130.5592276022276
2088 122.0483671729452 112.17612186419407
3641 111.6809006506979 103.35126222467959
5487 92.26013535237071 72.76135066668176
30472 69.64676967580218 67.1478963652836
30936 67.1478963652836 43.15521190720916

41 218.22746949703327 197.53987527517205
81 193.0767391914091 182.9801054156182
171 156.1547260419167 150.40116163413853
796 115.17695179910282 115.02359078255431
2834 97.55044409646807 84.17272471312104
4054 89.92734213381331 89.85283538698266
5829 83.99012468987752 77.56506632486068
6081 80.59162059429299 40.88386995813765
6262 75.83306660584684 40.15036953025612

11 230.27376817085468 144.30254119595222
61 215.9119258910972 208.35129384839877
91 208.35129384839877 197.409590705128
101 197.409590705128 185.86004399320868
121 180.16479310947398 175.1174377548918
232 160.07355063391535 155.474488152441
716 133.08775587451714 132.37134338924676
2300 114.26378825112222 107.71384804913541
2824 105.19827399621123 100.52951570668537
3277 100.85150489354268 97.47891125930784
3278 100.85150489354268 96.53520123945958
4105 92.27437501080793 47.3120079183215
5870 85.57165036519022 78.6649109023177
7353 80.72976964619536 76.83618999625693
61420 71.63664744255092 65.93995433593615
62600 65.93995433593615 64.88310938065061
67110 57.70741843156777 37.543481091650264
74577 56.712296677386846 50.960085219087794

11 213.53494831526788 208.3636233287541
41 220.02130106681295 212.41028938766823
161 182.31898638651313 165.02519333770783
162 182.31898638651313 163.93804478310648
172 172.95955269664458 165.482587966197
343 159.7637502152692 152.1912391328522
574 129.45936630797374 110.29401815552072
575 129.45936630797374 111.30323989027131
1129 116.02679584108219 113.94739587805749
2087 108.52769007172168 98.88895188017545
3640 97.5615453726234 92.42436126599749
5829 95.84820489541734 93.40506075977228
10874 83.60856635109488 74.9801508780262
15182 76.61147356485819 62.033502428594915
17381 72.63152044658403 59.51341429365392

11 218.81416237469915 195.04952220794303
41 210.53412287005045 204.7723295745434
111 170.15637301242282 156.1964572017183
817 128.17350137678017 126.02382200781648
1200 117.748194356543 114.65870040786196
2299 106.0726642627427 94.78988834162944
5053 86.60862121800537 56.95418684959765
6465 83.5767340892281 82.09121883641866
9330 74.62157619305924 67.76585724218546
26706 71.63674411475586 61.362718121074664
29914 71.63664284967373 68.00902415343904
34343 71.63660686501305 71.1628303093481
35977 55.717439556295915 49.41386514554745

21 203.30891506905652 198.6260868705955
81 183.5227797380271 183.11908006376441
181 166.21322849599997 156.97275515454973
1230 94.15327348038683 85.91172678236214
2138 93.32604220769441 78.31398062893203
3873 81.87752831517372 78.18100810033337

11 138.9395448889523 135.3847639527816
21 195.92649959704062 187.56522971233102
31 193.54650638638117 186.02982412136402
41 186.02982412136402 178.84926091771325
51 180.89883269994053 176.91740462484302
161 164.0717487731806 156.2034383408935
261 143.66130864792956 133.3879124123696
583 113.26418307104889 109.45837375577807
1359 101.25317154799689 99.48626594944696
2408 80.74563534588097 63.642018249268794
3881 77.75651985121351 62.50780380389651
4082 77.60820267017547 44.50527423086253
6069 76.61267692042476 66.93481049006627
7804 68.65193284659594 52.641963253318295
10932 65.66697488392629 52.04667970266288

11 180.8822168597431 177.89105281827258
41 237.9070867882819 219.473237004204
161 188.6776583743484 150.4544612963492
162 188.6776583743484 161.5243551020165
172 182.63698804452815 181.49636178699558
303 154.0914462703856 138.8351261833629
424 138.5208059840799 135.14668783830402
434 135.14668783830402 124.0990411701767
444 134.6253927286665 131.59366133924956
998 104.13936843421428 94.51248188060225
2804 87.65528743065579 63.680449924453576
31129 78.60135079492039 70.2969986020755
37385 76.61139211924582 72.74371210439858
39251 66.66183684596466 59.025462012575076
43135 61.68706678751053 58.34588968125721
45859 60.692148310455536 60.116752081038904
54143 58.702331839425206 48.13581248397268

192 157.04798558254885 146.31382934347715
202 155.88869734115204 150.43300601751417
454 135.44232877875487 123.2739615609214
685 122.27606282902178 119.38367370935427
686 122.27606282902178 119.33888127873942
1392 108.8601086653724 107.63885334872347
1432 107.63885334872347 47.82909165896275
1442 103.25042798285915 100.1622233286261
3056 96.66918276884908 95.98286827488462
4286 88.88438355085667 70.03176582012992
4287 88.88438355085667 78.13417515519238
5820 83.58186091957027 76.99490712434655
6152 71.63886837345453 41.54695531500066

132 168.48654974224422 160.78652366340606
303 128.4909734073566 116.73191385982608
1816 94.49569759508468 83.23744494121283
1826 94.4158293387208 94.39308227513828
1836 94.34653951429748 94.33542518908813
4832 92.53167443483419 77.23289975307257
6093 92.53052166648831 55.063612725350794
8010 86.56101419033558 66.77897556200156

