pass_rich_deceptive30_step0_poor1rich9
eval_cnt worst_rich_fitness new_rich_fitness
11 -0.09350889597414742 -0.10369633572348737
132 -0.12376866459960181 -0.12456999943105707
142 -0.12792697901154912 -0.13279744900986556
6347 -0.21705954093378274 -0.23934560879386102
28375 -0.2349889202168536 -0.24628305942147558
30907 -0.23608479167563873 -0.28069087202044746
32087 -0.25082269995236234 -0.3879988479458406
32419 -0.25283919140703964 -0.39975981005908806
55587 -0.26571637684505495 -0.283138674985239
78271 -0.2698139444741176 -0.2717608455106736

11 -0.09866330885716523 -0.15982157124364682
41 -0.10591146311096027 -0.11316081963781005
383 -0.147858843493953 -0.15114280307657002
2704 -0.23002828381806617 -0.24887542278415165
26024 -0.2659747001057438 -0.2698432077052146
46276 -0.27391424416712207 -0.29324996259954145
71816 -0.283393486253715 -0.3061689267932149
88697 -0.28944706556176514 -0.2956137800659806
93218 -0.29022981189897595 -0.29673753945552445

11 -0.12344350194091319 -0.1287098053450625
131 -0.12957507990545805 -0.1393376351952638
172 -0.13759205679815406 -0.19455179960868016
847 -0.1605490006971146 -0.1862064247831216
848 -0.1605490006971146 -0.17610402532407055
1634 -0.16245980477627545 -0.16380895670986967
2078 -0.16254613480448993 -0.19885479065549475
2079 -0.16254613480448993 -0.20679148612853385
9404 -0.2099824544171044 -0.2474607557819401
22562 -0.2656668086526038 -0.27240058795214256
45014 -0.27371443626115055 -0.285790541474842
46305 -0.27596527099359763 -0.27727445290994956
72067 -0.288158886746886 -0.3259540810491974
99029 -0.2995501487559164 -0.30667634544473277

21 -0.0832871522606858 -0.0870684052241365
41 -0.08617101664094368 -0.0947073332822905
161 -0.12686355066051658 -0.16626098518360882
162 -0.12686355066051658 -0.16030603275157077
172 -0.1345600445301964 -0.1349840661108891
837 -0.15796328226463613 -0.19092821984825745
838 -0.15796328226463613 -0.17303566113368105
6619 -0.2050812454092619 -0.21244874318812196
11604 -0.20621281560480645 -0.20834321233034375
16820 -0.22078333113946075 -0.2338462039014827
43601 -0.2903736919794052 -0.3173681378174831
70362 -0.3019377467628208 -0.3145088590036147
99787 -0.32903307021728545 -0.33062657088937186

131 -0.10571048526725317 -0.17629979453388078
132 -0.10571048526725317 -0.15377130314086945
3794 -0.21082295633958223 -0.2157616768794181
9777 -0.2127089458713413 -0.21617219877845617
11260 -0.22242914007138398 -0.3194882369922304
15437 -0.23321907123559463 -0.2567034756910661
17838 -0.27697364401497476 -0.28764731868733234
43711 -0.28709331757070156 -0.2895728587071448
44154 -0.3008509383735109 -0.42854377955800976
46484 -0.305616364954043 -0.3181677251752221
48451 -0.3132740499176754 -0.3322982078018683
77916 -0.32075577830680846 -0.3250638689191246

61 -0.08063191405937914 -0.08529402992995407
101 -0.09203794226430542 -0.09238171974804152
181 -0.13359413104537352 -0.16993903711870897
182 -0.13359413104537352 -0.14783127775094682
3380 -0.1969969956803344 -0.19792211407165816
25569 -0.24518880675896562 -0.2486130686599126
48283 -0.25851465838115634 -0.32457201415089154
70775 -0.26324959268336656 -0.2882892748840746
75739 -0.26856557179232327 -0.2739837798172462
99614 -0.2865628440924782 -0.32035586850142805

11 -0.07511384438129325 -0.09637943522149625
131 -0.11771431876832143 -0.13058673685550976
132 -0.11771431876832143 -0.12287858719706511
1029 -0.1910692303252961 -0.20236408015839688
4016 -0.19702042918222368 -0.20272922342740954
5357 -0.20154586204413344 -0.20597093335684083
9101 -0.2027938226966934 -0.20715022825899887
9454 -0.21494722437145683 -0.341604365962698
16214 -0.22727666888348022 -0.24086807434027888
29745 -0.23364693411099127 -0.27103658747577014
31833 -0.27103658747577014 -0.28879028463247713
49804 -0.28074800863340976 -0.28116923129264326
75616 -0.29351440349443286 -0.29839910571544903

11 -0.0805390826593128 -0.10661344314386134
131 -0.0919934055289248 -0.1394417008068406
132 -0.0919934055289248 -0.11031191610741663
787 -0.19973162513135026 -0.2269191785137587
3854 -0.2129013988037498 -0.251741960564923
20382 -0.22977169673845266 -0.2411082655053623
22026 -0.2447601697231927 -0.3186428695920414
45224 -0.2669369390890395 -0.27353229435527543
73508 -0.2837058834777767 -0.2924322407750163

11 -0.09923294008904317 -0.1228295159049966
131 -0.12215932483371779 -0.15712387831507443
132 -0.12215932483371779 -0.147368832064377
414 -0.1421729847305659 -0.1579977036719331
2754 -0.1776960602452425 -0.18567786563372654
3138 -0.17772255184194596 -0.18820617749991417
18738 -0.2354399994238667 -0.2400428463272702
28768 -0.24852907167531266 -0.25681478374323874
30634 -0.25499521375973844 -0.31721354530980056
54287 -0.261032388783074 -0.2670389809810432
80553 -0.2754076084948611 -0.300179946973724

1181 -0.20453169747983235 -0.21456568109042676
9576 -0.2194906954286453 -0.24722766599423032
14893 -0.22052098553150593 -0.23333713478471593
35750 -0.25688401749532336 -0.27579847108016364
47748 -0.25867117047595195 -0.2812536276938079
48968 -0.2812536276938079 -0.3004286883321303
67121 -0.2873872637851175 -0.2930001342658266
87706 -0.29312590492570234 -0.2942857186106855

11 -0.12050606642967751 -0.12117451309771973
5076 -0.19807362351661956 -0.20496508690449408
6660 -0.2284323572162856 -0.23137065804570647
30999 -0.26159615652584756 -0.2767597817286115
57255 -0.264148280058592 -0.27402364576041355
82663 -0.29408801751348124 -0.31591150144188057
83278 -0.3017792056585402 -0.39431177356541286

51 -0.10871342448236034 -0.12073310525531428
52 -0.10871342448236034 -0.11871217016210853
213 -0.1383438911315493 -0.1525725645528058
333 -0.14212457302076156 -0.14926226380247648
334 -0.14212457302076156 -0.15270018482432662
454 -0.17937913754070237 -0.22204971752676528
455 -0.17937913754070237 -0.2229142580891466
465 -0.18112950049423024 -0.18417504184470643
17972 -0.2151854221612381 -0.2219932478116521
26720 -0.2414875021144031 -0.2439457334364255
33006 -0.2528057341040232 -0.25745545126285957
56739 -0.27182370338985024 -0.30016734501441356
80684 -0.27705603154937875 -0.27896743542321745

31 -0.09413604008757405 -0.10978166530407889
262 -0.14445328375930389 -0.1516143943360694
263 -0.14445328375930389 -0.1570712605573704
22917 -0.24536953925926647 -0.2501783655930907
43189 -0.2853936157178378 -0.29578699202384334
48607 -0.28805391361486227 -0.2918848210488869
50604 -0.2901789852714404 -0.3211704774388517
77698 -0.30494834485731004 -0.30819631271177705

21 -0.09561396135231348 -0.15776757213471937
22 -0.09561396135231348 -0.13955839212742543
142 -0.10917466701127292 -0.13330885840953835
143 -0.10917466701127292 -0.11496780728497336
374 -0.1445359111464748 -0.1887127369594
375 -0.1445359111464748 -0.17094946776998043
606 -0.1829931955392235 -0.19869184759957179
5521 -0.1864934620171674 -0.19761752893184828
5964 -0.19761752893184828 -0.27063585242447863
18658 -0.24564126888168467 -0.24900968133653847
34096 -0.2510138857579668 -0.2544686841793179
34964 -0.2513243242779376 -0.2523233960637943
53400 -0.27549092773249056 -0.32833451504052397
75347 -0.2762118696882887 -0.27718991448371466
99696 -0.2770917770094246 -0.2969518312608065

41 -0.0827687428091762 -0.12365368281157901
42 -0.0827687428091762 -0.13060035568643982
162 -0.14020920562859995 -0.21258152315849319
163 -0.14020920562859995 -0.2200551341321495
10183 -0.2049029492951033 -0.22405813701632996
21716 -0.22417860514230964 -0.23643283481700927
40797 -0.25088538178261977 -0.2786729800167083
67679 -0.2744387707888295 -0.31885874148611576
92290 -0.29691473837017496 -0.311638752364585

575 -0.16218249957615744 -0.19091879920040214
576 -0.16218249957615744 -0.1954926506269078
1756 -0.18255109477096937 -0.1849370618809164
3430 -0.19094362465090037 -0.20493964182974403
5095 -0.19577835896836512 -0.19606724714991344
8637 -0.19594061873051719 -0.20381765799202556
9888 -0.22163093806951725 -0.30871221934489823
9958 -0.23973152080008753 -0.4066425336822936
29948 -0.2752705586763897 -0.2769278244833807
53308 -0.2945277570515294 -0.29487347977154027
53913 -0.3148038802319299 -0.3959781504021554
85003 -0.3207761281328284 -0.3370936691189425

787 -0.18482149086589966 -0.19211504030857707
3238 -0.20108730153708307 -0.20687169056749913
5539 -0.20113138216978615 -0.21127016308075452
28838 -0.2525495157555953 -0.2678263418445772
39059 -0.25898858089968985 -0.2761252635137919
51804 -0.26021067288083405 -0.27224546059840987
56566 -0.26537158765302793 -0.2733891461805192
72610 -0.27512363558595493 -0.32143122919247213

31 -0.07509938396364746 -0.0819868265318866
41 -0.08561877001858792 -0.09277440637584827
4339 -0.2087852906599097 -0.22262447067337457
11291 -0.2172682332941745 -0.23554103893333578
28455 -0.24167155708590438 -0.25511105611244694
44338 -0.25290538073805324 -0.26965990916687205
47879 -0.26965990916687205 -0.2718743517745043
47939 -0.2718743517745043 -0.30519618736604504
71703 -0.2807939173159496 -0.29786859488723394
94760 -0.28458980392200517 -0.2883102263333128

101 -0.0937306274045475 -0.09945374918305346
212 -0.0991828502827811 -0.12305478897664111
213 -0.0991828502827811 -0.120477588281836
747 -0.16390796194404203 -0.1649331534499511
6518 -0.22210515111171775 -0.22690317290931142
6790 -0.22690317290931142 -0.3399645814528755
27012 -0.24534461563257093 -0.24712967644159115
49282 -0.2492952216482708 -0.2828977417066479
77243 -0.2885580830953714 -0.2908717593313997
99997 -0.29084787370171616 -0.3408084949239411

101 -0.08512313777626711 -0.09272161259370577
443 -0.14476529285879214 -0.15916593107274432
554 -0.14795252449212284 -0.15606189503356444
867 -0.14867374029297445 -0.16104085975252258
6638 -0.20637395900823272 -0.20752890779758398
7031 -0.20752890779758398 -0.31472688486390643
12994 -0.2144911352885479 -0.2165714927686855
24749 -0.21961584457505737 -0.23122396793132247
49068 -0.28136020663709954 -0.3202148072496994
73568 -0.2954675119743911 -0.3247997848612502
73588 -0.3072389027132576 -0.5021051156229429

11 -0.08076949265026191 -0.1400117678211479
131 -0.08868122540265805 -0.08963282203093502
132 -0.08868122540265805 -0.08999129939693491
313 -0.10871668090584581 -0.11167752204540322
2209 -0.15463605326216662 -0.15488043381717786
2401 -0.15467466760030738 -0.15616206642587244
5811 -0.20305988183189483 -0.21071230416664613
12662 -0.20571423146808632 -0.20836244774867127
14326 -0.21572027495954357 -0.23251569337158062
20975 -0.23189122433663695 -0.24456783360976966
41832 -0.2652531089051336 -0.2711065462681449
70540 -0.3031297567946608 -0.3239602058267877
99642 -0.32049836398736287 -0.3364469241747335

132 -0.1244572988341699 -0.13694973685428308
252 -0.14657358437460777 -0.14969494947967357
485 -0.17690754699742822 -0.1770230845872562
17084 -0.2239262644756627 -0.2564720064996158
18325 -0.23367619407277337 -0.3142810811211556
32391 -0.24870395866185283 -0.274216342609799
55822 -0.2840383867719643 -0.3270018114754094
86165 -0.31826594674708103 -0.3207423920621399

11 -0.08618378059700606 -0.10607884559701931
5177 -0.1995971725417669 -0.24756489680647023
23512 -0.2759967880425538 -0.28305474504724454
46932 -0.2839440799139222 -0.2975636185344555
71129 -0.29483745769590325 -0.33270841877261387
95619 -0.29870377902820316 -0.3238824785207007

11 -0.060395068562525384 -0.13496471609786753
91 -0.09425744399899995 -0.10478656366727403
131 -0.11140863821646094 -0.12846541724273897
1250 -0.16549823088641583 -0.16875821696477547
1583 -0.16636993000788913 -0.22852252599117126
2451 -0.16867660707936524 -0.18253148458899254
6779 -0.22321995225893349 -0.23648657872182804
8292 -0.22726648556168363 -0.22858049314354936
26334 -0.25352405224073093 -0.2646222505869172
48140 -0.2749703489328522 -0.2891370854620665
75990 -0.3009746481925838 -0.3082976321229651

11 -0.10945057851295437 -0.12180699596712946
101 -0.10715741409058936 -0.10912068702373635
221 -0.12173156899504287 -0.16112664616804798
222 -0.12173156899504287 -0.1445929856165048
2562 -0.19266110338965825 -0.202150471210852
3168 -0.19283997956414173 -0.19321656287896138
9787 -0.21130828061743429 -0.21628631212023527
10069 -0.21628631212023527 -0.32174271088909334
10452 -0.21641329498651884 -0.22000984319619293
28211 -0.2561048795711324 -0.2608375001103939
49492 -0.2774695513699959 -0.30454295090269445
75496 -0.28811875451149843 -0.2921866099073195
99915 -0.3015878281878381 -0.307615243129965

11 -0.11541011904539855 -0.1185370755983743
61 -0.11357450197811311 -0.11527405337954197
182 -0.1362502951766411 -0.14151445977546578
958 -0.18795288538890884 -0.20003891751277317
969 -0.18795288538890884 -0.21772186712467934
2865 -0.20783601483394745 -0.21321127223871575
3067 -0.2083414791103751 -0.22803808875292056
10927 -0.2402132281667133 -0.24157164243111856
35609 -0.2859600692786086 -0.31372448445302126
61794 -0.3157004894211261 -0.33177998699192196
92318 -0.31843658859426605 -0.31941854639549505

81 -0.09737703181080506 -0.12249839870525714
2189 -0.2094050622874132 -0.23091339716124223
5529 -0.2122247726385877 -0.2531820405073006
28092 -0.2530742699309895 -0.25675046162670784
30715 -0.2583171797585269 -0.2679968833321663
54408 -0.2632097321204659 -0.285472733854263
76426 -0.27144616036798136 -0.2910885964052732

131 -0.11786321652159656 -0.12697216612269877
404 -0.15814192361488474 -0.20878421562531632
1059 -0.19112794496930408 -0.23683665985438218
5175 -0.21741284361487748 -0.22501709957304084
17476 -0.22138570208938813 -0.24408951427987036
40331 -0.2520085082931931 -0.2926109654096276
46849 -0.2612306069908908 -0.2712856671070258
70098 -0.27379344597106847 -0.30962985054725234
93751 -0.27589431772600387 -0.3226593310525489

1564 -0.17018696472723793 -0.17890576562811683
3460 -0.23586622819689113 -0.23730795412798505
10211 -0.2389117053643938 -0.25581202789139673
26366 -0.2532971817857541 -0.26461881787453406
48434 -0.2717330596249086 -0.293859080462874
73641 -0.2830592993853692 -0.3290974829250583
79402 -0.28582018756526734 -0.2869505996309218

131 -0.10884433059260165 -0.11534508705845652
132 -0.10884433059260165 -0.11090882453892564
2694 -0.18103652440385964 -0.19802998696515017
3683 -0.18312607995822544 -0.1884025064169336
10978 -0.20270590068629965 -0.20574264214281712
30967 -0.23672823473129453 -0.23886742849175713
33732 -0.2368046248764982 -0.23904095792348137
57001 -0.25265579437382424 -0.27418875307462204
62591 -0.26411536789525 -0.26480778751457745
76526 -0.2759209408074516 -0.27854723501915846

11 -0.0771958003104555 -0.10528056585790381
131 -0.10518924134168717 -0.12092177438452523
142 -0.10518924134168717 -0.11241686637316502
3582 -0.18887067408803435 -0.19197207437053496
4146 -0.21567803493893084 -0.2241234791938252
4147 -0.21567803493893084 -0.2193641679826529
8445 -0.22764291933906283 -0.23270657517794618
10089 -0.2436987757844161 -0.26934272867322295
10532 -0.2444382881957436 -0.3783293655397514
11641 -0.25591135450056285 -0.3122834628937886
37221 -0.29490172982487517 -0.2991132888783506
64355 -0.3042800222290774 -0.31973585495847423
89834 -0.3060435883307407 -0.3465703303275277

11 -0.11644330481481473 -0.16528615639237187
798 -0.1773059310664602 -0.198786731347306
939 -0.18744453774513561 -0.18851114264976657
2280 -0.2012595710718552 -0.2050404879823384
2745 -0.20290347472657144 -0.2282423812660577
14097 -0.22488744196110216 -0.2261167757672803
16195 -0.22786270394182379 -0.25584299097044666
41735 -0.28341105371758346 -0.36032237395225575
68011 -0.2960061714123499 -0.3138923191523466
95094 -0.30350892884584374 -0.30405050752329876
95235 -0.30405050752329876 -0.43926240077690215
97152 -0.3187530051989844 -0.40128652621871796

11 -0.12229779375447632 -0.1621057133785831
131 -0.1339368425371909 -0.17147657076260406
132 -0.1339368425371909 -0.1732994049862993
474 -0.17766983605580566 -0.18040963535082805
8900 -0.23291272908377034 -0.2341633162027852
27124 -0.2424806185898619 -0.2513339495821074
28546 -0.2513339495821074 -0.2996375956609694
35014 -0.2626256548927474 -0.27422958995092195
59625 -0.28902838479065457 -0.3058333224804506
84499 -0.31620770767352535 -0.3225533826924713

11 -0.0808855638654147 -0.08597221909541995
21 -0.0808855638654147 -0.08102895301787158
71 -0.08589379507007444 -0.08855683726737468
81 -0.08855683726737468 -0.09228583472683559
121 -0.10289360441429517 -0.1895611712041368
181 -0.13554733387986354 -0.13657660834490143
4822 -0.1938167687044595 -0.19723639196915937
4882 -0.19723639196915937 -0.31772457991337794
8605 -0.2138999500955044 -0.21821855546524888
12832 -0.22101153065973253 -0.25250052398116607
19714 -0.2217910195734474 -0.2327175050752992
21218 -0.2218627423757846 -0.22871240791152028
22378 -0.22956637097035917 -0.27397223001852755
27211 -0.24882186056541428 -0.2930036880212822
28502 -0.2539791271203221 -0.27847248437179756
54253 -0.2833218824172192 -0.3031556741395961
77361 -0.30233788074345136 -0.31274277396871886

21 -0.08256950686487619 -0.12319838174304598
22 -0.08256950686487619 -0.12425517831346819
1172 -0.16054064609053395 -0.16430857648081673
3623 -0.17416754235376847 -0.1742599541732427
3956 -0.17444301713887211 -0.24602097985100166
4037 -0.1744706223062926 -0.18174373144053052
5701 -0.216874526476471 -0.2205578085670947
32512 -0.29507918560413915 -0.3001958862304168
61099 -0.30961459619934667 -0.3398390342804682
91967 -0.32661604173804476 -0.3544226383917667

11 -0.12626706104912408 -0.12959247725777703
575 -0.16003597561378613 -0.20008918509979806
576 -0.16003597561378613 -0.17060258079105767
4359 -0.1801566099864814 -0.18688166915145055
4955 -0.18018830542304454 -0.1896261994900591
6408 -0.20062713628631199 -0.2076041858626536
13421 -0.23098081895859707 -0.2392133070947445
27053 -0.2493914923442639 -0.2754088224462655
49838 -0.2710502030096761 -0.2766458340443796
73602 -0.30474229022021343 -0.3201731556972661
75418 -0.32400081164178923 -0.3511196235929495
89081 -0.3306235845768046 -0.35027908781317263

354 -0.16643716068089798 -0.17377373910344732
4218 -0.21606117166330968 -0.21738323362914208
4863 -0.21691433969410312 -0.3140674818547586
7829 -0.22718171182605026 -0.2338035284280499
9574 -0.23804966030018368 -0.3008229810098827
28575 -0.24562184885347896 -0.27074226607850715
57424 -0.3016013258227769 -0.3044013765622352
85335 -0.31452204117457316 -0.37559108047990253

131 -0.11256241081409898 -0.11627747009204362
242 -0.14090362110343738 -0.1571511910801841
243 -0.14090362110343738 -0.14447103951607032
444 -0.15919292818489342 -0.22359378520567513
4005 -0.21422885604543718 -0.2295509499676957
6710 -0.21549316363302118 -0.21982831016364593
11926 -0.2455889197900682 -0.2516012407929019
16416 -0.2470265695391787 -0.25827227828039506
34448 -0.2522224452844805 -0.2602425938212178
35154 -0.25881662925242505 -0.38761933686982936
60139 -0.28869509402781085 -0.3164017690997871
88050 -0.3111890608810454 -0.3501242513851374

131 -0.11386444689467433 -0.1393950183395674
132 -0.11386444689467433 -0.13938456007778446
717 -0.17677719987800083 -0.17936374833307467
3179 -0.19296648472420733 -0.19518417303553037
3996 -0.20200064871903478 -0.2955763527162262
5781 -0.20916427054784015 -0.21670699875401347
6891 -0.20952677708956968 -0.22306497202300254
10211 -0.2105223621955412 -0.2124863929772658
21351 -0.24888915400196324 -0.25740484140308184
45871 -0.26926287110215275 -0.27791733716399614
71955 -0.2773863900925891 -0.2827926177244631
98554 -0.2903056850339273 -0.29781934682199795
98997 -0.29781934682199795 -0.4633844003528983

5661 -0.22204902704183713 -0.27087271495955995
6942 -0.232358857241259 -0.2867481259330669
14570 -0.2515745906656054 -0.2527398382407532
15104 -0.2527398382407532 -0.346115086384834
31027 -0.27086446481444537 -0.2948607563102946
57535 -0.2860891538116152 -0.3061405614878101
85961 -0.34757353774778543 -0.3608170277724107

11 -0.11376206284896803 -0.14564930406509477
131 -0.12118155157850567 -0.16004048646564667
132 -0.12118155157850567 -0.14858808760618386
4097 -0.18912378800367513 -0.19240277363034927
4258 -0.19240277363034927 -0.29878522372559385
5246 -0.20680304697484608 -0.21476198228093604
6365 -0.2208918053388146 -0.24067095014188422
6366 -0.2208918053388146 -0.22672136147684166
12783 -0.2308778717527054 -0.24917509692331485
32218 -0.24761919669868207 -0.3021585453206844
53873 -0.2649364590825469 -0.2675372272101636
80856 -0.29187708744261404 -0.2983413207368743

131 -0.10235878525923953 -0.10240495149064002
132 -0.10235878525923953 -0.10437161690556768
152 -0.11281655309773597 -0.11476746423885971
293 -0.13379456753805433 -0.14765628263531894
524 -0.13716922228341363 -0.18710915645591536
525 -0.13716922228341363 -0.15025403316761593
3087 -0.20518311994216965 -0.20837384654063115
6306 -0.2097258011440527 -0.21775272622148176
8476 -0.21638501171175195 -0.2516033484985105
29969 -0.26221780044606585 -0.26349235024515905
30584 -0.26353263979821523 -0.33240872367720237
54741 -0.2738119756372028 -0.2894970498025395
80846 -0.29130694323182454 -0.32238393244538993

11 -0.0853962671592256 -0.0917329497760283
71 -0.09756876433794864 -0.09777194097466264
303 -0.12180819348527598 -0.1526764300293713
2200 -0.18582817404874552 -0.1871659828406108
2482 -0.18985255387094532 -0.3030685473526477
8152 -0.19604952222505082 -0.20051280759971965
8697 -0.19619017387283436 -0.20032412186929524
31603 -0.24682871855429814 -0.25453014967537274
46224 -0.2536307143913356 -0.26793052536662393
66082 -0.2780790566045691 -0.28037548817641245
95436 -0.32407396773231856 -0.34459974536546184

11 -0.09221843609347356 -0.13908062890023595
131 -0.12141003788992383 -0.15934648230723228
132 -0.12141003788992383 -0.14146778102088187
1110 -0.16894834271463915 -0.19406903018501703
1775 -0.18363331628044438 -0.2886464214815237
3651 -0.20679990447228114 -0.22357570689579193
10734 -0.24779771190856398 -0.2575687232528999
27242 -0.2525914985377808 -0.2556878047703739
53034 -0.2602543305869208 -0.30284471769592275
81964 -0.30664216268041816 -0.3596582021361034

11 -0.08033806967956636 -0.17406989871146397
242 -0.12423688499081956 -0.12599254948934654
243 -0.12423688499081956 -0.14116617239600757
1029 -0.1737573838458365 -0.19851573447787288
4208 -0.1786486588193869 -0.18517594699690287
6326 -0.19720568951039796 -0.23179200461900853
6327 -0.19720568951039796 -0.20567495683547637
12785 -0.21443672667321584 -0.2148799753745576
16992 -0.2554569379924748 -0.25696872652164854
40836 -0.26787099667941466 -0.30517155779043365
67344 -0.29031037238339835 -0.29960615901430543
92823 -0.3166799951332149 -0.33644183505674397

959 -0.21222338942626232 -0.22968677112359467
4137 -0.2214427244518231 -0.22629527425830237
25115 -0.24810057802614044 -0.2528654133782864
50644 -0.28277024065324036 -0.32047077590533
72177 -0.28674605837347933 -0.28769945854795964
73438 -0.2900969317716372 -0.4056494669043588
96556 -0.29509624611670904 -0.3028245751025075

11 -0.07738215630111263 -0.10060232638362095
131 -0.12274321675828445 -0.25271293482849605
132 -0.12274321675828445 -0.22650367895087362
10424 -0.23171828858114815 -0.24405280229045467
23713 -0.24361841312582305 -0.24479973677677172
48163 -0.2728977070394137 -0.302847734264978
69908 -0.29002967868903984 -0.2984052755067721
92945 -0.3140463942689555 -0.32186308293273685

11 -0.057333744481366036 -0.13099763810042347
242 -0.1496314234380359 -0.18127280124909345
243 -0.1496314234380359 -0.15788105444698186
12119 -0.2274631920233734 -0.2303824663786091
14026 -0.25915859593356555 -0.26326800017473495
37759 -0.2748718901048689 -0.28152931635746914
37930 -0.2794659999924607 -0.4032233815358884
61875 -0.28754941592264605 -0.29063426330096737
88969 -0.3075833083640025 -0.31666054388063847

192 -0.12493205609636884 -0.14424552153056833
193 -0.12493205609636884 -0.1281024714124131
768 -0.14516328141731294 -0.15039441804069695
3774 -0.18797935468208513 -0.19312663697315216
5026 -0.18910621455707446 -0.21898183382469308
7578 -0.20147437365696863 -0.20904797884959217
8364 -0.21319704016359592 -0.23166657930871745
16336 -0.214455216208699 -0.22836724179799675
16366 -0.21731281382362563 -0.43767018764621235
27011 -0.23740193100999987 -0.2543065845973111
49029 -0.25041202173976534 -0.29229497223934575
72651 -0.2644945883497818 -0.2698539186544587
98251 -0.28117440431300506 -0.305800068190669

11 -0.09669458094118319 -0.14648090937722458
131 -0.0976604152858656 -0.14944157535255312
132 -0.0976604152858656 -0.1351986392074436
6105 -0.22305802307157874 -0.22821930419816935
26700 -0.24248117304948624 -0.26023507658102013
46952 -0.2505506554888224 -0.2640001549842757
48647 -0.25990971744772073 -0.26565190091962265
67910 -0.26617681982268376 -0.28844157848662705
79978 -0.2748444676140073 -0.31286764627279906

4571 -0.20653661815664665 -0.2224397497306216
15490 -0.2107889985064273 -0.21105637809273614
33865 -0.24127994062753644 -0.2697562814068181
57972 -0.27032524381498524 -0.3016424306520558
83179 -0.27317686797502516 -0.2873601093454155
91271 -0.2876186009295363 -0.28997970202642137

242 -0.12858210181076504 -0.14056671071565588
243 -0.12858210181076504 -0.14708262549936735
797 -0.14023112907117538 -0.1443720507946273
1028 -0.1530107615270798 -0.16492459203152593
1029 -0.1530107615270798 -0.16189412809054535
1493 -0.18101852234248725 -0.3234339539381647
2784 -0.1834620408052252 -0.19480387541152705
3177 -0.19521561175125487 -0.37340104449965794
8706 -0.2173270326924452 -0.2507562983089936
15547 -0.22637047185731002 -0.2630031946546952
21318 -0.2510507742522205 -0.2893528530843276
48523 -0.2800979213029328 -0.29338968761487694
73598 -0.2873788601312076 -0.2939209617598866

11 -0.09163745283833122 -0.1640239934322376
131 -0.10843889614928208 -0.12850330956402237
132 -0.10843889614928208 -0.1135890547451828
252 -0.1215740471146248 -0.18175897840994704
253 -0.1215740471146248 -0.16241015453521027
263 -0.12633626482696694 -0.1372770752873258
938 -0.16184316430436435 -0.18914700886556007
1160 -0.16192625070356736 -0.1834950493051191
1604 -0.16232866081947503 -0.18128321734667235
2341 -0.16550927286816924 -0.18132931200046096
17093 -0.22292305336228038 -0.2538522704366626
24994 -0.22913400344573576 -0.2501473570204084
49383 -0.27772077612407886 -0.28386666552839807
75972 -0.2911065659083862 -0.3782390470254605
99514 -0.2963978509715465 -0.3188226063841221

242 -0.11895422831993939 -0.1658158525710806
243 -0.11895422831993939 -0.1434018232534326
474 -0.14183479114128372 -0.18432606093760995
475 -0.14183479114128372 -0.16506567996973986
1130 -0.18300982584650932 -0.23363477374478567
1836 -0.19430710021727424 -0.26882636170496077
3066 -0.21008742631871727 -0.2505045647066374
3067 -0.21008742631871727 -0.21478153693281943
23591 -0.24999859583323888 -0.2636637257203867
39968 -0.26361721859981857 -0.2825942016132095
41471 -0.280509734239098 -0.34023638177261534
65628 -0.2968931081770742 -0.3126276406527083
89059 -0.30072470658969147 -0.305955672742021

121 -0.11278970725276902 -0.12102361894226892
575 -0.1396660054609381 -0.1408823355167821
917 -0.18425953373483392 -0.2226568861790453
918 -0.18425953373483392 -0.21493153244750196
2673 -0.21063192334987316 -0.228223203694102
16931 -0.2448192448792527 -0.24908273185436794
37365 -0.25774474879625175 -0.27403604209463917
59464 -0.2725793034638262 -0.2766688826148974
88414 -0.30014619599092374 -0.3129650876358833

111 -0.0988312290040737 -0.10868718337123275
433 -0.15416728138913924 -0.16669462965157067
866 -0.18035654806167256 -0.18304924510855175
1743 -0.217595016078242 -0.2770158513974416
2973 -0.22212520465160387 -0.2429063745749971
4265 -0.22338340743723356 -0.24027161879862163
5818 -0.23560889802009097 -0.25157235510593834
28714 -0.2668889341224936 -0.2870312162147647
46332 -0.2789591393760209 -0.30404835958965243
69046 -0.2816330419700077 -0.2833803708955888
92527 -0.284563922592064 -0.2971350579790696

11 -0.11289812262729393 -0.11895866824875982
131 -0.09945750472768236 -0.10900776402696082
132 -0.09945750472768236 -0.11420780929749887
898 -0.14787028496114143 -0.15156629828219825
1614 -0.1806536477286312 -0.18095423347579107
3066 -0.20046504449418062 -0.24432522856888245
3067 -0.20046504449418062 -0.2190711444702333
5851 -0.21532151255956217 -0.22615038305209548
9575 -0.21843364861956555 -0.22060011211510813
21492 -0.24589161850550112 -0.2506751159024115
27586 -0.2560300111686303 -0.2691239834368122
50371 -0.26566819512746026 -0.2740042332403429
74296 -0.28341608586465666 -0.28698295512858435
80178 -0.28698295512858435 -0.2896083556821436
80228 -0.2896083556821436 -0.2997843061006915

131 -0.10633225529366579 -0.1420445311048573
132 -0.10633225529366579 -0.12953894082138395
363 -0.12739960919119764 -0.1571472986071215
364 -0.12739960919119764 -0.1344035346938147
717 -0.17464895832013674 -0.20033470300267225
4924 -0.1915223846879436 -0.19180898593284604
8092 -0.20528730282836533 -0.20820025109288942
10321 -0.21391875457781256 -0.22454654557145579
14207 -0.21769163220133625 -0.2223508732069301
28031 -0.2373542124110763 -0.2482513021097981
52824 -0.25259497430074523 -0.27495980384730423
77556 -0.26980291832679487 -0.289621067798696
98433 -0.27377782311020415 -0.27747839205284913

11 -0.07063650826833814 -0.14386689900486357
31 -0.09500062468493813 -0.0963443097637777
2947 -0.21376739971417266 -0.2544654380779331
12825 -0.2287497438846555 -0.25378905517667966
35590 -0.25805284543472323 -0.2624222463173675
59818 -0.2796706772056335 -0.2815907499443545
81412 -0.29777682518054754 -0.3160946873090821

11 -0.07513385343032863 -0.11813817811761405
81 -0.09388898351092351 -0.10258138089538353
201 -0.10764872478560432 -0.16673842846482292
202 -0.10764872478560432 -0.15297431363961028
322 -0.13531465010086696 -0.16163732201778855
323 -0.13531465010086696 -0.1682753455616198
1109 -0.17354563268559856 -0.17911950577326394
1110 -0.17354563268559856 -0.18291734484387964
19112 -0.2269877162867089 -0.22717831855030202
27870 -0.230030412660544 -0.24929469385469205
33752 -0.23350739567401776 -0.23474120264058582
37525 -0.25036083193532777 -0.251616851273602
40128 -0.2542482476080185 -0.2616917159991594
71722 -0.3387842847042044 -0.3454998374892607

41 -0.0877579053422877 -0.15876819833350428
42 -0.0877579053422877 -0.15078319105157367
223 -0.1296561173549953 -0.16792084644153607
354 -0.1485066291408581 -0.14972879570790948
1584 -0.1666734144464429 -0.1708898770896748
1948 -0.16674424620210254 -0.18128595794666522
4763 -0.20571536632853893 -0.23114952689041185
4964 -0.23216858972816865 -0.3186728934480523
27829 -0.24295232312889523 -0.2729262001898974
36365 -0.25652338054784324 -0.26800107812023266
60663 -0.2942075205204937 -0.31618775792631654
89200 -0.29878834901659296 -0.3024541288261859
89401 -0.3135378151051612 -0.4289587137322158

71 -0.08116361225453436 -0.11678148079662164
72 -0.08116361225453436 -0.0969286182553089
1091 -0.15965178191429105 -0.16748248613410208
4259 -0.20746534636171116 -0.21209532370672574
17245 -0.2181822047446596 -0.2216221046130389
27678 -0.23339176003449835 -0.23776092018043135
49686 -0.25711320402749616 -0.2949884474445628
73561 -0.27199641863068663 -0.2910168927049342
98535 -0.28947238042772355 -0.3210900359312224

31 -0.08027626742227258 -0.09760875366868282
141 -0.1000137824270674 -0.10194975808881249
261 -0.12158494086076178 -0.13090942714376097
262 -0.12158494086076178 -0.13978769972302513
625 -0.19791656242656197 -0.2121571981301317
3621 -0.23166872808391611 -0.23705835872924788
21209 -0.2573503363564345 -0.26598213976616836
21854 -0.26598213976616836 -0.35558077578604363
31581 -0.2737974608790005 -0.30661636274965415
31691 -0.2787616725853054 -0.4242119451467982
56090 -0.2798976708252992 -0.2992514338040293
82810 -0.28034776034236597 -0.29904059286342144

131 -0.09888646229036736 -0.12241974595927481
132 -0.09888646229036736 -0.10164628564176607
252 -0.12426211998943691 -0.14416915008176487
253 -0.12426211998943691 -0.14035579762963027
484 -0.1668978450380846 -0.17518936420132253
817 -0.17272335002895672 -0.18503065268501942
818 -0.17272335002895672 -0.17506076432918713
4157 -0.1841130767770138 -0.18907242068762903
7154 -0.1895570135356573 -0.21164021814374873
8133 -0.19107386382328687 -0.19867932650870768
13057 -0.19836672242897924 -0.2022497218613768
35983 -0.2530184147214784 -0.26965268391608616
56406 -0.255519010953961 -0.2692670906249272
68898 -0.27875056362809086 -0.29087538583177913
93903 -0.28514396760661953 -0.3295979456895574
95668 -0.2903242999712743 -0.3074487014513906

11 -0.08896742575185415 -0.13332724848640418
464 -0.14874634202642553 -0.22852884913429222
465 -0.14874634202642553 -0.22883912811346618
3360 -0.1884301217949834 -0.19229212033601245
4894 -0.19037410046404626 -0.20494178136545796
7234 -0.20865666068301464 -0.2486613427994339
12068 -0.2101274908856928 -0.21823865268014597
13379 -0.2450340162863496 -0.2471881217272871
37354 -0.26463172537066637 -0.2646735817444962
41561 -0.2663841864004637 -0.3007040750777054
66576 -0.27303368630842073 -0.3019476933782071
87484 -0.28220012763810887 -0.28613801980961334

131 -0.11654730244097987 -0.14753836667552206
132 -0.11654730244097987 -0.13279584337712422
697 -0.16375145153712206 -0.1662423619045223
5419 -0.1822287457972778 -0.20174113696990828
5953 -0.1899578441527811 -0.3240294148203262
8687 -0.20365401109046974 -0.20429232893831156
10271 -0.21773495055187048 -0.2524418231690688
25165 -0.24397379252655332 -0.24663794077118745
25346 -0.24663794077118745 -0.38816956831338123
29129 -0.25164666384841905 -0.2615673259798663
33963 -0.2532335388765548 -0.26418929411680375
58736 -0.27966602419796366 -0.28293006331787335
85345 -0.33043612237641035 -0.33374989583231335

5459 -0.20201030881306906 -0.27929575624157804
6781 -0.20242755765797865 -0.21426544648244414
8667 -0.2275762311324606 -0.2393197331259606
28727 -0.24103798057405268 -0.2563443871922852
33943 -0.2594712390156418 -0.2917487278052755
59705 -0.3058679009613602 -0.315448584724903
87687 -0.31079350670976885 -0.3138350213825092
88393 -0.31163085035429305 -0.37834316686928965

11 -0.20198052662754926 -0.20734613039263142
333 -0.15198535902347093 -0.1614432034357745
3228 -0.20449400827194547 -0.20866767202177255
4984 -0.20514856578248716 -0.22198852428278956
5437 -0.21592308561760298 -0.23234390651390285
5438 -0.21592308561760298 -0.22815354273010127
10099 -0.2262003680116128 -0.24341468413689718
32490 -0.27735331989507017 -0.31206657254153863
57707 -0.28705960372957223 -0.3631650397784159
85245 -0.3034539407468274 -0.3334702370375744
87757 -0.31031646271419344 -0.33906699102602

808 -0.1683139167009621 -0.17219866754658325
14511 -0.21819071890134223 -0.2303955325890091
37356 -0.2639728693360793 -0.2712990271359207
44883 -0.2722814878722823 -0.279850076702786
69413 -0.27953957730432794 -0.28276209920430306
95497 -0.2943865809735734 -0.2947070360030903

11 -0.1261725101794494 -0.13661497703108935
131 -0.13130912198231023 -0.13554577136493184
6408 -0.1919434292371279 -0.21789737321377722
8193 -0.21939459210137666 -0.22601338623760547
14722 -0.22265042900099774 -0.2394774430768532
31705 -0.26731363311229034 -0.28007592450071217
47244 -0.2779178935296372 -0.28116949083424964
68858 -0.2852458056311724 -0.2875280574261405
94862 -0.2959148945516922 -0.3063505554103738

11 -0.12321108464238296 -0.1620760115052691
797 -0.1937601995295488 -0.2379592331768748
798 -0.1937601995295488 -0.20908920072488704
21726 -0.24737016240206544 -0.26256733102128643
34208 -0.24991669521657348 -0.26262407605138355
57406 -0.2562713492229721 -0.2643442907983497
81129 -0.27927858292368857 -0.284161140991965

11 -0.07095946557504694 -0.14512443152164164
41 -0.06850326742395038 -0.06931940333117256
61 -0.07461981368775569 -0.08107721731546413
81 -0.0849113028577721 -0.08682867098548586
312 -0.14665484737229145 -0.17278335083423865
1816 -0.1856800037196306 -0.23933470774849583
9454 -0.20326935976693386 -0.20900392635221074
11461 -0.21345118879569153 -0.2360219126541278
11462 -0.21345118879569153 -0.24343860671529194
18858 -0.24568704095812405 -0.24597788744799998
35205 -0.25617364219809197 -0.26395146755392673
38090 -0.26395146755392673 -0.2663018893384181
58382 -0.2855947716370287 -0.2954820434157203
91803 -0.32679201741325714 -0.3329439573117917

131 -0.09752453874735179 -0.10988540893820978
132 -0.09752453874735179 -0.10932014542138123
252 -0.1294304074982051 -0.13661985713475228
253 -0.1294304074982051 -0.15327546426341587
1816 -0.18365180258306632 -0.20021054085653958
3956 -0.18838431296479 -0.1996470908499348
5075 -0.2145215568198137 -0.22022959234134468
5096 -0.21456277506196844 -0.22373494026008822
25055 -0.22643091025146103 -0.24377703043424678
37476 -0.23635247718070163 -0.23692254139980315
55861 -0.2414324264690211 -0.24679455137552356
58413 -0.25043886077660604 -0.25441199563851913
58866 -0.25407121047062214 -0.2685596051150615
58867 -0.25407121047062214 -0.26301806449666465
59603 -0.27022649409545585 -0.37865501110132704
89593 -0.33159506792767673 -0.33524389581855374

41 -0.09088258642676138 -0.10210631137414088
42 -0.09088258642676138 -0.10636123025531359
183 -0.10720660385332147 -0.11183596697269375
2503 -0.2203671111987073 -0.22118225826016216
12331 -0.22964427482534533 -0.24483911080596685
16145 -0.2402116867146095 -0.24292112909622
22320 -0.2547253266804472 -0.27378213559215214
47365 -0.2793817077013331 -0.3093143378069469
74055 -0.28227770261061436 -0.32345778976183776

11 -0.11107618966709021 -0.17398229288699515
242 -0.12776540155939445 -0.13385190807806316
1363 -0.17046301719933338 -0.1888509098855185
1453 -0.18316366841885753 -0.3465172648172255
9787 -0.20165607490521045 -0.2048571874109877
14318 -0.2056905694655738 -0.21956541438368107
37900 -0.2728283482496643 -0.3009493210215295
61603 -0.2797162237207112 -0.3214106298876237
89019 -0.29685573904787393 -0.30490683511290373

11 -0.10107206970087579 -0.11789919251282298
242 -0.13444534746089334 -0.1979721590856924
243 -0.13444534746089334 -0.18113202847224535
1584 -0.15054879710213667 -0.1608981484146019
2139 -0.1507559790795695 -0.16059270992363717
2695 -0.15089689140852303 -0.15484914113068945
9243 -0.20897310926765425 -0.22030575538878444
11018 -0.22029105875619648 -0.24878253819383062
27920 -0.2570150727880021 -0.29142472688202953
46870 -0.26332230813500307 -0.27798790870458984
67374 -0.27662483638599156 -0.2799592609128211
93731 -0.28336739538840694 -0.35369470090964555

131 -0.11850274641896905 -0.19867145241122397
132 -0.11850274641896905 -0.19219565550991374
252 -0.13976684845827453 -0.20327639832673994
253 -0.13976684845827453 -0.18288301985687377
1373 -0.195882755790222 -0.20281178736958064
12694 -0.21797528433000374 -0.23454953345804885
20312 -0.2367016066431718 -0.23685371438741049
40947 -0.24834113453314152 -0.2604016573490115
52208 -0.25130310818454793 -0.25242872567622443
78888 -0.28891155890114073 -0.3191480906865855
79442 -0.294888503809761 -0.4438763727335521

31 -0.06525156453956649 -0.07438197605171065
41 -0.07646481005576208 -0.08434697223108849
61 -0.09686300454716512 -0.09887471799403118
181 -0.11257537235855762 -0.1664069531237534
182 -0.11257537235855762 -0.14375546480718915
413 -0.19016872528448658 -0.20256258887973783
414 -0.19016872528448658 -0.19496999358900807
4621 -0.22261683026891277 -0.2313445733704121
4923 -0.2313445733704121 -0.3755781561028137
6133 -0.25914993724591256 -0.2693331203632616
25890 -0.2711408790904018 -0.2820073349820353
50128 -0.29398624158596537 -0.29887352470529377
79179 -0.30462989999009643 -0.31865485866340587

242 -0.1414601318599127 -0.19267667594171808
243 -0.1414601318599127 -0.19688238566809899
1473 -0.17424450792840449 -0.22607102443611765
1786 -0.17494032613380556 -0.22502141423792044
5539 -0.18249284529412843 -0.19799460348848028
7748 -0.2184092700324126 -0.22817666084350657
11148 -0.22912893465811013 -0.2297394278549988
12187 -0.2522483256219516 -0.2559818247428504
15940 -0.2538506969462521 -0.2709218906814745
38250 -0.2602105798347123 -0.2771549971091134
59561 -0.2749901480621002 -0.2812562955895127
83536 -0.2923844273907815 -0.33218527865810005

11 -0.12398087273566061 -0.12756678167664856
131 -0.0929956661050683 -0.14488635636574315
132 -0.0929956661050683 -0.13250395702397702
252 -0.11710286721582946 -0.16165632578667033
253 -0.11710286721582946 -0.14489583567151462
484 -0.13950683245574477 -0.1399578691346441
1685 -0.19721356516060481 -0.24895778114806785
3904 -0.2128183880269122 -0.2293871346625884
11219 -0.24908503382382982 -0.2701185533201204
34730 -0.27630611864508836 -0.2795657530775704
36606 -0.2842798971470098 -0.34150313446837216
62337 -0.2917562903576325 -0.30005905099161156
90430 -0.3111295172560691 -0.31694538188335925

131 -0.10059777825343588 -0.10260742736420608
353 -0.14947090995206552 -0.180391586944976
354 -0.14947090995206552 -0.16606385209149852
696 -0.17355892005795684 -0.23606828487385836
697 -0.17355892005795684 -0.2230258201421801
20545 -0.2411280159865232 -0.26660353382658053
27931 -0.24757449648095697 -0.24936937771132206
31714 -0.25661692447979756 -0.2768362338078848
47931 -0.25822231660429185 -0.3077938718058047
48697 -0.27114407403161767 -0.3625285863183613
75740 -0.2817925677318363 -0.30129012444014863

405 -0.1757489238644104 -0.1969606787979095
5076 -0.18141238889427178 -0.1956469193930575
5732 -0.1815655409275192 -0.18257664224872872
24147 -0.24327700839756913 -0.275733197790509
47961 -0.25298762644275735 -0.28931271386065627
72047 -0.2532676214058046 -0.25422728012397355
78898 -0.2595672150455038 -0.26237026037264205

131 -0.11745304898086684 -0.1272818050429808
132 -0.11745304898086684 -0.11887388630736437
1312 -0.16030400580342447 -0.1610309572666129
1765 -0.17552430644194666 -0.18967586585705298
1766 -0.17552430644194666 -0.18743956632743924
3915 -0.1865831182986886 -0.18945623241974133
4106 -0.1957577374247864 -0.3201033542683017
10654 -0.25118316552047704 -0.2656103563437405
10734 -0.2656103563437405 -0.34792068178847296
29099 -0.2859215514731578 -0.28771416588680265
30007 -0.28806929882461657 -0.29264825441505105
59179 -0.30212490348275683 -0.3021337480013869
59239 -0.3021337480013869 -0.4266746654730733
59471 -0.3201324590624824 -0.32141077568225435
95354 -0.3306938868352289 -0.3524535233073495

11 -0.06896547932914637 -0.10268810510809404
121 -0.0822417469039231 -0.09663908961439424
262 -0.10678282712278926 -0.1093984986377009
4045 -0.17480754037553273 -0.19161776957146728
4267 -0.17601000248699855 -0.19150741977535138
4409 -0.1766692009337951 -0.1792989954328389
6507 -0.1974984666209222 -0.23547488430608549
10290 -0.20676013246619276 -0.228508646412861
11723 -0.20716817723447076 -0.2151146100887754
37464 -0.29684154378088196 -0.30954961724020197
63952 -0.3142942115289402 -0.31557814320775235
92680 -0.32210654327095134 -0.3300246979575929

242 -0.12408163608245873 -0.14814186975424207
243 -0.12408163608245873 -0.13484911150611747
1060 -0.17559183131946948 -0.27885792723470176
3844 -0.1979689016260368 -0.2007519463390988
14904 -0.20861617008282013 -0.23083340097940272
23804 -0.22824808595717547 -0.23263992137060294
48365 -0.2723952697004429 -0.30656371100945584
68506 -0.27303595536978115 -0.27541085430801476
94853 -0.2974605179296842 -0.32682913141669984

131 -0.1112192720929423 -0.11800285248331532
132 -0.1112192720929423 -0.12079881223200499
242 -0.131008898131167 -0.13379559690927534
252 -0.13683408637758326 -0.1594858686967982
253 -0.13683408637758326 -0.15032044176478718
484 -0.16027012500769955 -0.1793472921679353
485 -0.16027012500769955 -0.1740446402342611
7175 -0.2154010501508539 -0.2801194700996466
8254 -0.22328846765397276 -0.30035028811045716
13985 -0.22528958066366706 -0.26362289344576023
18535 -0.2331732814939792 -0.24797569386369175
41633 -0.24590150140758868 -0.2562467237660691
63984 -0.2526518326396739 -0.2626095998350352
92743 -0.3197187509446637 -0.3423177567419121

11 -0.11068871941736728 -0.12216034202412952
31 -0.08269780226262981 -0.08940052441609472
121 -0.11780877536574157 -0.11912082103123658
796 -0.18854527975759772 -0.22068523750362978
3884 -0.19732852748364865 -0.22509131181015887
12955 -0.2186744029461905 -0.22643426241053574
13237 -0.22554781213706485 -0.39782977036929207
13801 -0.22708306721377378 -0.2654285036292908
13802 -0.22708306721377378 -0.24324077230076233
14437 -0.2301342559562019 -0.23601082319394182
34013 -0.25979440644576474 -0.28468318576511137
55698 -0.26773240443155966 -0.29702781848163246
83014 -0.30360134888835855 -0.30746747043992495

121 -0.0861030213493938 -0.13023386837580853
122 -0.0861030213493938 -0.11387986222622651
596 -0.1443597755095743 -0.14732322391335115
1715 -0.17456449934646895 -0.18873808841811068
2381 -0.1748085754330186 -0.18301404032073834
2603 -0.1750931448348359 -0.2032125523039985
2604 -0.1750931448348359 -0.1807839509351488
7568 -0.20076851872178514 -0.20976939999239266
10130 -0.20823533714265166 -0.21984538019716268
14318 -0.20907317355261576 -0.2530696355324011
15468 -0.21482647130407126 -0.22362092886627125
26497 -0.2286092145507925 -0.24116725091469474
27909 -0.23199847069107635 -0.25396918291528175
47011 -0.2587467103934937 -0.3305378653427607
76123 -0.2882700466859584 -0.2886159127014671

11 -0.11718807892076423 -0.14207289944426402
242 -0.14770247699396086 -0.1519016302928995
243 -0.14770247699396086 -0.14978034867698797
363 -0.1681051081228209 -0.2150021354134716
364 -0.1681051081228209 -0.21416580630783533
1282 -0.21876035884031564 -0.22665614544145304
16912 -0.23678363786827966 -0.24428382687561126
42825 -0.26777419500636523 -0.3162942614692434
66558 -0.2695562538067708 -0.2703942137393457
88798 -0.27817140861319417 -0.2997669799306382

11 -0.06739581127834414 -0.16330456679870042
111 -0.08406076891530839 -0.09639944419316598
231 -0.12252269550474747 -0.20667885051055887
232 -0.12252269550474747 -0.1920432344701515
1351 -0.16852579921848287 -0.19894969646841923
2482 -0.17007943997745226 -0.19302812449130877
3723 -0.18558039334705081 -0.28045083909123003
15186 -0.21064506932517796 -0.21401436325557344
17627 -0.21442537416074187 -0.23076760199860533
22177 -0.2309276605872513 -0.24802981072774183
49634 -0.2789117900013696 -0.282769683199494
76637 -0.2945056146609407 -0.2969659545696946

31 -0.09753568317051016 -0.10894880872246705
585 -0.17775129374775941 -0.18951153148742683
3642 -0.19368785230752797 -0.20380666720214677
5357 -0.23337391600274476 -0.24708945413699362
9241 -0.25184951298476554 -0.27217460092868434
26274 -0.2605636282116403 -0.2708425485302827
51127 -0.29254629870530713 -0.2936695202153721
51510 -0.29727833125024467 -0.4035029269467044

131 -0.11538959142611366 -0.127819440751556
132 -0.11538959142611366 -0.1161038559669251
2089 -0.15816159570615948 -0.19858050647374495
2250 -0.16084005602140244 -0.2764842320250755
3813 -0.17215551591444747 -0.1785829899359686
4146 -0.17369841421476975 -0.2199184287235138
6538 -0.18069266118566152 -0.1832497951855364
8051 -0.20375510506712854 -0.2872983716072988
25144 -0.22581396547431548 -0.22713708837641897
46647 -0.23398547160376115 -0.27026969495903047
47534 -0.2591165176396853 -0.3676621996606495
55263 -0.2786386559893799 -0.281322179058354
57099 -0.29370115183540774 -0.30200987697519766
84082 -0.3188476367778097 -0.3417867363194771

101 -0.10444662929433225 -0.10649326079481328
131 -0.10719816110188837 -0.11576823546055241
242 -0.11034155805549482 -0.11437556719248765
353 -0.12213730409989249 -0.1622841500861
354 -0.12213730409989249 -0.14737076557906337
1998 -0.16251322027954435 -0.17300710589254706
2673 -0.1782782218030807 -0.22981897816342364
2674 -0.1782782218030807 -0.23053462853441978
4792 -0.19836795107453717 -0.20478896440348301
4793 -0.19836795107453717 -0.2030632411412542
10897 -0.23149367011963862 -0.23168126700972377
37526 -0.27361125934488206 -0.2746577561968322
40452 -0.27754392779771714 -0.2951326485506614
67546 -0.29663717690012886 -0.2991793493083975
96607 -0.3194114691083658 -0.3959517927268101

142 -0.12830648162878175 -0.13671521379748644
706 -0.21184877101045382 -0.2554391513258187
707 -0.21184877101045382 -0.23825007569885093
18658 -0.23129508030260848 -0.23237617820361134
19152 -0.23237617820361134 -0.3623691852593738
25519 -0.26813130828743614 -0.2688693535937855
48384 -0.2826680413987128 -0.2970716530518969
77748 -0.30263941689255985 -0.305073228098755

11 -0.12557773101763486 -0.16843271741627555
121 -0.13970975767776048 -0.14772904120084934
211 -0.14700757117533522 -0.17693554577691678
755 -0.18645545386307597 -0.1956057307471361
2752 -0.21071359256363956 -0.2242725315477581
7181 -0.21766818040611888 -0.22560210633865577
9088 -0.22789886964745587 -0.22932775223728588
28825 -0.23184983311819887 -0.264333059525955
39420 -0.24118427177928556 -0.24689430102148321
59046 -0.2658726495634527 -0.2677973539995977
63576 -0.2843153561938416 -0.28997118475593214
84544 -0.28965390056193385 -0.3099495111795532

131 -0.10499987963296395 -0.23332501854275103
132 -0.10499987963296395 -0.20144497213933885
252 -0.13535956923255674 -0.14215249274471978
253 -0.13535956923255674 -0.14161761908890522
484 -0.18060515157752172 -0.20295471456592135
485 -0.18060515157752172 -0.1899073505766092
9374 -0.22346672695033912 -0.24311276377810181
16115 -0.22503398533944596 -0.22804802475529132
27477 -0.24335003328161703 -0.2578600632793275
46437 -0.2603534723283724 -0.2859018819450396
72552 -0.27578472274402854 -0.29291215647519875
87607 -0.28423690827026676 -0.2896031562833657

11 -0.10492195812506526 -0.1463007967200475
131 -0.08387119673326243 -0.1122769001374719
132 -0.08387119673326243 -0.10148366946364774
707 -0.13606985838374314 -0.13929326818321927
1160 -0.1448549432929656 -0.18200162213604432
1161 -0.1448549432929656 -0.17709664662363792
6024 -0.21361905933599493 -0.23392961196103818
13642 -0.22203899638689364 -0.23830962254321716
18505 -0.2343033786908292 -0.23484813757435302
39413 -0.25450360368510483 -0.25807259357299545
66749 -0.28392518675156203 -0.3244301742106218
95225 -0.2999517234985172 -0.31232585167904986
96718 -0.3158232504453762 -0.33576202503855046

242 -0.12033646144249176 -0.1273508281050972
5227 -0.19965649820265724 -0.2084139115183938
8526 -0.20213274846179163 -0.20537042508027128
11422 -0.2055766414171219 -0.2086520740894767
33147 -0.24498780440106116 -0.2522312054501462
57163 -0.26908263235846697 -0.27314570060145343
58242 -0.28579152252117124 -0.43715310907687566
85023 -0.30773903090144245 -0.35044765684152407

242 -0.14008122378701915 -0.1407080790269331
394 -0.15403541223661107 -0.30260356256755316
2290 -0.1917880531539306 -0.2181350887940054
2583 -0.19206997292546824 -0.20499449437931117
10584 -0.22979149701615825 -0.2526351521099206
14661 -0.23059657856200363 -0.23949222206284565
17970 -0.2436270858980459 -0.24633034633381892
18767 -0.24797178982597806 -0.35507558112068155
28262 -0.2563320903800246 -0.25879381849093386
53216 -0.28679637239068967 -0.30918434003487444
82126 -0.30931164515947407 -0.3279242405525639

242 -0.11931510846942024 -0.16585855008355382
243 -0.11931510846942024 -0.1764411886334715
363 -0.14394849621004246 -0.1925584975674408
364 -0.14394849621004246 -0.188646780794282
3683 -0.18325462335635034 -0.1941726481735182
5216 -0.21108613566421902 -0.21668293166635816
9413 -0.21343477173558117 -0.22271692411325902
35619 -0.2847459621379095 -0.30444647348580994
37092 -0.29948595102555436 -0.3678830623176519
63964 -0.3273600317278049 -0.3563434845272286
88838 -0.3324375738721177 -0.3563477869384924

