pass_rich_rastrigin2_step0_poor10rich0
eval_cnt worst_rich_fitness new_rich_fitness
13 35.23410228994429 7.68674635679489
14 35.23410228994429 13.994115225456614
15 35.23410228994429 2.718892697003831
16 35.23410228994429 24.662192693180394
17 35.23410228994429 28.92321947272882
119 1.3206086876447856 0.578263652427836
300 0.38772314843282274 0.23078847866022656
320 0.23078847866022656 0.013705988768087707
387 0.013705988768087707 0.010927097383412132
409 0.010927097383412132 0.004247487408711947

12 48.830612329990934 36.80240570500251
13 48.830612329990934 18.118898864014454
14 48.830612329990934 34.88359036615806
16 48.830612329990934 38.84963511267155
17 48.830612329990934 44.85922994943354
18 48.830612329990934 27.066848418568497
39 18.118898864014454 17.21184264952882
119 4.150841922275468 0.7420597169448442
439 0.047221155042599605 0.003894949744196907
519 0.003894949744196907 0.0002891840731038542

14 42.127524620523616 22.388052187405926
15 42.127524620523616 2.841667039535597
17 42.127524620523616 20.07819081837367
18 42.127524620523616 38.86026610824843
280 2.2455194180786755 1.1280596643072016
340 1.1280596643072016 1.0590377680840604
707 1.012626261888343 0.9971659725149067
1107 0.9971659725149067 0.9969261796430047
1157 0.9969261796430047 0.9957507379143351
1237 0.9957507378472386 0.9953469721710029
1388 0.9953417338925661 0.9953031277307929
3304 0.9949590655494909 0.43967029681963865
3347 0.43967029681963865 0.1722350128312371
3451 0.1722350128312371 0.025677067576907575
3979 0.025677067576907575 0.0027753077733976284

12 35.19470563669838 14.915339180241045
16 35.19470563669838 30.871352428146896
17 35.19470563669838 29.4876229131955
199 2.4718053267315057 2.2694361697151564
210 2.2694361697151564 2.058055644737216
387 2.0290743292272104 1.3457833569483029
572 1.1065781262555703 1.0383880852611966
648 1.0383880852611966 1.0294565667617661
707 1.0294565667617661 1.003886285304418
839 1.003886285304418 1.0025728166584322
912 1.0025728166584322 0.9954754290936307
960 0.9954754290936307 0.9950527337914821
4544 0.9949590592701014 0.4676954224870009
4763 0.4676954224870009 0.07906947606992532
4930 0.07906947606992532 0.03437461559023802
5142 0.03437461559023802 0.0016865000166497168
5400 0.0016865000166497168 0.0005296800903238363

15 24.04373122553146 23.916878668277008
29 23.916878668277008 22.3989342547937
38 22.3989342547937 19.158555342492182
108 15.00884686198601 13.32061942306623
118 13.32061942306623 11.766281910261267
119 13.32061942306623 10.214010180190005
209 10.214010180190005 10.142308285736732
229 10.025109741259104 9.989708744001682
238 9.989708744001682 9.970363672166203
285 9.970363672166203 8.396992895088637
318 8.396992895088637 8.361110773954282
328 8.361110773954282 7.450799431107718
406 5.404745732859887 4.1605773718502785
427 4.1605773718502785 1.267197898650366
547 1.267197898650366 1.215582836001829
637 1.009258333258913 0.3592625328528136
738 0.3592625328528136 0.0008266486963108832

11 44.6236403683174 35.93744621700665
14 44.6236403683174 36.56445561863616
16 44.6236403683174 39.10583201241899
17 44.6236403683174 44.53170322264498
18 44.6236403683174 21.29137592468901
19 44.6236403683174 43.85206380081328
39 18.493531398094166 13.202388519153399
57 13.202388519153399 10.496783560755496
86 9.246002703845438 7.4366613906121195
88 9.246002703845438 7.530165956590277
129 4.0324315514250895 4.0167903869888235
187 4.0167903869888235 1.7685456384196527
219 1.4125894636211953 1.2104323413805034
359 1.1753811905941731 1.026384537441018
450 1.023896926107831 0.31276266517150475
509 0.31276266517150475 0.259443704010657
521 0.259443704010657 0.17599146341993688
590 0.17599146341993688 0.08888171899355868
591 0.17599146341993688 0.030741590669030927
609 0.030741590669030927 0.007040095251014122

11 36.56215972560944 33.39528342184738
12 36.56215972560944 23.360583690113714
14 36.56215972560944 31.171724831349234
16 36.56215972560944 22.41512102612732
17 36.56215972560944 27.729292855227698
18 36.56215972560944 28.71820446090966
19 36.56215972560944 30.95704108618677
27 22.41512102612732 15.696230543105012
29 22.41512102612732 17.82507288742432
160 4.386842950144093 3.9885472110166518
187 3.9885472110166518 2.433117371721721
329 1.2771853028540647 1.236934424547215
379 1.236934424547215 1.1069656660079303
421 1.1069656660079303 0.9976278558627598
511 0.9976278558627598 0.6463256378661839
657 0.21741063899822066 0.118336575564431
672 0.118336575564431 0.08668848155144815
729 0.08668848155144815 0.05065929561660809
736 0.05065929561660809 0.025714846384289558
742 0.05065929561660809 0.0048269987357087984

69 3.763283553125234 2.5362886091136474
79 2.5362886091136474 2.0923683367280077
169 2.0923683367280077 2.073681723957705
228 2.073681723957705 2.0375834479337342
248 2.0375834479337342 1.9939014069270442
459 1.9937129726240883 1.8929615227956234
488 1.8929615227956234 1.7092407319846359
519 1.7092407319846359 1.6046626456051243
574 1.5959056418169162 0.9550394391508448
577 1.5959056418169162 1.5878652692294608
586 0.9550394391508448 0.6154406203504834
668 0.6154406203504834 0.2657815192816031
700 0.23150985705910543 0.10232022526200168
728 0.10232022526200168 0.00884923915008784

16 21.01339169570616 20.148005336004367
29 20.148005336004367 19.062539664878805
38 18.98963130118744 10.837186893923732
99 2.3542381464930884 1.9893968548637524
109 1.9893968548637524 1.4597122562970668
119 1.4597122562970668 0.9070392617887748
260 0.7288841645162591 0.6437436345116545
458 0.018936667262188678 0.007617084571585053

11 35.001524966840456 18.969885390768752
13 35.001524966840456 28.879197836813937
15 35.001524966840456 28.8329056389606
17 35.001524966840456 20.660232425873307
39 18.969885390768752 18.276119361459124
48 18.276119361459124 14.428975102119352
49 18.276119361459124 12.834264681653027
109 5.6929146656176925 2.379503653712426
139 2.379503653712426 1.7044820030039993
168 1.7044820030039993 0.12720654027878453

11 30.163193832824042 22.87924406796977
12 30.163193832824042 17.124971391248547
15 30.163193832824042 21.225472477426997
19 30.163193832824042 17.15229368865043
37 17.124971391248547 13.806455811625831
59 13.806455811625831 11.596308616592696
109 2.8741270306079727 2.144332306465799
230 2.144332306465799 2.1225935459219336
260 2.1225935459219336 2.0248006567056756
368 2.0248006567056756 2.0011804702647424
380 2.0011804702647424 1.9907294194019727
407 1.9907294194019727 1.6758755589191594
430 1.6758755589191594 1.4458879908206903
450 1.4458879908206903 1.23833743649028
470 1.4458879908206903 1.2072063029139315
496 1.2072063029139315 1.0261294170193764
588 1.0261294170193764 1.0062501691720165
1102 0.9991239301225505 0.9950896997776653
5642 0.9949590575533591 0.252024105775142
5753 0.252024105775142 0.22572861776753683
6248 0.22572861776753683 0.15495607903926611
6307 0.15495607903926611 0.12280536656736629
6328 0.12280536656736629 0.05981165377155406

13 28.695476682530987 4.067332378978694
14 28.695476682530987 25.506533790331048
16 28.695476682530987 22.81037892512585
79 1.3980418894068194 1.174271091104373
240 1.174271091104373 1.0384417801644474
5779 0.994959057098864 0.7169600411959038
6076 0.7169600411959038 0.37365105252678177
6368 0.37365105252678177 0.26392368931720966
6404 0.26392368931720966 0.12258773880021323

11 40.23215094330791 34.043022130877176
13 40.23215094330791 32.81748393502774
14 40.23215094330791 32.92458880805743
15 40.23215094330791 12.056842228936631
16 40.23215094330791 34.642026175273216
99 5.69765048652669 2.9585272029910143
279 2.3479672204206565 2.230462108945563
289 2.230462108945563 1.0364797048344059
5302 0.9949590634074426 0.23292368936419194
5819 0.22694998965088686 0.018462229761965432

11 51.72415309722783 30.47828337741636
12 51.72415309722783 34.18051605782228
13 51.72415309722783 42.60250102626122
14 51.72415309722783 46.58125681576929
15 51.72415309722783 47.77059992511404
16 51.72415309722783 21.89007079613735
17 51.72415309722783 29.195726101572845
18 51.72415309722783 31.34818457655102
19 51.72415309722783 36.71001769675728
38 21.89007079613735 17.855446401165356
39 21.89007079613735 12.768361114924074
129 10.428877525221058 7.785741046174525
320 5.300742938144193 4.571452740467125
449 2.0779715473909377 2.070686065689266
511 2.0387375784061774 1.3360832701781575
530 1.3360832701781575 1.0566317666329894
749 1.0566317666329894 1.0259162647851667
757 1.0259162647851667 1.0073629052459268
762 1.0259162647851667 1.0218863707726307
1051 1.0073629052459268 1.0025049236054997
1064 1.0025049236054997 1.0021946843720677
6219 0.9949590574204876 0.5256861606543239
6744 0.5256861606543239 0.2167290192741227
6822 0.2167290192741227 0.1771279488771107
6904 0.1771279488771107 0.10143278198231087
7494 0.05834727656826644 0.05713405007690753

11 49.014140368317754 20.427153017137783
13 49.014140368317754 44.51343023156564
14 49.014140368317754 37.299214715729285
15 49.014140368317754 17.69644240634497
16 49.014140368317754 20.18467381438848
17 49.014140368317754 32.875231340629114
18 49.014140368317754 37.99935888576343
19 49.014140368317754 31.889106204833084
59 17.69644240634497 13.29331995692021
98 13.29331995692021 8.83672119853739
99 13.29331995692021 10.585517401447284
137 5.8652618280300075 5.161590334587714
188 5.03812113342234 4.609418465275853
279 2.5075723568091135 2.2376305646415453
308 2.2376305646415453 2.1220469920163048
328 2.1220469920163048 2.0359003818601167
368 2.0359003818601167 1.9840476335598964
419 1.9840476335598964 1.1884746939706403
536 1.1884746939706403 1.0901426809227885
537 1.1884746939706403 1.0397681357740396
544 1.0397681357740396 0.3986816347523643
646 0.31587151187665796 0.13118170223806658
659 0.13118170223806658 0.1148025187397792
669 0.1148025187397792 0.08636131253846457
680 0.08636131253846457 0.02934252684899974
690 0.02934252684899974 0.004557660517217954
942 0.004550891355375342 0.004396136426411346
952 0.004396136426411346 0.004355903760796309

49 22.609224712288036 15.96638257804598
88 15.96638257804598 15.33940026462157
89 15.96638257804598 14.513660318044131
99 14.513660318044131 10.616710794054331
109 10.616710794054331 10.55918875993171
209 10.165133823877014 8.021732076061777
238 8.021732076061777 7.986025126767723
319 7.986025126767723 6.724796227540228
347 6.587210452753091 6.530723223583799
348 6.587210452753091 5.181365327861876
378 5.181365327861876 5.1234930724972845
387 5.1234930724972845 2.694054099480134
578 2.0039432820494554 1.0999828830066534
666 1.0999828830066534 0.09105502471887661
668 1.0999828830066534 1.0705399627187617
796 0.09105502471887661 0.044129086207135515
807 0.03261466532735113 0.02362066114365291

11 29.21523686119867 23.58661674379307
13 29.21523686119867 20.950878640298342
29 20.950878640298342 14.14309136457712
99 7.3757089028472045 2.3166765145958976
116 2.3166765145958976 1.903347574954637
329 1.046019194661774 0.9901148986607708
389 0.6411605419670607 0.20282989725722445
460 0.17699696278495125 0.16583926524111803
469 0.16583926524111803 0.04358589652887801
566 0.04358589652887801 0.007827070869666386
976 0.006244985587276375 0.005291722369378249
1033 0.005291722369378249 0.00528680014462779

11 57.266325367746006 22.168476529079292
12 57.266325367746006 41.78253686503203
13 57.266325367746006 26.83298030353123
14 57.266325367746006 40.20002995662762
15 57.266325367746006 37.74622066684892
16 57.266325367746006 45.96957517390416
17 57.266325367746006 16.30457078963444
19 57.266325367746006 29.55844789163916
29 16.30457078963444 10.568733740127545
129 9.731836545105057 8.947491542568217
519 1.0347829389933345 0.5575345761655868
581 0.5575345761655868 0.5291388412072422
608 0.5291388412072422 0.11274427007300858
609 0.5291388412072422 0.1273715457112914
616 0.11274427007300858 0.07196203932820566
719 0.07196203932820566 0.05087737306482154
826 0.05087737306482154 0.03194088817935281
947 0.03194088817935281 0.026544933049542863
1019 0.026544933049542863 0.01634890135573741
1070 0.01634890135573741 0.015352861243243865
1209 0.015352861243243865 0.013802184170266685
1294 0.013802184170266685 0.009043687200289696

12 33.16271123299477 30.91980793087184
13 33.16271123299477 1.067810947758204
14 33.16271123299477 18.679491083104125
16 33.16271123299477 20.535572618952195
17 33.16271123299477 16.41692152288519
710 0.0035942328179672245 0.0032923395688975177

11 29.04644348632336 26.26875645122804
12 29.04644348632336 11.668034249087233
16 29.04644348632336 25.818203680252694
18 29.04644348632336 21.83570567967322
338 0.1532348276122022 0.09647857065315435
354 0.09647857065315435 0.06342659913732973
421 0.06342659913732973 0.03547676047596582
636 0.033840869874545376 0.014643619305864775
763 0.014643619305864775 0.0097807340557452

11 40.38227869839717 33.73917939735336
12 40.38227869839717 29.142821995110072
15 40.38227869839717 31.15704949052735
16 40.38227869839717 30.353650977790853
17 40.38227869839717 24.926254293053407
19 40.38227869839717 20.469156368870365
68 15.616062498462485 13.204905194329124
149 10.326278907147262 10.04281971523147
195 10.04281971523147 9.578035281798543
299 9.162349040169902 7.915848519120679
307 7.915848519120679 6.300415524350537
308 7.915848519120679 4.677621586436828
318 4.677621586436828 4.02259690779141
336 4.02259690779141 1.6651974772072293
651 1.0613732456144724 1.0125746329700007
708 1.0125746329700007 0.33536767418021896
838 0.33536767418021896 0.11921049752842094
892 0.11921049752842094 0.09063543985787703
1030 0.09063543985787703 0.055141444187711386
1092 0.055141444187711386 0.00018956843561568348

11 53.054222989069835 27.883352601151525
12 53.054222989069835 24.28579563896711
13 53.054222989069835 25.288188424678257
14 53.054222989069835 30.443632983800782
15 53.054222989069835 26.758332949540836
16 53.054222989069835 34.39888354681044
17 53.054222989069835 34.53086803362099
18 53.054222989069835 32.38410606809708
26 24.28579563896711 17.776449387851976
69 17.776449387851976 17.481994242158127
88 9.80962987410576 6.316007294901462
89 9.80962987410576 5.5274963561546535
209 5.0778608730842905 5.045500310498928
257 5.045500310498928 4.546829418249828
358 2.534877513142888 2.510380136005928
418 1.0550987471121047 0.15065961894890734
588 0.15065961894890734 0.02808646130735326
638 0.02265279250830332 0.015682487323225303
651 0.015682487323225303 0.015465257204226646
686 0.015465257204226646 0.008581393881076593
853 0.008581393881076593 0.005357112867422131
921 0.005357112867422131 0.0008375305163568214

125 17.08530157470762 14.601763638035287
270 12.999061651192179 10.075184731366317
280 10.075184731366317 9.645867130089893
281 10.075184731366317 9.223547363248764
328 9.223547363248764 8.913947875006397
391 8.913947875006397 5.470823624212395
441 5.364646670738878 5.309260954896219
501 5.364646670738878 5.342887723868374
518 5.342887723868374 1.170739588537785
520 5.342887723868374 2.453401882830164
672 1.170739588537785 1.082120549478116
762 1.082120549478116 1.074165775202772
811 1.074165775202772 0.9989379979833899
872 0.9989379979833899 0.9980401276097268
6747 0.9949590584544161 0.37855024199875587
6995 0.37855024199875587 0.04459308477497004
7480 0.04459308477497004 0.0395844046818965

12 61.811411917843955 49.22022840264911
13 61.811411917843955 5.007376440115662
14 61.811411917843955 28.840133136637505
15 61.811411917843955 27.73273833927103
16 61.811411917843955 32.61555953073791
17 61.811411917843955 61.09856442417616
18 61.811411917843955 8.645059810996415
19 61.811411917843955 17.249248643072157
268 2.172485410421821 1.9989165958971888
380 1.4710849171885698 1.0519253166306974
468 0.11897027075842459 0.06516583075632809
479 0.06516583075632809 0.03671130192612537
675 0.03671130192612537 0.00449616112940987
680 0.03671130192612537 0.0032101170795719725
1055 0.0032101170795719725 0.001786488341828374
1707 0.00032758026998180867 0.0001402411070330345
1730 0.0001402411070330345 0.00011946837591025883

13 44.82500866837997 29.091482368236157
15 44.82500866837997 36.18142977288579
18 44.82500866837997 43.98953247133023
38 29.091482368236157 22.686023170305514
47 22.686023170305514 19.79597454361151
59 15.301028689586134 13.591385796711261
68 13.591385796711261 13.37635375853197
149 7.369823977142561 6.037030187322841
177 7.369823977142561 6.446742535483736
199 6.446742535483736 5.645383153523126
238 5.407630334185841 4.997430535384876
269 4.997430535384876 4.995752517169175
325 4.995752517169175 4.908110520915335
328 4.995752517169175 3.434568697419948
368 3.230269891053805 2.3249903874510807
369 3.230269891053805 2.5947974086052277
387 2.3249903874510807 2.2066112559289195
478 1.6673686359682378 1.3534619605756717
550 1.2242254473352467 1.087536664567427
616 1.087536664567427 1.0538567432850456
634 1.0538567432850456 1.0433795890560589
683 1.0312904245515853 1.0244686780160066
905 1.0244686780160066 1.00677355129244
931 1.00677355129244 1.0000851643239521
3197 0.9949590597476856 0.5247787062398714
3273 0.5247787062398714 0.2622785001997414
3620 0.2622785001997414 0.04399446407540353
3942 0.04399446407540353 0.007843323137517899

11 47.41537921059556 39.07852845196497
12 47.41537921059556 37.87230590595107
13 47.41537921059556 35.93408446043858
15 47.41537921059556 33.2397579750468
16 47.41537921059556 23.457438397975217
17 47.41537921059556 32.052201806114496
18 47.41537921059556 23.581923326472143
19 47.41537921059556 14.527829437690503
107 10.090842001221338 8.862903062950181
309 1.0134915866172598 0.6289833844325123
398 0.41113515251504396 0.40656326097191453
429 0.40656326097191453 0.1659709546103585
507 0.1659709546103585 0.10512199119526855
538 0.10512199119526855 0.006410829032546417
539 0.10512199119526855 0.07136290836628234

11 52.58361031794328 35.18552130476388
12 52.58361031794328 11.995238510044711
15 52.58361031794328 5.196801478855365
17 52.58361031794328 29.65861304248528
18 52.58361031794328 40.85883048349729
271 4.016083515503471 1.6902358510076212
348 1.6902358510076212 1.5018567449473217
351 1.6902358510076212 0.4614963079255787
482 0.4614963079255787 0.2941923656996295
499 0.2702986527981075 0.21054623127136196
531 0.21054623127136196 0.04920918178541456
609 0.04920918178541456 0.022775798888194032
718 0.022775798888194032 0.013392996352749265
736 0.38012750982344556 0.022815672364195905
882 0.022815672364195905 0.004951360939745797

11 45.90569027764613 22.50103144866513
12 45.90569027764613 45.38859650121895
14 45.90569027764613 26.869474651607767
15 45.90569027764613 30.21456550814693
16 45.90569027764613 17.06985340973943
18 45.90569027764613 26.6980986023639
99 16.44106002761703 12.558521249153351
119 12.558521249153351 8.459618331571487
340 1.3662754116131133 1.3079018219076701
377 1.3079018219076701 1.165091283212199
389 1.165091283212199 1.083267483669463
527 1.083267483669463 0.916903481353387
649 0.09855277073069502 0.017872900634159805
761 0.017872900634159805 0.0031065308183855223

12 42.230000457600276 22.351490230489297
13 42.230000457600276 28.18467919396335
14 42.230000457600276 10.490755494045255
15 42.230000457600276 36.09049092630938
16 42.230000457600276 29.485554617345674
19 42.230000457600276 29.346854598714632
190 10.223940959615266 8.422325091267359
310 5.636038381422413 5.436085097898612
329 5.436085097898612 5.000120426962642
378 5.000120426962642 2.2734478119512076
572 2.000626591966004 1.9915591514899234
576 1.9915591514899234 1.0041156087132599
577 1.9915591514899234 1.3780325576560557
1856 0.994961330720912 0.7945762067820681
1983 0.4703442245496454 0.016934436878166537
2392 0.016934436878166537 0.00682837753046428

11 43.348779915062835 39.82882794621898
12 43.348779915062835 39.546292587183146
13 43.348779915062835 22.45418478241316
14 43.348779915062835 35.27367145812005
15 43.348779915062835 34.38265883079494
16 43.348779915062835 31.24620008570843
18 43.348779915062835 11.503226416154536
19 43.348779915062835 37.50409080924457
49 11.503226416154536 8.999000956214477
99 7.221866178038166 3.07059323355422
129 3.07059323355422 2.6826796767310626
169 2.1025587421311336 2.0849432326809954
197 2.0849432326809954 2.063732283670923
228 2.063732283670923 1.9986165466126167
238 1.9986165466126167 1.9908402320486616
408 1.9908402320486616 1.981319231512451
450 1.393454363595616 1.0410629754002336
538 1.0410629754002336 1.0004254965318395
556 1.0004254965318395 0.31516982638042634
648 0.31516982638042634 0.22632667932358075
687 0.07944170281265528 0.05313741554368434
737 0.05313741554368434 0.0005888017878064034

11 49.51022941363486 28.8207435448992
12 49.51022941363486 45.38320563851976
13 49.51022941363486 33.84379651644475
14 49.51022941363486 22.985389867663137
15 49.51022941363486 35.39894289274434
19 49.51022941363486 22.837833007608197
29 22.837833007608197 21.90724906241836
69 16.148753386209453 14.838751824241406
79 9.998850650283416 9.991674650126754
188 4.86845799935776 4.700216105582442
210 4.678150304570416 3.009037691604206
369 3.009037691604206 1.739530411585008
390 1.739530411585008 1.3063737454145539
400 1.3063737454145539 1.0229298025508058
642 1.0229298025508058 1.0118330517093597
659 1.0118330517093597 0.1412351694073024
750 0.1412351694073024 0.02591549981816854
823 0.02591549981816854 0.0009251774242926558
891 0.0009251774242926558 0.0009148431879388852

12 41.27484883113511 7.798279617917633
17 41.27484883113511 40.27091353840939
18 41.27484883113511 29.64306958483761
69 5.3436721821438695 4.74858295102665

11 63.62259310847472 33.17889389904202
12 63.62259310847472 20.02956265686349
13 63.62259310847472 19.259639245687552
14 63.62259310847472 19.17478827459271
15 63.62259310847472 37.120287644081316
16 63.62259310847472 61.96438566618046
17 63.62259310847472 37.878706250694805
18 63.62259310847472 50.33844303543607
19 63.62259310847472 50.83298362090425
26 19.17478827459271 18.86465448720994
29 19.17478827459271 17.48000201599323
38 17.48000201599323 13.620981805679321
138 9.965623407508968 8.933981149539658
358 2.4059126050029462 2.320045324027305
370 2.2606175059340643 2.0266836438739517
428 2.0266836438739517 1.1660900631950781
431 2.0266836438739517 2.015277504395357
499 1.1660900631950781 1.0073587878980312
901 1.0065732399381204 1.0029500461907226
1075 1.0029500461907226 0.997078369311378
2946 0.9949590731437326 0.9051302995779551
2988 0.9051302995779551 0.7717209022846703
3068 0.1763806413045188 0.17212585268175218
3111 0.17212585268175218 0.17208537425044312
3179 0.17030661990353124 0.06429398315211188
3312 0.06429398315211188 0.028782020248339535
3376 0.02403785444399631 0.0048005624626696886
3916 0.0048005624626696886 0.004665815239945914

11 40.024335420092676 31.436016347949277
12 40.024335420092676 32.998566698610475
13 40.024335420092676 38.392472347637806
15 40.024335420092676 28.261721005853843
16 40.024335420092676 38.818072803460794
17 40.024335420092676 29.936818689890984
19 40.024335420092676 9.209756244702989
38 9.209756244702989 9.158525417201691
79 9.102566681778475 5.963781111895598
275 2.0068011375542056 1.5153095273102153
379 1.5153095273102153 1.3992878176903716
399 1.3992878176903716 1.3793584696332957
417 1.3793584696332957 1.3394928670269266
488 1.3394928670269266 1.1195815047951996
514 1.1195815047951996 0.9992613030594377
528 0.9992613030594377 0.9967735591302862
5241 0.9949590588170523 0.21132728450770344
5329 0.21132728450770344 0.049136581553270275
5876 0.049136581553270275 0.015708596123658936
5906 0.015708596123658936 0.0050946006892047535
6259 0.0050946006892047535 0.003418097330694536

11 46.35512135502677 16.395412156376196
13 46.35512135502677 35.799616661562794
15 46.35512135502677 21.94867400619272
16 46.35512135502677 32.41600369252607
17 46.35512135502677 25.07072910565647
18 46.35512135502677 40.99177343108211
59 10.145031518480957 7.931472473554919
69 7.931472473554919 4.7910269637538025
388 1.0056724170776796 0.698986280616186
497 0.5940351366812067 0.5085731248520702
521 0.5085731248520702 0.4082754086031244
526 0.4082754086031244 0.07754434444266778
527 0.4082754086031244 0.049074688797887234
564 0.049074688797887234 0.03171901385065823
674 0.03171901385065823 0.03141364889800968
695 0.03141364889800968 0.028736548576439702
707 0.028736548576439702 0.020695266371177468
795 0.020695266371177468 0.008092603217875194

17 30.21715290175551 30.023326556521667
27 30.023326556521667 19.566907198210885
28 30.023326556521667 25.20694764784386
38 19.566907198210885 10.835541082139024
39 19.566907198210885 13.93086833982236
57 10.835541082139024 8.414891531182114
79 6.829315311258835 5.291956483693852
108 5.291956483693852 5.035553368828422
240 5.035553368828422 4.204028877844513
319 4.204028877844513 3.6465864786938837
330 3.6465864786938837 2.195827678950309
455 2.1200137737976235 2.0892191294695266
468 2.0892191294695266 2.0722448708269425
476 2.0722448708269425 1.8462464056798176
478 2.0722448708269425 1.4667692022922978
501 1.4667692022922978 1.1872763160200535
579 1.1872763160200535 1.0282735168501276
661 1.021453155653397 1.0037115977333073
769 1.0037115977333073 1.0034294758376134
2502 0.994959072603752 0.1374689729409404
2591 0.1374689729409404 0.003988249347536055
3554 0.0019372743451313568 0.0012764054472427233
3574 0.0012764054472427233 0.0009978173567830595

41 18.863536801409037 10.419290431628749
42 18.863536801409037 15.231110114841279
88 15.231110114841279 13.01178860109201
90 15.231110114841279 14.581278829568713
97 13.01178860109201 12.658755530403262
100 13.01178860109201 9.806379072754282
169 8.458890137143332 6.415402810059504
179 6.415402810059504 3.854962577862487
190 3.854962577862487 3.3077797456770774
210 3.3077797456770774 1.6585558982375623
290 1.6585558982375623 1.1704228473118192
317 1.1704228473118192 1.0264157205396032
380 1.0264157205396032 1.0205363238999183
399 1.0205363238999183 1.0183726843340892
1933 0.9949591036448417 0.5550768451503458
1968 0.5550768451503458 0.0898160081846413
2058 0.0898160081846413 0.05850971506774272
2085 0.05850971506774272 0.05580544865306081
2528 0.05580544865306081 0.017348112701700558
2717 0.017348112701700558 0.015066788340686088
2947 0.014220919895972628 0.011026722304059433
3019 0.011026722304059433 0.010857725103054605
3049 0.010370458052868514 0.0017340208107512467

11 55.49540933877449 37.707194238079964
12 55.49540933877449 44.006938678438125
13 55.49540933877449 33.36268400666822
14 55.49540933877449 41.81007391427809
15 55.49540933877449 31.054422816136224
16 55.49540933877449 6.918498779320824
17 55.49540933877449 28.51817005346921
18 55.49540933877449 37.95139976831938
140 5.149141525047 4.427571005725415
220 4.427571005725415 4.162460536628924
257 4.162460536628924 0.5471252076408177
530 0.03474542027294092 0.02072454076643382
552 0.02072454076643382 0.008003930869094233
630 0.0022473504444988635 0.0019700851605044534

11 39.53748845725312 28.302399719654666
13 39.53748845725312 11.429177724958917
14 39.53748845725312 25.512522945588383
15 39.53748845725312 31.506209049834407
16 39.53748845725312 22.427640214128814
18 39.53748845725312 29.47718173211384
19 39.53748845725312 7.269527121428652
109 1.7707187962270083 1.6754925244364252
139 1.6754925244364252 1.513867053011829
217 1.0614864920130174 1.0311985074390684
3565 0.9949590571355742 0.22111229013401612
3830 0.22052906274017658 0.09930701811479281
4143 0.09930701811479281 0.029970739841971294

80 4.105832813754542 2.663043851829812
160 2.663043851829812 2.3167897760864093
170 2.3167897760864093 1.1864761631313527
280 1.1864761631313527 0.7455914413002276
320 0.7455914413002276 0.2737643381547592
329 0.2737643381547592 0.24982665222472633
340 0.24982665222472633 0.22225178716836425
378 0.16018244051542752 0.056626084594952886
449 0.056626084594952886 0.03818837502698358
554 0.016778928734296983 0.007847263032303431
611 0.007847263032303431 0.006384087683585449

39 16.95950448807063 16.33539798187996
1314 1.9899181274043833 1.3417950044531466
1378 1.3417950044531466 1.2973221857860793
1425 1.2973221857860793 1.2204617103214375
1426 1.2973221857860793 1.1238466890558882
1442 1.1238466890558882 1.001436598802048
1621 1.001436598802048 0.9958906563001193
1822 0.9958906563001193 0.9949880271324076
4694 0.9949590600681049 0.30898073367180245
5076 0.30898073367180245 0.23311260973652992
5083 0.23311260973652992 0.016361790555990297
5221 0.016361790555990297 0.004470242461486862

13 31.853727948647013 10.726698646157343
14 31.853727948647013 18.074143715316467
15 31.853727948647013 16.936120356818243
28 10.726698646157343 10.52205469656268
38 8.355269340503755 6.39698525005436
48 6.39698525005436 3.476936363373955
109 3.476936363373955 2.4920724926774724
119 2.4920724926774724 2.4412430226357884
228 2.0309295980461286 1.3631402270121562
308 1.1159041470877433 1.009830019756894
455 1.009830019756894 0.9963772594369793
1220 0.9949636186939301 0.8418279128574966
1264 0.8418279128574966 0.6730168106926833
1340 0.21009410649159221 0.030427682855538762

12 41.23971873986365 24.013977929105792
16 41.23971873986365 17.474126431293833
18 41.23971873986365 38.599302943731814
19 41.23971873986365 23.403377829755172
79 10.564825566285869 4.114873909548059
250 1.06509320018624 1.0287055470700608
381 1.0287055470700608 1.0126140630681917
389 1.0126140630681917 0.02503725594013062
529 0.02503725594013062 0.018455228499909992
631 0.018455228499909992 0.004738077813978947

13 33.686938871159185 26.64660426294582
14 33.686938871159185 24.331315646669868
18 33.686938871159185 32.938439597567864
49 24.331315646669868 23.811285304666804
57 23.811285304666804 19.429340762202255
89 17.95146787696617 16.102657177922868
109 16.102657177922868 14.15131752324345
253 0.13935236413303187 0.07576795869729125
556 0.027513453132947063 0.022725375486164268
618 0.022725375486164268 0.014418216802049244
628 0.014418216802049244 0.013260044967108087
772 0.013260044967108087 0.0012710939921127817
890 0.0012532472964039698 0.0009811210257595349
924 0.0009811210257595349 0.0009586579589857536

11 24.298726116834402 14.193956658773963
17 24.298726116834402 12.845412106647531
18 24.298726116834402 14.904425191140696
29 12.845412106647531 9.66928719382769
39 9.66928719382769 6.668877426274481
59 6.668877426274481 2.697213502756746
200 1.6129399938882187 1.3855371516806372
220 1.3855371516806372 1.1797481994393024
380 1.1133073622535221 1.078392002507453
496 1.0198871550258062 0.992460905941428
579 0.992460905941428 0.5757646545792667
581 0.992460905941428 0.8311605363352648
589 0.5757646545792667 0.20846334908773656
606 0.20846334908773656 0.0441292398058053
696 0.0441292398058053 0.031451732458876336
706 0.031451732458876336 0.02141159406214399
806 0.02141159406214399 9.187217457906627e-05

11 36.518689870794994 26.540516797808237
15 36.518689870794994 27.16134683825306
17 36.518689870794994 31.530068075202838
29 26.540516797808237 18.39743235125445
39 18.39743235125445 12.75004523369978
49 12.75004523369978 9.518418731761027
59 9.518418731761027 8.031074351322452
388 4.029190631888346 2.6548110370701608
480 2.6548110370701608 1.9309145916303194
481 2.6548110370701608 2.421779549907022
499 1.9309145916303194 1.2399215833092612
509 1.2399215833092612 1.0001769371146487
510 1.2399215833092612 1.097858363083354
3817 0.9949590583245822 0.2620876975565274
4229 0.2620876975565274 0.18462634478239082
4354 0.18462634478239082 0.00507112773728835

11 49.818916232859706 18.346707220106246
12 49.818916232859706 33.289358046287404
13 49.818916232859706 23.6369242222817
16 49.818916232859706 31.04483616871026
18 49.818916232859706 42.917154067898224
39 18.346707220106246 17.75375384284498
69 17.75375384284498 15.999763604576078
198 9.37779000452056 6.15539966162773
220 6.15539966162773 5.564810326165107
230 5.564810326165107 4.43032222438525
338 4.43032222438525 2.8187300178870984
339 4.43032222438525 3.567601721753409
469 1.4252583152936715 1.4094497409416036
481 1.4094497409416036 1.1257372276569342
510 1.1257372276569342 1.077415016229942
511 1.1257372276569342 1.0525369582871562
590 1.0525369582871562 1.0157852020495852
650 1.0157852020495852 1.0051027535281207
691 1.0051027535281207 0.9962073266459512
1602 0.9949593931165808 0.28007334969043995
1635 0.28007334969043995 0.11621662135542721
1704 0.11621662135542721 0.027193205636130813

11 30.76882313857037 22.349316434787564
13 30.76882313857037 15.088801417806485
17 30.76882313857037 20.62067223844237
28 15.088801417806485 14.417940102828545
29 15.088801417806485 13.733266333473702
37 13.733266333473702 6.763121852334248
38 13.733266333473702 6.843435858301724
39 13.733266333473702 7.987770861676767
42 6.763121852334248 4.9303536110873445
47 6.763121852334248 4.451501363882922
48 6.763121852334248 2.786665628680989
58 2.786665628680989 1.7780091336717163
76 1.7780091336717163 1.0709367972489972
77 1.7780091336717163 1.3244445983815751
78 1.7780091336717163 1.6061645256775847
99 1.0709367972489972 1.021220318000438
118 1.021220318000438 1.0031670185404167
441 1.0027277027250001 0.9987886654208893
546 0.9987886654208893 0.832481708043872
630 0.832481708043872 0.4855323085834371
654 0.4855323085834371 0.3349848578740193
658 0.4855323085834371 0.4183483280564957
695 0.3349848578740193 0.10232628702712177
697 0.3349848578740193 0.25337568953098355
730 0.10232628702712177 0.014212235725693745
743 0.014212235725693745 0.0010988460432272973

12 39.82349080881599 11.114700869210747
16 39.82349080881599 38.77007524739495
17 39.82349080881599 10.057748241798722
19 39.82349080881599 37.24948000789735
210 9.344640066644608 7.0757759965268825
259 7.0757759965268825 6.955586450603825
400 1.5320950536840527 1.1780071776417316
461 1.0962237337500085 1.0793950860418846
501 1.0793950860418846 0.994971264971575
981 0.9949591904473465 0.32262384414738676
1063 0.32262384414738676 0.22256006375140203
1068 0.22256006375140203 0.009246460038824011
1245 0.009246460038824011 0.008763580410697358

16 21.187487170253345 8.61337013483418
18 21.187487170253345 20.629976976627795
39 8.61337013483418 3.2802296927124672
109 2.4883340242443523 2.332390566078274
240 1.615036021090802 1.4827221183281978
259 1.4827221183281978 1.3261151271786744
280 1.3261151271786744 1.1327594808425587
290 1.1327594808425587 1.1069129529908928
338 1.1069129529908928 1.0449586563073652
378 1.0449586563073652 1.0305886142517657
470 1.0305886142517657 1.020594886586693
529 1.0156168118361961 1.011441329028493
579 1.011441329028493 1.0076580583479888
585 1.0076580583479888 1.006426147201168
600 1.006426147201168 0.9993162019516753
2292 0.9949590586547288 0.7508711974070366
2331 0.7508711974070366 0.6370739449795586
2359 0.6370739449795586 0.119642430445694
2660 0.119642430445694 0.09391351531639458
2986 0.09391351531639458 0.06010409744419576
3013 0.06010409744419576 0.04226256438273879
3140 0.04226256438273879 0.017227705085161915
3392 0.017227705085161915 0.008579591010281717
3404 0.008579591010281717 3.331250268701069e-05

11 22.44682068871782 17.19424937044628
19 22.44682068871782 18.459125213216396
28 17.19424937044628 13.161428744170724
39 13.161428744170724 8.842120841466949
281 2.1142923063448222 1.4813253292696515
431 1.107661715642923 0.2399495432484713
522 0.2399495432484713 0.12415772962173222
600 0.12415772962173222 0.10945637129045593
612 0.10945637129045593 0.09858554531327002
622 0.09858554531327002 0.05098908027104798
770 0.05098908027104798 0.0013253558049868275
924 0.0013253558049868275 6.403367350316103e-05

11 54.53989767667824 19.84439851639848
12 54.53989767667824 50.272883195591284
13 54.53989767667824 32.41864974869311
14 54.53989767667824 37.74980981149414
16 54.53989767667824 32.766952200987106
17 54.53989767667824 29.28032907202544
18 54.53989767667824 29.83740120548042
39 19.84439851639848 19.634008440884358
59 11.926270094700264 7.590762510549686
190 2.618846841050299 1.1181391858697438
517 0.04333161363893723 0.01679085463941732
552 0.01679085463941732 0.0009872401082162696

12 36.13240898720928 23.458098620510214
15 36.13240898720928 28.857752525640286
240 4.106910246210216 3.616814975086715
269 3.616814975086715 1.940064935689911
300 1.5675397636695436 1.4711207610396215
330 1.4711207610396215 1.3663998844111553
378 1.360831566844496 1.3158688837642813
399 1.3158688837642813 1.1119823034879275
410 1.1119823034879275 1.0374340467047176
478 1.0374340467047176 1.0244228846933687
489 1.0244228846933687 0.0920618673608189
578 0.015613368729390231 0.010713208830647858

11 42.55197106822834 20.24649720605437
12 42.55197106822834 26.489830372258282
13 42.55197106822834 40.5312269192288
14 42.55197106822834 28.095167325945717
19 42.55197106822834 34.835883088858886
47 20.24649720605437 15.641612402941838
67 15.641612402941838 14.149754293603745
68 15.641612402941838 12.14423516637304
88 12.14423516637304 9.68158037434115
89 12.14423516637304 11.57919275179918
129 8.277369299554827 5.197116671664501
189 5.197116671664501 3.6569244350866263
804 0.02040594492367731 0.0014074447969036896

12 57.73210945595601 30.37299741843714
13 57.73210945595601 49.94443712000154
14 57.73210945595601 37.24863475380042
15 57.73210945595601 24.7357411747191
16 57.73210945595601 34.439898874872505
18 57.73210945595601 20.979712689028304
19 57.73210945595601 20.960573779043642
28 20.960573779043642 17.19673994784467
47 17.19673994784467 16.54253090313297
58 16.54253090313297 13.589158037101535
68 13.589158037101535 9.745035647051628
69 13.589158037101535 7.885414144105264
79 7.05061396292556 2.524325598018258
128 0.12203265170831656 0.0527554309236109
207 0.0527554309236109 0.025486038619206397
289 0.025486038619206397 0.018954181687721672
745 0.014729976748640183 0.0028710990668194825
887 0.0028710990668194825 0.0010885160625910828

13 53.25428012843052 50.83985662412202
14 53.25428012843052 26.060591347390627
15 53.25428012843052 41.965924766960015
16 53.25428012843052 34.93804026097402
17 53.25428012843052 4.522594257282503
18 53.25428012843052 19.342842691871425
19 53.25428012843052 27.740015974825802
291 2.0176158725362754 1.625145323517387
400 1.3646516336608485 1.1202008979014195
430 1.1202008979014195 1.0607721423031649
495 1.0607721423031649 0.20052178211244964
601 0.20052178211244964 0.1274818346120874
610 0.1274818346120874 0.01647905012800166
859 0.01647905012800166 0.009351612030897627
883 0.009351612030897627 0.003654115833953142
938 0.0023604296756332133 0.000423111938768983

11 61.78939528235597 52.44523391434048
12 61.78939528235597 20.082126321303647
13 61.78939528235597 48.548591942511756
14 61.78939528235597 15.662280740136595
15 61.78939528235597 58.27838520520315
16 61.78939528235597 45.86900431310035
17 61.78939528235597 38.90123373456083
18 61.78939528235597 36.558987505146625
19 61.78939528235597 31.508405126161808
28 15.662280740136595 15.577821286194482
180 3.1165881154969313 1.0878153239418893
200 1.0878153239418893 0.7730998029945937
230 0.7730998029945937 0.04400332619250946
240 0.04400332619250946 0.02275037804378499
489 0.0182754004725183 0.0009799038177007446

12 37.876038910232445 34.95102574705593
13 37.876038910232445 37.58949341530263
16 37.876038910232445 27.92089013136501
17 37.876038910232445 5.61101216417649
19 37.876038910232445 17.147069259846553
480 2.0176553264717363 1.1646319568723023
571 1.1646319568723023 1.0813001200818562
597 1.0813001200818562 1.0534832175989948
880 1.0534832175989948 0.9986831806443561
1034 0.9986831806443561 0.997129594991705
2884 0.9949590586521921 0.7742951034282441
2947 0.7742951034282441 0.5791224085592788
3024 0.5791224085592788 0.3402027850246192
3046 0.3402027850246192 0.22774780464482802
3049 0.3402027850246192 0.16493229659416642
3278 0.16493229659416642 0.05911390760933699
3665 0.05911390760933699 0.036560842334761645

11 30.29874317571806 24.666861984583335
14 30.29874317571806 24.98873262389705
16 30.29874317571806 11.124429096066322
18 30.29874317571806 27.879873753496035
49 11.124429096066322 8.99249233902811
129 2.4468788437664273 2.248173290403244
139 2.248173290403244 2.2438510109902907
149 2.2438510109902907 2.02793485101067
199 2.02793485101067 2.020848076390042
405 2.020848076390042 1.296210937417463
409 2.020848076390042 1.991932942502956
547 1.0547267730982526 0.017461666624388528
1035 0.009876765672970578 0.0053714437069558585
1105 0.0053714437069558585 0.005035332367718581

13 40.79798890451147 35.64363233326482
14 40.79798890451147 30.043136920163555
16 40.79798890451147 36.19249046871724
17 40.79798890451147 34.859560574995754
18 40.79798890451147 38.475474399830055
27 30.043136920163555 27.3606743983607
36 27.3606743983607 22.958226564822525
38 27.3606743983607 23.641699305523726
59 19.512804791901882 12.033070019082539
66 12.033070019082539 11.926768899387948
69 12.033070019082539 10.115443954164666
79 10.115443954164666 3.3150870925917175
179 3.0616989030795487 2.5073175315745644
199 2.5073175315745644 2.000335550880852
397 2.000335550880852 1.2150124681174148
468 1.2150124681174148 1.1013391140532036
470 1.2150124681174148 1.1127912224822083
486 1.1013391140532036 1.0206716436520331
517 1.0206716436520331 0.7239121305285607
609 0.7239121305285607 0.16086561622564943
629 0.16086561622564943 0.09913754971410782
660 0.09913754971410782 0.06270867756585119
729 0.06270867756585119 0.04294697986144769
799 0.04294697986144769 0.04193126028317096
823 0.04193126028317096 0.03208194020456645

11 26.51381247938761 9.203727076198188
16 26.51381247938761 16.72653447196324
149 5.648842812240176 5.2332293009202715
150 5.648842812240176 4.940898354857303
350 1.7088299164991874 1.5059131158713015
361 1.5059131158713015 1.1951688048747542
376 1.1951688048747542 1.1110465611380853
391 1.1110465611380853 1.010402332870715
1008 0.9949830029032789 0.40155175696746426
1063 0.40155175696746426 0.2476289896452677
1108 0.2476289896452677 0.02086415991962909
1225 0.02086415991962909 0.014713975004827518

11 26.666386568743437 19.191663171816558
12 26.666386568743437 18.267364386927866
13 26.666386568743437 18.4550150243882
14 26.666386568743437 21.806479181869562
15 26.666386568743437 11.689346667746367
17 26.666386568743437 26.122546282835966
48 11.689346667746367 9.677712957154249
57 9.677712957154249 9.454198616310112
66 8.47553918181602 7.024769447677912
79 5.155234128747342 4.7761564633507305
88 4.7761564633507305 0.08716350050975663
360 0.04443992397196794 0.023376650971599133
411 0.023376650971599133 0.020515936878076957
457 0.020407784269920626 0.010223668394818475
592 0.010223668394818475 0.0029225348749122304

13 41.30309839125925 33.02019601501141
14 41.30309839125925 21.205428876847527
18 41.30309839125925 16.764925478796926
19 41.30309839125925 21.7604757425571
129 9.728895686800708 9.387009908371622
179 9.387009908371622 9.017297099071873
229 9.017297099071873 9.016975696122232
247 9.016975696122232 5.1171056157925
339 5.1171056157925 5.034636530182254
379 4.409762721844707 4.239834657760259
410 4.239834657760259 3.9982928745620896
547 3.9982928745620896 2.9917189518799674
600 2.4091733695177524 2.39727029559873
609 2.39727029559873 1.4518833906599689
635 1.2152483020876161 1.184522501478959
651 1.184522501478959 1.125306684853463
669 1.125306684853463 1.008886718724277
739 1.008886718724277 1.002795675404471
793 1.002795675404471 0.999197456844886
2530 0.9949590666142925 0.5468300356906326
2563 0.5468300356906326 0.23664673156611826
2635 0.23664673156611826 0.1795405958796188
2888 0.1795405958796188 0.020444859764094048

11 54.477609369985544 22.968840440656766
12 54.477609369985544 27.33713098448141
13 54.477609369985544 44.30772007675773
14 54.477609369985544 38.569907473361376
15 54.477609369985544 41.8056496824596
16 54.477609369985544 39.754513325017214
17 54.477609369985544 53.15452674433271
18 54.477609369985544 37.554339797506
19 54.477609369985544 17.709920374400923
59 17.709920374400923 11.158595965138264
239 5.5793732423602975 4.772102905042134
348 4.463725666472769 2.08198233031343
438 0.45098094911256936 0.27827441883771087
440 0.45098094911256936 0.18541007893025352
479 0.18541007893025352 0.06803215367897764
529 0.06803215367897764 0.015468388290180712
546 0.16310359355866666 0.051626645994300446
653 0.051626645994300446 0.006909776972612747
670 0.006909776972612747 0.0023112065577493013

11 66.21334431730168 24.924342224510312
12 66.21334431730168 24.538505453867707
13 66.21334431730168 53.42746450171582
14 66.21334431730168 13.923207032354675
15 66.21334431730168 20.450055480938897
16 66.21334431730168 38.95471462004383
17 66.21334431730168 56.74798272426896
18 66.21334431730168 21.729809265097465
19 66.21334431730168 51.347821078319534
99 13.239912669252954 12.527924630042547
139 12.527924630042547 11.028412335913048
148 11.028412335913048 10.808635337818991
149 11.028412335913048 9.800222615195196
157 9.800222615195196 9.420835050794258
158 9.800222615195196 9.119575791704483
169 9.119575791704483 8.465594593489044
279 7.960759197182028 6.251299032730902
339 5.588823997246157 5.4723661537704515
379 5.2188013518748555 5.0923364231407025
388 5.0923364231407025 4.976594900794014
497 4.976594900794014 4.327904786736061
539 4.327904786736061 4.066044968545365
557 4.066044968545365 4.016210011826075
577 4.016210011826075 4.004815584488773
579 4.016210011826075 3.99242853999953
594 3.99242853999953 3.4461593164384254
598 3.99242853999953 2.5717257446316495

11 34.810456045734945 11.895476265484056
13 34.810456045734945 30.12119007161668
16 34.810456045734945 28.681218085249657
99 5.226567668526442 5.086441677573246
108 5.086441677573246 4.553868378564079
116 4.553868378564079 3.8843153794390304
298 2.095609841468921 2.060941183339466
310 2.060941183339466 2.0218132154723065
347 2.0218132154723065 1.7611200347470302
390 1.7611200347470302 1.0403348215822774
430 1.0403348215822774 1.0001649403759387
3022 0.9949590745937584 0.09735269323964246
3060 0.09735269323964246 0.02843570632890291
3988 0.02843570632890291 0.003318552591167645
4250 0.003318552591167645 0.003176949683954433

352 0.06504815757315185 0.041271265610816954
362 0.041271265610816954 0.032638711478099935
497 0.030729097065766098 0.01781770773537872
664 0.01781770773537872 0.013875997173968813
810 0.005532716686701633 0.004103229640872286
1023 0.004103229640872286 0.0008634095344959292

12 47.030826680183964 40.37963164143132
14 47.030826680183964 39.52954204837965
17 47.030826680183964 30.327345372828326
18 47.030826680183964 35.1030859643546
19 47.030826680183964 24.509918505112726
49 24.509918505112726 21.699083224777727
59 19.652465704126122 18.75876621485905
99 18.15251005050749 14.232104367051614
178 11.308858334221185 11.254510748207965
179 11.308858334221185 10.448544989431484
268 10.448544989431484 6.841858102952145
289 6.841858102952145 6.517742285821974
467 4.027849268994759 3.4018510761998506
668 1.074435147792542 0.5994466924924993
707 0.5994466924924993 0.10162815664266489
795 0.10162815664266489 0.04691875655557709
827 0.04691875655557709 0.02199521435585794

13 42.35131316858194 27.717458673751544
14 42.35131316858194 34.59778455981244
15 42.35131316858194 41.035030801856934
17 42.35131316858194 40.37548448034829
29 27.717458673751544 25.038273272351013
38 25.038273272351013 24.436582594833506
239 5.243603825673617 3.3881678421112085
319 2.4154090195529534 2.368970485151877
327 2.368970485151877 1.7529379276839592
420 1.7529379276839592 1.2616900219387333
439 1.2616900219387333 1.1468041952924892
460 1.1468041952924892 1.0646222497064528
550 1.0646222497064528 1.0103737427895112
627 1.0103737427895112 0.9976163504765978
862 0.9974433414247699 0.9958664679103961
3366 0.9949590702525093 0.13994381016443924
3914 0.13994381016443924 0.02340023680762826
4008 0.02340023680762826 0.007555549881182344

11 59.33850031946066 27.8861578224953
12 59.33850031946066 33.115397686243604
13 59.33850031946066 35.55847770536746
14 59.33850031946066 44.1865679480591
15 59.33850031946066 20.025531251402384
16 59.33850031946066 42.05217051202391
17 59.33850031946066 20.131309189053585
18 59.33850031946066 11.849263270911917
19 59.33850031946066 10.924281392171824
29 10.924281392171824 6.278491583891713
39 6.278491583891713 5.8238777361024
69 4.667014318032852 2.232739301392069
119 2.232739301392069 2.002839635059562
327 2.002839635059562 1.978906297782057
410 1.7486785174619257 1.4065375224088328
457 1.1254897460397189 1.0923237208666734
458 1.1254897460397189 1.0185072767323788
467 1.0185072767323788 0.1542199499316439
510 0.1542199499316439 0.06146582659147626
599 0.06146582659147626 0.057983025444471537
639 0.057983025444471537 0.02776107924629656
817 0.02776107924629656 0.020961672987365176
878 0.020961672987365176 0.020706590012274262
881 0.020961672987365176 0.007130871062770439
984 0.007130871062770439 0.006167235667057014
1091 0.006167235667057014 0.004985645804236327

11 51.51545774800525 30.62652010207299
12 51.51545774800525 51.28266234768749
14 51.51545774800525 13.383999951947644
15 51.51545774800525 6.809393944048683
16 51.51545774800525 19.52164283664543
17 51.51545774800525 50.22953573463396
18 51.51545774800525 33.29587274522052
19 51.51545774800525 36.937767338176855
79 6.809393944048683 4.536270698276132
288 2.0039420882791177 1.5736971825432455
360 1.5736971825432455 1.113343350458198
390 1.113343350458198 1.0301148444528394
436 1.0301148444528394 0.995463910185272
5605 0.9949590583511174 0.8141224413515005
5780 0.8141224413515005 0.6369439733514248
5897 0.6369439733514248 0.10034476780521828
6058 0.10034476780521828 0.05634159384273829
6218 0.05601855303007852 0.045303561602743514
6302 0.045303561602743514 0.015388303940781611
6460 0.015388303940781611 0.011856963092093054

11 51.70253888775433 16.331317315609393
14 51.70253888775433 35.53026184298907
15 51.70253888775433 46.73838702274827
16 51.70253888775433 38.36505408373611
17 51.70253888775433 32.70066539081964
18 51.70253888775433 47.860141888168314
69 6.9291940614378 5.1110246243905415
200 5.1110246243905415 2.0113561102247814
391 1.660543847048089 1.3926827189295636
401 1.3926827189295636 1.2174277121795427
586 1.0403493110244462 1.0098820809557125
602 1.0098820809557125 1.0056322722283682
669 1.0055252660159866 0.9972838539774678
695 0.9972838539774678 0.9096074711798252
771 0.8554298986552347 0.5900121971747154
791 0.5115581981628807 0.3517057511106252
805 0.3517057511106252 0.27092785389340435
811 0.3517057511106252 0.1016258609458518
821 0.1016258609458518 0.07556012494060127
905 0.07556012494060127 0.05159520647176663
1353 0.0076022481793849295 0.00660695448750559
1405 0.00660695448750559 0.006582833682742262

14 39.03370952566722 33.14600627703185
15 39.03370952566722 32.228891529703354
16 39.03370952566722 26.60085918041805
17 39.03370952566722 17.323306479512105
18 39.03370952566722 16.034601447975714
19 39.03370952566722 23.480764088843706
29 16.034601447975714 7.615303504998071
69 5.537912847256493 5.384633821496106
79 5.384633821496106 3.85613859713855
99 3.85613859713855 1.359756971758312
250 1.1883320595385278 1.153290507151418

11 23.07819399431003 6.957824661380641
13 23.07819399431003 7.501726878628363
14 23.07819399431003 17.297208235013073
17 23.07819399431003 21.87353097538601
99 6.32998149306767 6.256228167694307
109 4.8643981262521265 4.854523121914973
118 4.854523121914973 4.8028543117756435
127 4.516429787641254 4.147651774437717
129 4.516429787641254 3.9260083840075843
139 3.9260083840075843 1.6849473060526066
149 1.6849473060526066 0.8823171599230157
209 0.8368185487506032 0.8021285567223906
259 0.8021285567223906 0.7759239697761089
289 0.21251412133508296 0.18011768354364932
309 0.18011768354364932 0.08171323879336967
369 0.08171323879336967 0.07418663006061621
386 0.07418663006061621 0.010987266950685637
526 0.010987266950685637 0.0011671225658318463

11 55.07896345588089 38.231605167758445
12 55.07896345588089 45.81180639534794
13 55.07896345588089 20.236448754534415
15 55.07896345588089 30.11308154883153
16 55.07896345588089 51.67219447033382
17 55.07896345588089 8.82676454929074
18 55.07896345588089 29.947403606811186
49 8.82676454929074 4.532549774231903
149 3.240101230139512 2.9163848775550676
159 2.9163848775550676 2.5026332972153966
189 2.5026332972153966 1.346365123303265
209 1.346365123303265 1.0798264890706832
279 1.0798264890706832 1.0523685448971634
369 1.0523685448971634 1.0302094181475745
389 1.0302094181475745 0.995396883541126
488 0.995396883541126 0.5633665545456239
558 0.5633665545456239 0.031021431299954827
595 0.031021431299954827 0.0013202685893460853

11 41.1121410893485 36.40534743968445
13 41.1121410893485 34.850727174607236
14 41.1121410893485 21.88018695408902
15 41.1121410893485 25.208467117594456
16 41.1121410893485 38.274914361249
17 41.1121410893485 39.796041636365445
18 41.1121410893485 29.973113556420856
59 13.473985429526634 12.386460785948232
88 4.1736257006407875 0.5866920042934538
428 0.0460625812723805 0.0014412084840742523
573 0.0014412084840742523 0.0008856242205226295

12 40.94742332161294 13.093460014600637
13 40.94742332161294 31.474107628082855
14 40.94742332161294 31.87746001501153
15 40.94742332161294 21.927723675432098
18 40.94742332161294 15.085218730530784
19 40.94742332161294 32.20319485055964
59 13.093460014600637 11.49054948398645
138 9.133385611121604 9.099725821460162
139 9.133385611121604 4.648708009528786
259 4.187336306786934 3.8960455314021516
340 3.0812934062735806 1.9284236026870545
469 1.2478177880802832 1.1592050784224313
527 1.1592050784224313 1.1007223333662033
575 1.1007223333662033 1.0392113238763336
577 1.1007223333662033 1.0859043364403327
669 1.0392113238763336 0.1680298484537417
681 0.1680298484537417 0.13476444452435032
699 0.13476444452435032 0.019298636278456627
734 0.019298636278456627 0.0054808259671617066
789 0.0054808259671617066 0.003451000591176978

11 29.01359913646544 18.995592938592697
14 29.01359913646544 22.060421876089535
19 29.01359913646544 28.129165202365435
58 13.119545935985359 13.073101389450215
159 7.046280805561642 6.692570837864427
199 6.692570837864427 5.558996140512956
209 5.558996140512956 5.451631684772703
249 5.451631684772703 5.297473230674022
258 5.297473230674022 4.569206770673503
496 0.12297437758181218 0.03251993687213073
551 0.03251993687213073 0.013456876252526229

16 27.448179423278013 15.456446756488743
17 27.448179423278013 18.129453328837684
19 27.448179423278013 24.573853617037155
78 13.684978691241188 13.220690341394944
79 13.684978691241188 7.886523082875488
169 5.012113029923679 4.675693194760218
249 4.675693194760218 4.145120793758622
298 4.145120793758622 1.3342880164463438
519 0.9972868364381284 0.5127866348595447
538 0.5127866348595447 0.44024319326340944
560 0.44024319326340944 0.14686980485821266
660 0.14191364225968073 0.0856610918008407
678 0.0856610918008407 0.02245167824990446
1138 0.015813533063230523 0.0014287724945418745

11 61.27742988155873 45.55404553214119
12 61.27742988155873 57.395752373253345
13 61.27742988155873 41.378789604281565
14 61.27742988155873 27.18084247647984
15 61.27742988155873 33.64666468671149
16 61.27742988155873 8.999912475339944
17 61.27742988155873 36.60729941338047
18 61.27742988155873 20.988560289590698
19 61.27742988155873 47.36948236836859
158 5.53103820899366 5.266862962560092
170 5.266862962560092 5.220742781965182
180 5.220742781965182 5.018547168917021
270 5.018547168917021 2.9520864897817276
451 2.014944140646655 2.0100382628896014
457 2.0100382628896014 1.724335996989108
531 1.724335996989108 1.4925017100893463
541 1.4925017100893463 1.1022404812949205
600 1.1022404812949205 1.038223067464351
624 1.038223067464351 1.0138529544937356
7021 0.9949590579338867 0.24450376397221874
7332 0.24450376397221874 0.05208567434959832
7662 0.05208567434959832 0.022049955349842776

11 56.995770001848804 30.283710320117727
13 56.995770001848804 20.99777027803542
14 56.995770001848804 28.924589132963156
17 56.995770001848804 56.87489608689582
19 56.995770001848804 36.969851830960856
38 20.99777027803542 13.507324846607258
39 20.99777027803542 14.757528221481236
49 13.507324846607258 7.691257652833622
169 4.246218152480264 3.9902361721743524
208 3.9902361721743524 3.981232872977653
366 3.981232872977653 2.732452992254494
438 2.164096102467461 1.9025125727110606
481 1.8609732897965294 1.1605290309618503
509 1.1605290309618503 1.1265301765703946
525 1.1265301765703946 0.2054790518790952
528 1.1265301765703946 0.4385563764324303
530 1.1265301765703946 0.05392917785638218
711 0.04953290120942455 0.006709502247332466
837 0.006709502247332466 0.004406715334461353
1074 0.004406715334461353 0.0017808985509120134
1199 0.0017808985509120134 0.0016505484557427508
1406 0.0016505484557427508 0.0005360991691318873

11 60.59914556740945 25.188901719557705
12 60.59914556740945 17.475745768086213
13 60.59914556740945 59.152926295277695
14 60.59914556740945 36.79140169757629
15 60.59914556740945 39.110866352517235
16 60.59914556740945 20.673416773311146
17 60.59914556740945 30.65087414989164
18 60.59914556740945 34.38767501898873
19 60.59914556740945 9.914173067999558
48 9.914173067999558 7.693261938056935
99 2.1725574732211115 0.7705314016947256
149 0.5749949852149641 0.19236576012739448
279 0.19236576012739448 0.08547218621822594
300 0.08547218621822594 0.006663436375053067
528 0.006035448200933047 0.004508892564267342
878 0.004508892564267342 0.004176795976171377
928 0.004176795976171377 0.0018931402908464179
934 0.004176795976171377 0.0016777509826724213

270 0.43079592594414606 0.007547405865587109
929 0.0062395705952198455 0.005116083582233699
986 0.005116083582233699 0.00508998555204343

11 41.045976031348786 37.3121448613869
12 41.045976031348786 27.307922876811688
14 41.045976031348786 29.552262869904705
16 41.045976031348786 36.213714142699345
17 41.045976031348786 19.107826158565636
18 41.045976031348786 26.916212671059725
19 41.045976031348786 35.963952655219046
99 10.367042163343955 8.675896227595217
297 4.059513494319866 1.2450533855239776
389 1.2450533855239776 1.212987549600303
399 1.212987549600303 1.1484839127431314
400 1.212987549600303 1.0917610544474812
489 1.0917610544474812 0.28972965494245173
548 0.28972965494245173 0.10645372470302306
588 0.10645372470302306 0.04198023031159437
698 0.04198023031159437 0.03072660929345261
718 0.3400138758262088 0.1053258420265486
785 0.08665613232656 0.04433499520940032
858 0.04433499520940032 0.011062596008706294
890 0.011062596008706294 0.006428131594631736
1128 0.002536177407456819 0.0018848653224665668
1152 0.0018848653224665668 0.0018200759597846172
1162 0.0018200759597846172 0.00168881307502744

11 59.90401244038761 48.84231215410826
12 59.90401244038761 59.7099009277696
13 59.90401244038761 37.68490893874686
14 59.90401244038761 21.64752005575562
15 59.90401244038761 45.58388553026617
16 59.90401244038761 21.261058413295114
17 59.90401244038761 47.21469963703008
18 59.90401244038761 35.0097197320227
19 59.90401244038761 25.76364905000318
28 21.261058413295114 12.78833869060534
29 21.261058413295114 13.86134837464186
58 12.78833869060534 12.725970608794032
78 12.725970608794032 8.638902520039373
79 12.725970608794032 10.789980765768453
88 8.638902520039373 8.288476616157286
210 4.00122754057384 2.3270188850354003
220 2.3270188850354003 2.17478559646802
230 2.17478559646802 2.03299629159779
268 2.03299629159779 2.0218807507982746
357 2.0218807507982746 1.9313077024333083
410 1.9313077024333083 1.0125237134463276
588 1.0125237134463276 1.0051475200470747
659 1.0051475200470747 0.999099041639699
1064 0.9989114449692806 0.9962966589790838
1195 0.9962966589790838 0.9949685697154393
5653 0.9949590571056461 0.40006401593824137
5762 0.40006401593824137 0.21813697133912058
6101 0.21813697133912058 0.04769794719923226
6289 0.04769794719923226 0.04336809678547837

11 29.946226241046027 11.730556699270398
15 29.946226241046027 26.031587555992903
17 29.946226241046027 29.446675320687152
18 29.946226241046027 18.658534669943393
49 11.730556699270398 11.588958916935987
59 11.588958916935987 11.008304776138639
68 11.008304776138639 10.00319537326636
69 11.008304776138639 10.252910077621285
89 10.00319537326636 4.077402255277285
239 1.490181185205266 1.0575810215676498
270 1.0575810215676498 1.0094605432333381
1015 0.9989537104657913 0.9975406302617458
1147 0.9975406302617458 0.9953418596083878
3268 0.9949590627888298 0.8484319758925274
3373 0.8484319758925274 0.44117965173382956
3448 0.44117965173382956 0.1958680886158639
3640 0.1958680886158639 0.04074232040642656
4006 0.04074232040642656 0.025810734683538783
4040 0.025810734683538783 0.006698416915206451
4210 0.006698416829699738 0.005362612306157644
4321 0.005362612306157644 0.005252314066133579

11 56.20309924214588 44.32827209640121
12 56.20309924214588 34.58549704263131
14 56.20309924214588 21.027160875861576
15 56.20309924214588 45.25620955716898
16 56.20309924214588 43.271546367479786
17 56.20309924214588 51.84317258300554
18 56.20309924214588 22.48290834443873
19 56.20309924214588 34.42563643811687
29 21.027160875861576 19.05568436458052
39 19.05568436458052 19.0005210298092
49 19.0005210298092 15.502132160771156
59 15.19032599237746 13.126501846821068
79 13.126501846821068 8.14346715074671
89 8.14346715074671 6.519484491614289
129 2.2549472926155403 1.0525934657725529
189 1.0525934657725529 1.031203486762145
289 1.0253653389522839 1.023385795552823
369 1.023385795552823 1.015528086564487
426 1.015528086564487 0.9957408341945175
539 0.9957408341945175 0.3867051143286062
569 0.3867051143286062 0.22831844010104874
577 0.22831844010104874 0.06831403408919812
697 0.06831403408919812 0.038324658859014704
718 0.038324658859014704 0.01694055524094651
719 0.038324658859014704 0.000143552563130811

12 43.10003242956999 38.25805439163607
13 43.10003242956999 32.556856023442826
14 43.10003242956999 25.308274821190842
15 43.10003242956999 32.3154601761229
18 43.10003242956999 17.488762126740184
57 17.488762126740184 13.024056382793495
200 7.219147598513345 6.085701658582849
210 6.085701658582849 5.055263627398443
230 5.055263627398443 4.988818720242264
335 4.988818720242264 4.542641542472245
344 4.542641542472245 3.975599350492921
418 2.370103310631606 2.0958400149494523
558 2.0958400149494523 2.016733543593368
581 2.016733543593368 1.6431548235524076
588 1.604676219298149 1.5623732499460203
589 1.604676219298149 1.4760272150312375
600 1.4760272150312375 1.078031685373162
701 1.078031685373162 1.0713539525174198
707 1.0713539525174198 1.0576231148039668
770 1.0576231148039668 1.020326692272853
833 1.020326692272853 1.0063926357319737
849 1.0063926357319737 0.8947986516133142
939 0.5240637249583529 0.35161600701255935
940 0.5240637249583529 0.1358176211117339
968 0.1358176211117339 0.08876638000739945
1031 0.08876638000739945 0.005057432522633576
1039 0.005057432522633576 0.0037287524671754113

11 67.04691934108607 26.505337148209605
12 67.04691934108607 24.814139352557383
13 67.04691934108607 23.029631250624995
14 67.04691934108607 30.816827979647098
15 67.04691934108607 58.12995634664949
16 67.04691934108607 41.890348099249955
17 67.04691934108607 24.05355503840169
18 67.04691934108607 31.8857706226413
19 67.04691934108607 49.02150200039104
27 23.029631250624995 21.115462255962704
29 23.029631250624995 15.284373670799113
39 15.284373670799113 11.1290959461741
180 10.046141643145008 8.984822121481255
230 8.984822121481255 8.529057554348013
237 8.529057554348013 8.423671341757252
238 8.529057554348013 7.213762371322918
239 8.529057554348013 8.347459147011374
240 8.529057554348013 8.436420167193816
390 1.215581505255944 0.9981225106667466
481 0.9981225106667466 0.8784067227971804
571 0.30366122998211154 0.048961080753713304
637 0.048961080753713304 0.02708078066937958
664 0.02708078066937958 0.019955448367472428
670 0.02708078066937958 0.0006885678400792017
801 0.0006885678400792017 7.553879708410705e-05

11 51.15354254795492 27.639086583917837
13 51.15354254795492 47.38342544040965
14 51.15354254795492 29.160116645643136
15 51.15354254795492 19.417538651190227
17 51.15354254795492 36.75042181677239
19 51.15354254795492 29.280215541554803
46 17.179969653526644 14.101715899585814
59 11.988270574607025 9.228864380322339
159 9.228864380322339 5.0293637767242885
388 4.029154490468434 1.4695163621422296
390 4.029154490468434 2.4560674614172484
410 1.4695163621422296 1.0791028578498327
499 1.0791028578498327 1.0755812332936472
566 1.048851431176665 0.7744250133458479
631 0.7744250133458479 0.010767806807734814

11 37.681748633979126 30.864320489883415
12 37.681748633979126 25.584748541954728
48 25.584748541954728 18.88843645241726
49 25.584748541954728 22.740756060888103
109 5.896963320766863 5.426446937285
306 5.025392808419053 1.7787939478472623
371 1.7787939478472623 1.6018748443755761
391 1.6018748443755761 1.117247195417157
596 1.099864562189758 1.0420046824433449
597 1.099864562189758 1.0005293006283118
923 0.997698722986879 0.9967067284068207
6742 0.9949590571143574 0.3041131787219413
7290 0.3041131787219413 0.0587582509893565
7436 0.057997744339935764 0.054301362340027026
7481 0.054301362340027026 0.053067753857483524
8754 0.0017609139113972105 0.001573051999969266
8832 0.001573051999969266 0.0014141019686420009

12 45.99336917465753 28.94797273353852
14 45.99336917465753 41.815756666214384
16 45.99336917465753 16.07906799085866
17 45.99336917465753 33.77707249450064
18 45.99336917465753 42.57841154492934
19 45.99336917465753 42.18291614471012
251 2.041560130500482 2.0332425651909105
290 2.0332425651909105 2.005023042856088
2159 1.9899181606517757 1.0531417946168986
2802 1.0531417946168986 1.0395947417218494
5763 0.9949590571519096 0.8076192120382828
5845 0.8076192120382828 0.44300838707337675
5930 0.44300838707337675 0.2990405514546808
6482 0.2990405514546808 0.09334768281480166
6784 0.013764258087938686 0.003444882100147595
6925 0.003444882100147595 0.002914512620129983

11 36.582010174298716 18.01151865345786
12 36.582010174298716 24.21556970517327
14 36.582010174298716 29.397565761809755
15 36.582010174298716 26.38550427863772
17 36.582010174298716 26.15540086326193
19 36.582010174298716 31.622811493334872
39 18.01151865345786 12.743967133654326
49 12.743967133654326 9.784691269061797
89 5.627277263256003 3.628781093270888
98 3.628781093270888 2.616694329698209
119 2.616694329698209 2.1176343421329094
199 2.1176343421329094 1.4554148979944443
330 1.2507186970928963 1.0422077363013287
348 1.0422077363013287 1.0414110091420241
560 1.0414110091420241 1.0333053729594681
635 1.0333053729594681 0.9974262419537752
659 0.9974262419537752 0.9953102578968398
2611 0.9949590584257351 0.7495976836820972
2631 0.7495976836820972 0.511661250765755
2723 0.511661250765755 0.15549706033646515
2758 0.15549706033646515 0.07165523936112805
2783 0.07165523936112805 0.038460635231594154
3554 0.016969718514253884 0.00910851221045661
3594 0.00910851221045661 0.0020950310551661744

11 65.77164858774024 26.26748677324082
12 65.77164858774024 34.0506832929349
13 65.77164858774024 34.67078718049062
14 65.77164858774024 35.791623879811844
16 65.77164858774024 37.03361403093112
17 65.77164858774024 34.89707420475124
18 65.77164858774024 32.88099820591327
19 65.77164858774024 44.36226283037033
28 26.26748677324082 18.793240413355804
54 18.037436116552733 15.453428030515372
69 15.453428030515372 10.433494702249074
79 9.2033688589209 5.691691866147481
89 5.691691866147481 3.1216472142949563
109 3.1216472142949563 2.5932506306724328
139 2.5932506306724328 2.0563012664033025
359 2.0563012664033025 2.0075601854558265
457 2.0075601854558265 1.570633103661443
529 1.570633103661443 1.4393204532577286
550 1.4393204532577286 1.1450055540093658
580 1.1450055540093658 1.066459347043498
680 1.066459347043498 1.0134730555039901
784 1.0134730555039901 1.0116030713534343
836 1.0116030713534343 0.9993443876118349
938 0.9993443876118349 0.9983289560705018
1020 0.9983289560705018 0.9965756972292041
6186 0.9949590584332277 0.2662984455243702
6355 0.2662984455243702 0.02924662363143682
6431 0.02924662363143682 0.029133198047269104
6850 0.029133198047269104 0.0013243966586138356

11 37.985107623967274 35.682321118047675
12 37.985107623967274 24.187743810410804
13 37.985107623967274 28.353468747449767
18 37.985107623967274 28.960770655529494
89 10.839636269906126 6.885692728143379
99 5.6172431444907325 4.537731205298286
260 2.127842150550599 2.1074683610390608
290 2.1074683610390608 2.0672575993101887
309 2.0672575993101887 2.0582147100488335
320 2.0582147100488335 2.0009518540165416
407 2.0009518540165416 1.9986434212680635
450 1.9986434212680635 1.016289813218549
5129 0.9949590591404274 0.8700259577516363
5199 0.8700259577516363 0.35437778488363847
5402 0.35437778488363847 0.004746493425802356

11 38.0052460987168 29.567482030591034
16 38.0052460987168 36.05568817985054
17 38.0052460987168 26.996355842246313
18 38.0052460987168 29.795463893580223
28 26.996355842246313 22.863642378534333
79 21.158891210836117 19.799272488589786
98 13.49173929614399 13.042613932928724
178 7.009591827836175 5.745519888452289
328 2.0678096145949567 1.5481971104301948
399 1.5481971104301948 1.3357505412487392
410 1.028947178315974 0.16654746241272278
518 0.16654746241272278 0.1477195731287253
829 0.004435391352977547 0.0019528154726771163
852 0.0019528154726771163 0.0008925369218601986

15 11.477010723266664 9.086694682941157
89 8.300633985322182 5.329595752538459
139 5.263431130299203 5.0125102915455155
369 5.0125102915455155 4.992462649524526
399 4.992462649524526 0.03864032796687411
441 0.46879985426807025 0.35580428105159
518 0.35580428105159 0.3407722247578562
529 0.3407722247578562 0.04726968948975596
531 0.3407722247578562 0.18577200762403834
589 0.04726968948975596 0.028033588020228706
757 0.028033588020228706 0.019862096207589275
970 0.019862096207589275 0.014345521445296328
1194 0.014345521445296328 0.011041280784517937
1313 0.011041280784517937 0.002878903051005466

11 19.692311447826306 18.057416491660753
66 10.067044928146416 10.042794488800382
259 2.1229463135201954 2.060337244393306
370 2.0211522017500485 2.0159998733300313
428 1.3631979034852648 1.334826399727259
460 1.3234067781982333 1.2205111490997567
466 1.2205111490997567 1.14266616145364
520 1.14266616145364 1.1352711479409265
559 1.1352711479409265 1.1010022900155931
590 1.1010022900155931 1.0358426307091477
603 1.0358426307091477 0.9952558022405
1032 0.9951125278872865 0.9950453676788626
1043 0.9950453676788626 0.9950353869314768
1216 0.9949672295586183 0.7303440431326038
1292 0.7303440431326038 0.28518454474825816
1330 0.28518454474825816 0.13628407638175588
1351 0.13628407638175588 0.03457065303143736

13 41.62177840161573 30.282267851875762
15 41.62177840161573 20.621175924998205
17 41.62177840161573 26.897469386487366
18 41.62177840161573 30.353914924417687
19 41.62177840161573 34.92877350083377
28 20.621175924998205 18.299779720681183
67 13.399834451655652 12.909160971496352
68 13.399834451655652 10.742712053196431
78 10.742712053196431 8.045559303353034
269 4.033640243338336 3.635300832811584
298 3.635300832811584 0.909306623774846
626 0.10111186642597403 0.06397531994179673
645 0.06397531994179673 0.006641446407392948
675 0.006641446407392948 0.006077187259826644
745 0.006077187259826644 0.0029928837824542143

11 50.83165884774067 10.184537680471394
12 50.83165884774067 50.011413532931456
13 50.83165884774067 49.9340870612196
14 50.83165884774067 26.193491955726763
15 50.83165884774067 44.7003458760085
16 50.83165884774067 14.94471721395443
17 50.83165884774067 19.352449995731515
18 50.83165884774067 21.620702845249394
19 50.83165884774067 25.004202645237513
29 10.184537680471394 7.452712062697579
190 1.7645839972743005 0.8675562242992285
244 0.49534711498909445 0.23595404955601396
249 0.49534711498909445 0.2880130986166165
309 0.23595404955601396 0.010599334051050846
329 0.010599334051050846 0.007571644652134779
618 0.007571644463471472 0.0011457767130806928

