pass_rich_rastrigin10_step1_poor1rich9
eval_cnt worst_rich_fitness new_rich_fitness
11 181.37716873224292 110.41733429580489
41 187.84089120271727 115.10765863244822
71 182.60431609924328 181.31500493702902
292 151.5548742277614 148.79659639023885
312 148.79659639023885 148.60721601510716
523 132.6326557703168 129.48468445647427
857 132.17862541626948 129.9126433181207
1724 114.706302411122 107.11512343257425
1986 106.83455771069657 102.52115016342262
6355 82.58116331189134 78.67161017114724
10421 71.63662402811406 71.31823228729284

11 235.17371031481076 207.74294198646416
51 194.01626416403198 106.600854147076
282 171.62756114411283 129.49913837684446
283 171.62756114411283 131.9177256340875
545 152.6503495805025 149.32417845105402
1069 139.04369915300305 138.73223659469676
1311 117.59069238170437 36.633435373050865
3107 100.27545463097536 95.05233990001105
4509 88.11078672637315 61.37924278496681
7505 82.15194614985687 79.93190529977403
9280 81.58613674634096 68.66424517478036
10147 67.6570315521309 33.73599607385843

21 219.753888318567 212.6855687507221
51 207.09119229810653 202.48960509136805
61 202.29134961691557 199.01662333753524
71 197.00759109491887 193.69006532146375
81 194.29228901239512 192.8470173784824
91 192.8470173784824 192.25521504458885
101 192.25521504458885 188.23444152783475
121 181.3656554521997 178.82406056797186
131 178.82406056797186 178.17743418372393
141 178.17743418372393 173.33032479315503
272 154.14295626638142 150.4515142925827
1291 125.99524144987717 101.698892799185
3490 99.32821915098279 98.52292729540903
3570 98.52292729540903 98.45488250157972
3630 98.19097227215896 71.87774126078376
4931 96.1453950291451 89.90107913800735
7140 93.52590856652667 90.91644375223147
10237 77.606366930988 67.44445357177452
12234 72.63164306016958 64.66078774705485
14645 70.64154605707671 64.95360702868136
16622 69.64684630853854 50.827592075757025
26006 62.68202079421447 62.02123422623844
88176 56.71244424440218 56.47321645793441

212 181.86150709187052 175.0800523693813
222 179.33401607403255 176.29457489617522
232 175.0800523693813 174.58194292431887
393 137.4169471640339 133.13869052831126
403 137.40332232993242 134.87466283926685
957 128.45905689578984 120.75909094799414
1058 128.37488931363586 117.81060584211929
2208 120.27908896150605 102.90919174742709
3327 112.67783257065193 107.46910675998278
3328 112.67783257065193 105.80750751195679
4569 96.92685843195768 95.7386504418649
7222 80.6208749062859 76.56233864600043
13680 74.62147941128046 70.3214820949274
16010 73.62662024974851 70.88095088363107
21055 71.636744204221 71.24946074664581

11 190.07264828512348 173.77165945867284
131 184.53612618931442 175.03187843925662
132 184.53612618931442 172.05187162689657
404 154.7301721667045 148.8938306460877
706 150.2854639664153 148.95450535124925
1139 124.11864081042964 118.76181765421158
1482 123.29022449278929 120.44564904140248
3005 108.25263355263127 87.73011789197501
3943 88.36666260729413 65.17711666761177
6485 77.65941635253532 73.976195286154
9088 76.6114738408287 76.47881877533439
9753 73.66250765354204 39.10375778585788
10348 70.64174459696125 40.91580659738545
20792 67.65695861999865 61.4536298485556
29692 56.71233735593667 52.88854073368651

41 239.62160876763863 232.38575285549982
71 226.94311388705086 223.12065866954356
111 223.12065866954356 216.19539200551702
121 214.6835986664775 213.21976630737808
131 213.21976630737808 210.47505049574306
141 210.47505049574306 204.00997765591643
171 199.1214524636051 196.02048642483615
342 177.05751393010937 167.35208235361392
684 133.99104871026262 124.87084430839417
685 133.99104871026262 118.5015430405811
1845 128.02261770973462 124.97141539476465
1986 127.65061792055275 126.97879655163793
2460 116.13961133629837 108.42728712076108
4437 110.44531263170434 102.78645435165811
5748 105.35756666456463 104.27248193744279
6403 99.5121930350265 33.25467243630392
7089 97.00643872776597 35.18169418749642
9157 95.51547109195957 78.69810400627702
10821 76.63469109123479 76.29566608849126
13706 64.6719389308637 62.99739206168686

91 177.0707617787487 113.11580427765746
252 152.3186506036753 149.74964232535206
1109 111.07125737992136 101.10959161168806
2481 94.47672313491012 57.146200509552614
3994 89.60170420108518 79.15994259040764
4871 86.62215010993187 82.58048345737642
7625 71.32549951959257 64.56906843765555
9491 66.66230138234535 51.531135503778344
14102 65.66689832629228 54.8023890089177
77281 64.67197948767782 57.20130064656961
80701 59.69727069915547 57.56471143342863

81 207.20905875263827 200.1834254606976
201 187.64557701289047 171.9020688284113
202 187.64557701289047 173.6880331247417
252 166.18018144270738 164.50739370251813
372 160.73277609912006 151.86892987764713
1442 123.21017723576612 113.00920199003886
2612 117.15465472003744 98.41669929632819
3560 114.661051392587 105.49402174457838
5063 105.90667385375666 103.75712277544031
7504 84.6464094365958 58.9391502512672
9845 82.58115733586537 79.78676140414608
62519 64.67193894404232 54.865101004279744

21 206.29970641728994 203.20234063838677
31 199.43290547451463 193.46017617684822
111 183.10523207381073 180.94071929750228
131 180.94071929750228 167.5305883463477
453 133.8752527065523 130.30621465961087
1421 125.35525448873487 121.28521840095092
2056 121.0910458953156 119.24349671261956
3044 105.42974824045581 98.76740793005399
3689 103.03658443566187 70.37879026518847
5182 96.76653365394743 92.50379702765993
10520 88.55081120899483 81.32853545925872
12729 79.59626443912123 77.87240877250902
14060 69.02719713214691 66.80084653775916

11 195.07329990956902 190.64391430012688
111 182.70187055817343 180.78833660713178
121 180.78833660713178 173.80157905569365
141 171.31022708026822 168.313351495928
161 166.59963463367774 163.70359857315367
171 163.70359857315367 161.29487285130227
503 140.34351992537847 133.9501374636975
1148 126.40170158520999 125.24346382821582
2328 115.33765294246622 113.18207202278059
4558 99.23827247141945 94.28013568906258
5173 92.56454226219964 87.84466166327783
6696 91.54628603483351 89.64717991523585
8290 88.59104367605508 52.44749097453719
9753 83.5760351506728 71.66937485324684
11750 78.6013108739874 73.66842170622273

11 209.22881233467962 162.38749221248136
242 157.14783502124666 145.5387964069598
243 157.14783502124666 153.78141997566948
253 157.14034864721373 156.07320460477882
263 156.07320460477882 153.99575660263562
474 146.1605411604746 145.33895333253918
827 123.95129539361511 120.08553753840995
2027 105.72134622452971 104.44714800963102
4125 87.46561509567152 86.16606024726707
6647 73.7965190271758 61.37452585781112
8089 66.6658087612271 64.60651272607599
21419 66.66185201542976 62.06762118216268
23527 61.68710747653763 52.73558854760265

11 190.58400080764602 144.52879620953593
121 207.95967308150145 196.8865840768977
373 149.73798563523138 149.73490189021092
383 149.73490189021092 147.59469857088968
393 147.59469857088968 146.80237899739979
816 144.36552915851263 143.07379724277277
1673 126.26625767156949 119.43536464218376
2893 121.47985525786174 120.23215845156231
4325 107.21879785289953 104.54891350537153
5757 105.46537452794801 103.55711696680294
8834 85.06362403036958 85.03084394599371
10307 78.6012855210266 61.14361628422588
11739 72.63170353636869 68.55590510299807
13020 60.95199209647513 58.22927018297456
55008 58.702316756185795 57.98484907335321

11 240.52653575636842 162.64559313736146
21 240.15578765474334 236.7580644955448
141 204.3407923888394 196.98450481488976
142 204.3407923888394 190.7364182288067
152 202.86902494306486 197.7172222729978
162 197.7172222729978 197.27904424261698
313 175.9890267676961 174.14530736162976
454 162.29827836584784 159.05675666825778
464 159.05675666825778 157.691612599152
474 157.691612599152 148.828317743031
665 144.52571981906945 143.08433719250974
675 142.60103105614382 130.13541999981956
1441 107.80483857069366 101.05718915357399
2641 101.30456698069507 98.34608501957354
3942 95.55616687802264 82.08666512589465
4385 91.5570489024787 49.17285043020381
10005 86.56066871145579 79.03161385364552
11629 84.57093763952653 83.72863241826474
58218 67.65681108280809 55.416049995280034

111 202.6567869556842 197.7520105919029
231 165.3008448304778 156.81579561330494
1715 114.36924835553188 108.17309266516729
2996 102.53399887164728 99.61495833815405
6063 91.26204690965628 91.15438981532294
7354 86.59511128364511 51.5368906692268
9876 81.58612161688592 70.34703418079972
15092 70.64166810615347 68.2054016063505
16676 65.66700030266068 62.44259920580781
93760 61.68722938798997 47.11849135677707

111 185.97577142396187 185.37878418312238
342 150.23359177889083 114.80082023473882
343 150.23359177889083 116.6588735030798
1563 102.13954199507765 98.55950971595932
3328 94.38269445780227 91.34678011432476
3852 93.02905481752958 48.62365096294303
7484 88.56266632258429 84.13203339300541
10440 84.57109599857712 79.74334797381177
12337 78.60372922113032 73.78387785356743
14546 70.6418056006589 56.327417847193175
15958 68.65170451616831 56.17029326433449

111 230.28599629191888 194.9596624331606
112 230.28599629191888 201.6877218543525
1121 130.8119039937755 129.45168535752526
1675 120.30969314453293 118.0123605581897
3319 113.23653744683648 94.46117381434902
4832 107.58961301515671 106.93920229776477
6274 97.65274247745292 95.36878367303879
20300 77.60636691363815 62.67929102359963
20320 65.66693845196122 42.783116654810286

11 193.13727180730393 151.9607248219016
111 213.02624361454465 211.50568847581556
121 211.50568847581556 211.3958638845649
242 179.58795940873588 178.733587433369
262 173.42546212511223 163.7252808518133
796 121.67040121604936 117.90258250161955
866 120.92804123507989 120.90814036861866
876 120.85166362936994 120.83575915653512
886 120.77888428442324 120.74370258250832
896 120.72875009203719 120.59979035065894
1208 120.21721371163235 119.4902432827054
1752 116.62955722072044 113.40635771270809
2650 106.98536874975146 103.33949461843251
3951 103.14311155444119 98.98131874411263
5131 95.17882747798947 91.12651647396255
6210 81.57265054925179 70.95151132876072
9206 68.30937757950512 62.74958386351608
87793 62.68206644593001 58.544291642639706

11 217.84081703673104 162.96160297379845
71 234.50750735074317 226.953385109817
181 196.78721140125583 191.2412095549232
301 184.4875336545951 183.37933476101037
302 184.4875336545951 181.51026084181385
322 181.51026084181385 180.0677964088274
422 171.52571053363135 132.451216323454
423 171.52571053363135 130.3038361134212
1875 117.41864656593368 111.13345288652302
1876 117.41864656593368 112.55231105547556
3318 99.96795039210384 95.47279175035715
4649 96.93729512667885 86.31270062830467
5879 90.55882057407459 90.03233300931716
5880 90.55882057407459 87.79147489473874
7272 90.54068349248884 61.771983859319604
9239 82.58109648125915 70.52342518900768
15626 75.61651475108097 71.56816040872127
20015 64.6719389554013 49.40807946016518

11 172.38617758463607 147.02546593382877
21 214.04514968624883 212.30411655811884
212 168.59542437989722 168.51430207573335
222 168.51430207573335 164.33281135450608
423 144.4271640837115 140.8936721593199
2975 78.23075077605571 70.1560635882668
22934 76.61133135828652 66.74251596470384
25587 75.61657533948582 64.33658783647391
32337 72.63164250380498 69.47681395739589
36645 63.677102013997235 58.91163476751728
39490 62.68208214448699 59.45909389561501

11 155.72654706190556 148.38672136738376
303 150.58993811330834 148.15678568775982
666 125.67842614438375 106.35781850261799
1654 112.25327556315847 105.61416577506171
3258 104.08457049888673 97.18352298114257
5891 99.97300329510355 89.67364535395343
7444 94.65162321003767 93.32934989596386
8029 88.81928179882196 87.71111314337014
9189 74.62157642865101 72.17672998400343
63165 66.66197403441136 63.62021449222112
70046 63.62021449222112 57.03186126181262

131 190.46256149049393 175.63977916263974
132 190.46256149049393 185.3442011257573
142 185.3442011257573 181.53383318649998
262 173.2180684038269 156.16522316792
263 173.2180684038269 153.61207061466848
414 154.01914572019092 153.11068746939048
787 126.96552850469018 77.68841331866352
1816 118.52233131764147 117.20232446809324
3067 113.81130480816412 110.63621503854544
4994 89.37370075461969 84.65525383012894
7304 88.55078665798453 82.49190155224153
8010 81.60345719648537 32.82281670273008
10764 71.69342074085178 71.31864946027538

11 219.33251818108843 123.01321202843653
192 167.86331931748703 166.4139647277484
232 157.60212587487914 147.42426465111504
352 145.39194962165558 126.10848361581498
353 145.39194962165558 117.32186168832818
897 118.4575046871642 111.9703643161592
1754 109.81242238105288 109.06962953462221
3529 100.65442338920668 96.46148242303741
4416 97.07474940134712 59.384871392523785
8119 83.75146540602995 79.83757966044519
9249 78.60125605223145 56.17355374359349

61 205.28409470811795 144.78205883999308
62 205.28409470811795 158.6896957252124
92 183.80647884014724 108.41788556622384
414 131.22848781195927 95.0883158642017
1039 95.56644494091832 91.35674460309072
2774 87.72687733529699 62.59189293703193
4539 86.56123468703595 77.60857848172623
6607 85.56647352540577 79.12227624022196
10935 71.64688767617034 70.27383413878003
11358 67.9698863761008 28.247365424474054

11 191.01458365612052 183.76857550265225
142 189.87016574115174 185.15560276720635
152 185.15560276720635 179.33958257470158
162 178.84451820316355 177.05665808816534
192 163.35132567950478 161.6795442225776
948 147.3420746914536 147.30223790257898
2279 117.01775311867638 91.29215749071452
3338 113.19151327797975 99.7544480388598
4114 102.05917625652562 100.69283178156778
5415 87.54111190057841 83.04926911237047
7634 86.56551127427983 81.98812727733124
10408 84.57087176700307 77.71579494740274
12678 83.57602830981938 82.07980220427501
21830 52.73251139666476 48.199505328219516

11 207.16686911400663 194.15236444723337
71 207.70752867820858 205.9923392446928
141 191.12000725677723 185.52721580204985
151 188.7113584665862 188.29888755784063
352 167.37282428607745 159.43405871193053
1421 113.99831937276686 106.19530968742552
1763 105.05203841202605 103.41932929495611
1764 105.05203841202605 95.7473790476305
1975 97.60655147124008 47.3245890088785
3417 88.14000132316811 81.37589329558432
6030 85.32946482293575 68.07288490840445
12952 77.60642805741945 63.00017070528557
28612 77.6063105867172 74.79012436277254
28623 77.6063105867172 70.2851817563085
29127 70.2851817563085 32.110910541078155

71 198.51406644348313 130.9569309522093
72 198.51406644348313 132.96096294222838
364 139.71780328160844 135.4601174278752
1241 106.54370685086658 103.57739187486463
2673 99.8943802513741 96.23347749829921
5972 83.6507601399739 73.45446016568351
8716 78.87936155464755 63.09492519124987
12782 62.68214336702242 58.36479483518049
14295 58.702357500405114 51.26623442572929

11 235.45762398644356 150.3681069732837
142 194.45494880419255 188.52416838306127
262 171.07061102844176 169.07803386959046
263 171.07061102844176 158.10232122554487
656 147.73590360986253 146.37648862110888
1483 133.4974191871145 127.9428588770255
2865 113.49923286418847 111.16821308455928
4731 110.48986307692044 94.70103764090477
5760 95.51543094717125 89.93568518485225
7273 93.52548978062077 84.37069552553173
8867 92.5692159451492 82.93929355327347
10511 92.5306363071629 89.55697843109498
19653 82.58103508059263 77.60780489387147
74436 72.63154053593058 70.75876815758356
79299 69.42014707016645 67.35893420338962

11 227.76929901466787 199.4231842803415
51 196.75220481508114 194.4662754645902
61 192.11819295179208 184.6188964124993
81 184.6188964124993 177.31039927092874
101 177.31039927092874 175.23427830614258
111 175.23427830614258 167.1802227789048
413 150.44723911395823 68.43201366867801
1038 123.6563614555235 119.02374635373928
2652 111.06868284579157 91.38281269102188
4387 90.60111089078598 81.96796786870084
5577 89.70462878211961 87.50422725240666
7252 73.62661745952911 62.29297092516409
32903 71.63674421471006 70.19985670614574
36091 70.19985670614574 69.17014887175668
59955 64.67200016610074 61.72122179884569

11 209.1308053856473 153.69548126641777
51 209.1308053856473 208.22258321094353
142 201.61738808707935 193.2453480673479
353 154.17235404277744 149.74794418454326
877 125.68759274420171 112.75487180732756
1522 118.03945441372697 115.78096786219398
2843 93.23227120452025 88.84253015324937
5456 85.33008933602713 84.1042612145383
8008 79.06853443103672 67.4865851491381
9430 78.60132693595907 73.4030329939499
12517 74.62143396835775 74.53015213001525

465 146.88468640639303 138.40122376490558
495 139.1053033862837 61.23606546234594
1665 134.2458455644886 133.52792626157074
2431 124.30004148092473 119.42514979954382
3651 105.81349908041018 89.36411154975957
6314 74.71902974312391 71.32010255995027

11 256.5153607958393 177.2673127389324
41 239.1420917100873 237.32879624516937
51 235.01841519536248 232.4097789597488
121 232.4097789597488 227.50656666025046
252 185.13279415363144 174.34323531836958
262 174.34323531836958 171.14667687772985
272 164.60099240052313 157.8930824940139
282 157.8930824940139 152.03392439920586
292 152.03392439920586 140.63073784692617
523 135.88021013890753 93.94525034922785
524 135.88021013890753 96.84299647341182
846 125.8175287365075 124.34095883186683
2722 95.77623620995686 89.38908570048937
4689 92.66708192379897 85.47493536327379
7009 89.55992041199522 89.5316952028656
10167 80.29767405996103 75.3495258395759
11831 70.6415461754578 53.86254161889593
13183 63.67698074667781 49.447594048510034
13435 55.717520651372595 19.472308946617886

11 199.81434089910266 188.7747044930594
131 183.77789712138357 161.72174735719975
132 183.77789712138357 167.4692701992583
253 169.61278495774687 164.6678555139544
454 149.2597738229953 149.11356782233003
1624 121.19886838276307 120.25668654196826
2794 101.63596050388176 100.07539036476675
4004 99.42011625129459 94.72791184455164
6728 90.54074296004771 80.68187643020605
8715 82.5811214636474 77.17873430391677

11 257.1047885214688 137.56104065484885
131 238.94369238301962 197.52251528316427
132 238.94369238301962 191.8860589164188
283 178.55944682637698 167.8250418546246
514 151.65467516816307 135.3147535042919
515 151.65467516816307 128.10723797656794
1170 127.14749257775944 126.63025887241625
2562 96.25230557537708 95.27061565539044
4095 92.79482993205147 89.13248205822809
4407 79.79339573270042 47.40090813861455
7373 77.60635469618524 74.90521129524862
51298 73.62659635929734 49.606547164330706
53830 69.646708946122 56.527588556619264
83799 68.65187192873182 58.61526326697879
84172 68.65174987794201 34.09197313829293

11 172.18231173863634 165.7999714674153
61 177.79605116899688 174.9795560440171
182 161.9449830555186 150.84866359694843
474 119.17281407013795 113.7322527970223
1947 101.8797312134587 99.06284417642651
3904 95.79316599460066 91.24004095915794
6678 84.57075026283933 73.93584451558617
7999 76.05156626379522 64.77073926115526
81793 64.67206098309035 61.8022893671085
85556 61.8022893671085 48.657623353966045

11 210.60547022963127 167.87041614195505
222 158.44291234932473 155.71860061520678
232 158.07192444701633 154.51783226297096
998 127.10344950305128 120.85046175013252
2208 108.82034770489027 104.44661670727146
3055 106.36366708872396 97.19453745593361
4043 96.51046532735774 94.31236791481095
6020 79.59628654284552 70.75083404973537
10661 78.60133045612662 75.55313310882984
11205 78.60114245701277 40.445195042196595

71 221.66036481696108 219.75314755948116
81 218.61613920590116 209.6826552210601
151 196.1573188354597 189.47734075844156
161 195.25134468896422 192.41082920073552
281 178.41622386503758 152.61377342509564
282 178.41622386503758 152.73029249648522
1129 113.97572511228975 100.84803661219058
1996 112.04682815869056 92.87871301467237
2813 99.66785295178904 91.07622369116433
3761 92.87880046424465 92.03949432235356
7938 82.58119806034816 82.03817474473587
9128 80.59116349387637 79.59077397059181
11236 75.61652023277489 68.97774734634683
12789 74.62137722732743 72.56288776479212
48974 57.7072963590964 48.33618899963033
54392 48.33618899963033 45.67188126201681

31 216.06548821171657 209.71147728254954
71 203.8383640613941 202.46196965381722
81 202.46196965381722 192.67815156518867
252 182.64685553228634 176.70819870137402
282 176.68002445612188 173.3899835164013
292 166.02734657480363 165.8719400120047
302 165.8719400120047 161.8587996560993
322 161.8587996560993 156.60835735641652
332 156.60835735641652 155.28792853209876
342 155.28792853209876 151.3524387035355
543 151.0352179698229 139.25946193171154
1713 113.53912128579643 110.15650886075285
3115 110.075757812995 88.00629434183494
4204 95.65233705320267 93.81123801652868
6141 89.66608134919782 85.19623551106831
8815 78.60138902498849 77.23931103421094
31206 67.65691297256205 65.20020995323752
70217 67.65679578492765 60.13786053805
74162 62.68218847206066 62.258558903055786
74333 62.682127670942734 18.152955962823597
76774 60.13786053805 55.256360937283226

11 195.67302150790533 163.34583336836684
31 213.9811288626065 212.4955731817297
41 212.4955731817297 211.11475828204644
151 186.23363813687203 153.6976758799759
152 186.23363813687203 152.27304151916877
172 168.66848579912693 164.73506565038167
202 163.28392783095603 94.56822359937695
514 129.97810520174713 126.53780743527982
1442 111.77075573996922 108.68202215279133
2188 93.12139763203213 93.09019814789907
2208 93.09019814789907 93.08844237813845
3792 82.14543322626504 56.91659519607738
3892 73.62709238598451 29.572156846683058
7353 68.05910961961038 63.52720933241778

51 207.0371793472042 202.53647571663214
101 190.4107449622723 189.55937676082868
111 185.65611959205006 181.46496990335308
121 181.10515061156562 169.23458774836195
332 165.32412726681702 162.90683728517695
342 160.73101345828422 157.6971996532177
352 157.6971996532177 155.7199560022833
392 155.7199560022833 153.7626888400214
634 125.30084367125988 122.04522407594288
1703 115.86476805357486 100.32479521123938
2227 106.51528547236775 105.35313172673621
4325 89.55906255296898 79.87298995007257
7210 75.61651718357172 75.32302599475975
37008 72.63170321160614 69.07781657472137
39197 69.07781657472137 65.91963147442249

11 157.9653312620239 157.1694022154273
31 199.77543846174865 196.21587617543855
111 191.37822741442585 191.1026537558605
121 191.1026537558605 185.72800564489464
131 180.42686765705852 169.19373195448452
605 142.11561235937893 128.81031913599267
786 125.1211277163516 123.44334868162733
1421 117.15984076440573 114.88617255639288
1491 114.88617255639288 114.77876610271355
1531 113.90436373131735 113.6354812111052
2116 108.93461244328051 108.59749290303682
3286 101.48738775875667 96.03092302146202
5142 91.62998821665325 85.83466455161019
7099 87.00845833177841 80.9376875538538
7563 81.5860653114124 76.87199454946457
8783 67.65687317853205 55.80260186261202
88440 64.67206106424278 63.970659631943036
90195 63.970659631943036 62.71584449441647

71 193.96973742379404 179.30150778528488
323 167.83034248268925 167.22151308969995
666 144.06158802296224 142.50601841277737
1402 134.91175218978407 119.97323847862685
1896 121.94499282502198 113.73865007437726
2955 118.94604629066228 115.85289550772134
3126 112.85341334982837 112.68997255894563
3146 112.68997255894563 112.6838000507231
3156 112.6838000507231 111.27236054334871
4931 96.51059188384019 84.20433718875307
7090 90.62328416879679 83.3071884921791
9905 78.0781025810243 74.4578982383718
11327 71.63658165961331 71.37930797778209
11579 66.66937506948648 32.07666495445963

11 221.8310242924053 153.67483327057383
21 222.45689633355897 218.07781806857344
162 191.99586975234547 188.30713738750603
615 151.21292033195766 150.09421357111356
616 151.21292033195766 145.8289978877071
736 125.41258378148419 125.18404673967635
757 125.41258378148419 124.9556057847481
908 124.9176067301205 123.4262910057718
918 124.89735311178306 124.88266249328676
1402 123.08252665499106 115.45545763746108
2340 116.34794999956554 116.1870005095465
3671 102.54558358399717 73.48905948473455
4649 87.26415196361368 83.00131761005987
10501 72.63201655134964 69.6460692807473
12014 69.64678560506138 63.03038955742443
87504 64.67206088886185 45.74054333056966
87655 62.68214289071327 22.135510750565118

21 199.02520762518265 195.95601618685214
31 195.95601618685214 192.77157619776796
41 192.49172152507472 188.83111760417086
51 188.83111760417086 182.2963711199244
61 185.5182379060172 184.74080633359873
101 181.85894127662567 176.8304388849529
262 158.85276889805223 156.69740540643417
272 156.69740540643417 152.5491976054423
292 146.9310729928464 135.9673889835771
1048 120.217878795441 111.9832362249206
2733 109.70071036117356 84.33902753911121
4075 104.63936124739334 103.46448054830512
5487 98.17828092631532 88.76438770316932
7464 97.50524435841122 95.36532410395199
8725 89.54566693442372 78.72889508202499
11580 87.55576993725384 72.51225184502178
13860 66.66836377825076 41.277769114881224
16069 65.66687787796957 61.71317922068931

11 218.05538248496265 165.60467186160253
131 199.4272415212835 197.97992593751786
132 199.4272415212835 180.22161462330018
273 152.5894999211119 143.02987238945113
283 147.34453631030667 144.57939307922095
797 127.52165365022742 89.17737000953485
1705 118.37102983131138 115.91910888429781
2673 109.76279102633926 106.07657193659828
5064 97.54883850284459 93.315711764117
6759 85.56603240759235 65.42601844808797
7626 75.79136854079982 74.90450641969345
10259 73.6264275702137 70.38142495630836
11772 71.63670441096447 68.6398940520847
77827 61.687107340704294 51.8573195745952

61 230.4236583314774 226.49730596566968
81 223.13688751055423 221.28686074934961
91 221.28686074934961 218.78070052308937
101 218.78070052308937 216.21879764251207
111 216.21879764251207 213.23084798116759
272 196.78176894010434 196.16015037803825
282 196.16015037803825 194.40972870383277
292 194.40172207364174 190.95132129878684
312 190.95132129878684 188.1342115704092
352 188.1342115704092 186.93934272359022
362 186.93934272359022 179.56785958649425
382 179.56785958649425 179.48078864692116
392 179.48078864692116 176.30254110370979
432 175.7331885236063 174.11026760072036
482 168.34543539537293 165.97153566666378
512 165.97153566666378 163.71747154149455
855 157.06054396352877 153.6863339764911
1621 121.53055614495624 47.80713249220663
2408 107.64904594717018 101.44446370064294
2690 96.94275705982187 43.19283380484191
3688 92.91822481732954 85.97818768493427
7219 80.59350177220682 78.9774328385702
11174 70.64169832651329 63.21167129184146

11 195.54337901350004 188.57174254331505
61 188.01067496820008 187.52015409206487
161 171.42218087064927 165.42131696718354
786 130.7178232243623 130.33942289987144
1704 118.06125727356758 114.56640374176649
2218 112.69111843305818 106.20043995912646
3549 94.57797340293479 75.00185637696934
5203 88.98203100156681 82.83846076562052
8068 80.62293497673886 77.38508965527194
9167 73.62648394785181 73.09320657638361
93133 61.687188818745824 61.46323092140345
93445 61.46323092140345 14.418617273829966

11 254.07619785997187 181.7659688948775
111 196.51347442622313 193.7998000187721
252 172.1847139265115 170.86967665131556
927 133.0450740297912 132.40532169729948
1089 132.86810160889115 128.40457804108303
1593 129.6489682850345 127.46250797386574
2813 114.71261887820025 102.22485104063878
3378 112.47488241295301 110.31661745530477
4608 109.71787836940307 107.33456107031598
4609 109.71787836940307 95.84349033065297
5517 106.5644078188064 104.23687470780183
6142 100.49148193943432 89.06539721678858
7383 79.66618505308698 50.37694111512195
7988 72.48556139890532 37.739676486260926
88755 61.68729019523637 60.84426466383494
91963 60.84426466383494 60.25925031640816

11 191.976672414777 169.25009281216614
91 196.17514529234353 195.98480341724877
211 184.55762414284715 157.3317001014068
212 184.55762414284715 159.02636187896596
756 127.1950041443338 125.49080041649836
1209 114.58669251324115 111.98458185919726
1210 114.58669251324115 107.57057492021059
2733 107.70836617170357 104.51710820437403
3792 105.97854426966596 99.61395852733628
5517 95.11470584556496 77.47412536314137
7060 90.6053084379386 87.31379425609728
10591 78.7347878334636 71.18173021837919
12225 77.60620633428196 67.66800112785236
14333 70.64170891846607 62.64047866839674
23828 65.66693868552167 64.65916605277779
24857 64.65916605277779 38.7559652763524

61 212.88590344916003 206.349137640081
181 194.30593336707125 172.09936841291324
182 194.30593336707125 184.39567585546723
302 170.43661741747133 136.06584990603264
303 170.43661741747133 137.22986883709933
605 136.87445881537394 135.22380197920097
1866 113.93201029661915 103.40143561269116
2925 110.39731301175281 109.58512510786683
4640 106.6598272926639 101.42610162103854
7727 78.60138760691716 76.00692570064078
9502 77.60644790579802 74.26112592898518
9895 74.48507348623193 45.253123984070854
16787 71.6366835031544 70.4604519701092
18855 70.64166805082652 69.06899123833283

81 205.09138833220766 204.25351479441431
101 204.25351479441431 203.6501794905712
111 203.6501794905712 193.67749840091088
151 192.08520505425994 191.81070612132814
161 190.94168720170853 188.79420454972248
171 187.97751922107366 184.7701347527813
191 184.7701347527813 180.14401313007497
201 180.14401313007497 176.03206805336072
211 176.03206805336072 172.37519292014156
231 172.37519292014156 169.9967620750485
251 169.9967620750485 162.22540438522873
392 144.023221174168 64.13186084845225
805 127.10632470299251 124.5834369154951
1662 108.68953734280763 105.49670357870518
3548 93.5515944284071 88.52439783558198
6534 81.58658768895575 51.54744273281846
10055 72.68123444049326 67.0405204580654

142 181.04041224909847 173.7009948442331
262 161.5057460240269 135.97945467175438
263 161.5057460240269 133.7976011770229
555 145.12996507740493 141.45530290943572
786 122.64994803545504 118.98352127810156
787 122.64994803545504 113.82723084095562
1523 116.8592850349513 107.8308775235552
2279 108.26057386823948 107.41827756782381
4377 95.00180747440419 94.17230772387647
5527 94.5211821731479 89.16142875157043
7191 75.61652007684702 71.88291697003433
10894 73.62641925587064 64.6853057720115

51 207.3324879003892 202.18616303665982
71 198.74045170848925 194.00757173473048
81 195.19299635473715 189.54976170999907
91 189.00475252981403 182.35033719919196
292 161.5273166069274 152.9707949765477
412 158.62473764707445 150.15441599703166
413 158.62473764707445 146.2975496536576
574 125.86854325378803 93.88531207852562
1774 120.0211132979173 118.23712387616916
3438 106.4293570646318 99.88653886846501
3891 103.17649363466214 93.39628552058639
3892 103.17649363466214 94.06295299755288
5617 91.84213689669149 86.1519609543241
7503 86.56386125813283 82.77186326567112
11115 82.58108212517533 80.74096485238121
12951 78.60141220056678 77.46213089450629
15705 78.60141214127185 65.06643261704471

11 223.5058862097593 215.22417406280158
81 213.81607964712222 211.92825316701595
91 211.92825316701595 204.1417079923502
111 204.1417079923502 202.2679546842774
121 202.2679546842774 200.03520908191194
131 198.11311781681457 190.2100327954201
141 190.2100327954201 190.068165458177
151 190.068165458177 187.16402253317636
161 187.16402253317636 179.32664626379864
281 161.9282789806702 161.16589655504745
282 161.9282789806702 151.51735050670754
897 129.11365714807962 118.9824310967472
1905 122.54262622982863 112.71990682804142
1906 122.54262622982863 112.38794698923768
2450 106.56795260988284 100.10328723799392
3650 105.28836557825485 97.54777296094763
4820 97.38924874416529 97.26112051264373
6817 87.55605670010989 85.25783953604075
7523 87.55587496364137 87.42038790779269
10731 75.69270563999349 75.03223510227204
12809 68.65175004878273 64.11030743683467
84625 67.656912952444 60.172208806038725
85956 67.65687235379994 65.7807435933479

11 245.24671069582078 201.37798045951524
131 181.5384146459988 149.01142377799968
132 181.5384146459988 159.3929392395878
142 179.84285951686692 179.75987492524808
162 179.75987492524808 179.54341534370099
262 164.01764654602724 146.5304340575907
263 164.01764654602724 124.03701176156625
424 139.05534480496186 138.2668745307655
807 102.94098673595556 88.30789620040714
1341 99.46283851873224 87.98852828356021
2622 95.8739835329846 80.9888322799389
4680 94.52914353714539 68.7138621566003
7747 85.5769016965212 83.73369629264151
9210 83.5759926178948 79.68069615741943
10370 80.59146939971191 67.38768587503374
13588 80.59128487767927 79.62944245401107
16181 80.59128459335864 79.04177910202651
48350 65.6668777508481 54.19512451642036
99581 63.677101899686804 60.20121848319606

11 204.1273018972118 179.60582353428765
131 190.90308239111266 114.21041236991456
132 190.90308239111266 101.41822948892369
192 183.47480690223972 178.70414152044947
363 163.64179546026605 151.8841030351864
635 132.46170859039094 69.81577796362456
1855 110.42264099092655 104.53250426385617
3822 98.58078552808716 96.28203861939575
5476 83.97654385189381 76.65312487722721
6020 72.71010323822976 50.021151072710055
6120 70.90149051915942 47.31330486798748
7885 66.71509491729549 64.23272058373205
9852 65.66704123604259 60.115766406134554

111 175.04522392059943 167.9008800977394
182 169.39485789527285 162.69856191217383
343 122.10592481921319 121.70181176373265
2320 96.79007095286791 92.41009845764462
33914 74.62164170237364 70.6666315987612
89736 71.63668334925404 69.9294602943639
90906 69.9294602943639 61.94765072145172
94508 68.65187197157405 48.523675760752
97252 65.66675564048859 45.5025415678572

11 214.02438446065844 202.1560312213282
202 183.51202882264062 178.0179161218373
1856 107.83097743600919 100.82484774729639
3510 106.17522174740927 88.52967280669489
4196 95.44624282802741 85.86864315462677
5184 86.71483885433743 79.65795966179742
6495 85.56601830289006 71.40870625148295
8422 84.57142413500141 82.73941465368188
10419 74.62241818974738 67.75533789793216
13375 71.63674428678422 68.28464333414826
16906 66.66191343513822 62.20761265318606

71 206.28816885899397 190.0485922700496
121 190.0485922700496 189.82337499745802
141 186.6851143240259 186.09518878807063
212 176.9800077998492 171.13378855420098
332 152.9447028128323 119.13300135219208
333 152.9447028128323 117.06156674618425
867 124.93369386060102 122.59134640070526
2138 97.5548157156478 96.57038271673585
4902 95.5188674990884 68.36009350751914
7232 80.89677572979343 72.92312190423687
9209 76.6112300510197 73.01211603245169

131 199.78702819811934 166.24694383004555
132 199.78702819811934 178.61379907477084
172 178.82146488218706 172.3606957430231
182 170.57689499903086 167.95255583036914
192 167.95255583036914 152.05708504622567
423 147.38266516094046 137.98584114096852
514 147.25701177937427 133.73867525855928
2017 112.13491908116112 85.60346415532655
2390 109.8081084188286 107.94412842231328
4942 101.43416008348852 84.82006552161891
5950 98.73603393648165 83.68790515665226
5951 98.73603393648165 80.68844814443453
9280 67.15826834745172 63.58107256228947
11580 66.66197435029721 55.74469976353856

152 189.85881488765085 185.39074060340099
313 169.42683178384192 162.4996137438127
323 162.4996137438127 161.3181065976038
333 161.3181065976038 157.15864613681418
343 157.15864613681418 157.01775869381527
353 157.01775869381527 148.7481372766839
373 148.7481372766839 148.0124019562668
393 148.0124019562668 146.80734748888682
403 146.80734748888682 144.46486753928136
413 144.46486753928136 142.36091334685358
1169 113.62498642305191 111.2024253701208
1673 105.47843725537174 102.22426705730128
2833 103.27209015783146 85.30905620886583
5153 96.07720184504366 94.27440557329784
5405 89.17698211484277 36.43816582513447
8129 77.6062001769792 66.25560060810592
41711 71.63668332035948 57.1217470181385
53063 64.67199519147401 50.29628489500503
72084 54.72236337843682 52.81468893621788
74737 52.81468893621788 52.39443009764098

61 220.08526891367472 215.7783666385697
181 197.4229389205912 164.17257986907018
182 197.4229389205912 158.7149223114187
232 161.28181609795385 156.31988976894087
242 156.31988976894087 152.8477516874807
292 152.8477516874807 91.78071944674615
846 123.38464255734101 117.53294473808427
2137 106.49606135936523 99.8784623631715
3024 86.31802474487499 81.01156998791026
3044 82.1996450868109 48.80481013284178
5334 79.67689881717911 77.32157109140803
7089 68.65184731063778 51.499489071142
9853 66.66197454160681 64.348689469052

11 176.51320505573847 95.20402613598603
71 183.83532547301206 181.66455411486115
81 181.66455411486115 181.41527460334214
212 170.22309771860935 158.35155688703597
746 132.93853092035715 124.18744454018304
1694 120.6469464259149 114.14141250200076
3126 103.78830746266982 63.49069093335793
5789 91.27384811790824 75.70251814662433
14890 73.62648934429268 70.53788375539587
15545 69.6467863944299 35.56281118370629
81731 62.682025818634365 49.603721804111686
89107 59.697290950913775 58.129316934224036

131 233.31541052612164 185.8730137868792
132 233.31541052612164 178.11551181159012
252 176.581005673922 146.76921274055186
253 176.581005673922 154.238349670869
464 131.91853546354594 129.2884172175659
958 118.52532553706992 112.04324194311724
1825 111.35711719953372 108.59989210727083
2823 103.6913621232612 95.12577586995971
4528 87.14628800096449 77.38856662256981
5486 80.79928945848033 72.67732061572156
9259 70.64170883412191 69.79127192288028
9541 70.64168418426914 35.12678594379135
25867 67.65691291064158 58.435469457322334

11 200.8957237161743 193.93224933763116
91 200.50645113046187 197.07758054671825
101 193.00994851834352 192.42442008319512
111 187.93108358944593 177.7058143190349
151 168.42626605809346 167.19371640160432
161 164.9416520694514 163.47450773949834
171 163.47450773949834 163.27670118777147
211 160.6414581434537 158.35656209940993
553 140.5027659293064 129.80412990952027
554 140.5027659293064 135.96630805908626
1361 136.14018396060055 130.28079645161426
2642 108.33879028139523 107.91975817370712
4074 102.57911229219684 82.94937492270613
5708 97.83919745688833 94.75165896390536
7241 92.48617510853177 87.91224637968665
8128 89.85403852311731 85.6880511558077
10327 81.58612262676598 77.96512440489718
13858 70.64192157615489 70.49949873876665
68924 66.6619740750821 57.36350425377392
71668 64.67206101950353 56.586827270701306

11 238.52289870871755 143.6299752695744
31 217.61737412926067 211.19808654961275
101 210.8386537463811 206.46794734395814
111 206.46794734395814 203.3265840812428
121 203.3265840812428 196.77325105079862
131 196.77325105079862 192.22757116417128
181 171.19485494594963 162.77714413554907
685 135.80570617135612 134.8387840432532
805 126.21518552371745 110.32989222166277
806 126.21518552371745 108.83042245516451
1542 118.76848795286625 105.81308587957325
2500 114.55638067267657 114.19845582824657
3125 109.74104635695166 98.10871695590977
4850 98.51083779791425 77.34386564750392
6656 92.53448843649903 73.26717536401726
8956 91.5357231654028 77.26110996161617
10873 82.73206650728855 78.8349384116991
12749 79.59614219534058 76.73111254119556

11 204.24214457268468 195.28823645200015
131 193.5018163984601 173.45722546690376
132 193.5018163984601 173.31217351960117
364 162.61528896482312 161.00372410878916
374 161.00372410878916 159.3748009477569
535 145.43740173812722 135.83746435753477
655 128.19941620453756 126.44987058246161
656 128.19941620453756 126.15620804585178
666 126.15620804585178 124.62558930262435
1685 107.04806055800299 85.76047717002747
2522 101.26098961231392 98.89975266478952
3066 93.53226699360434 86.52158068220234
7334 89.54705047759896 75.8873157315076
9614 77.60635155183274 76.18289981459787
11056 75.61639246175841 73.01875757870751
13235 58.70225575083884 57.000086664951475
15303 55.71746009361257 42.78314146986747
21468 55.717459740950105 45.4100317956471
22446 52.732526289427035 52.372755211422366

41 218.27497608946203 212.5904801093085
51 212.5904801093085 209.46179872597742
61 209.46179872597742 200.116121269917
181 173.89979577421414 141.30113453185896
182 173.89979577421414 154.57614290444656
202 168.19849329507753 160.89835620478948
322 152.39415412934056 152.0177183196818
323 152.39415412934056 143.17555756463818
1332 123.20494201024312 120.11362963178247
2734 102.23022683916385 87.5592279545407
2824 101.39075067659886 101.3696753777456
5144 96.468597955975 85.91506064699958
6203 90.6262234984987 90.6043861126492
6223 90.6043861126492 90.59879084651216
6303 90.59588761050385 87.15252210753597
7574 79.59836662569668 46.63089683545137
9440 78.60138705402643 77.9627143704365
10237 72.6315852453201 45.18615348596605
11962 68.6517501731991 54.71382785573622

31 219.9301075270136 214.34640802166746
101 199.7955592432104 197.88653667599283
111 197.88653667599283 193.81910048284885
121 193.81910048284885 190.71309772664267
131 190.71309772664267 182.98249475105325
161 184.0769762739077 178.84039819273215
171 178.84039819273215 177.29456140212662
402 160.93166247879913 149.72662363693445
403 160.93166247879913 142.78214264873714
816 132.95691472088714 124.88311198305172
936 116.12588050989541 111.74266243249266
937 116.12588050989541 109.88898370916361
1461 115.01463172118959 111.22951314771927
1662 95.26921757205346 65.15654443670357
4840 86.06401785322944 80.98089609187846
8109 75.61766504792452 70.3891863423908
8795 75.61639378494212 24.5373894284254
11337 74.62143399202066 67.57501376783867

152 173.43694259701738 134.46436517910658
153 173.43694259701738 146.4514125528264
1020 111.31662398005415 107.01586341678387
3007 98.5086301157713 95.65963941171367
4641 90.2206576168465 84.46937624702407
7698 87.55598978157639 87.48649521754486
10987 81.5862442532817 77.45012518696922
49170 69.64670890249226 55.98836256973844
50602 64.6719389376633 61.49061046173431

11 159.06489399428358 157.0295824384733
81 224.99837917941414 213.8301380613742
121 210.81784299066862 208.25841802951555
131 208.25841802951555 197.66482750738498
251 168.9519217610204 165.42852461939924
252 168.9519217610204 163.2366516966697
262 163.2366516966697 158.68322047116493
514 146.96084613946482 144.44427428656863
2098 113.36575967763918 110.31217191124156
2481 103.55038302009847 55.5268155535342
4246 97.86476790328075 93.34479357828553
6748 88.37606263805432 70.58624039841226
8725 84.95000259118598 66.72895207141872
10823 84.57121790524536 75.95435398986879
29672 69.64670892036835 64.3706101372064
32113 64.3706101372064 52.36499948802302

11 176.26282240959392 158.28675323717016
101 217.7234014204451 212.8580889008806
111 212.31758427036294 209.11143165679022
121 200.94868403475766 200.00729916393271
131 200.00729916393271 194.3449190891248
141 194.3449190891248 193.76492036829563
332 174.1390989233678 173.58551236531667
634 142.25963112880697 140.3278073655448
1350 124.50010599430843 116.95188929274018
2772 112.98093913473822 108.52286690444515
4426 107.83555160532744 106.47321599365526
6393 90.54070198479229 80.10281126350776
8390 87.55643077345573 83.09776235443138
17542 86.56086624315051 85.40070202023456
20518 81.58612161870133 77.22296222435563
22848 76.61135156191551 66.76357966257687
53716 71.63674406457432 71.01146948426818

11 216.75538708160371 205.21215402718906
111 186.43376518078202 178.08272076233527
524 139.15831103934383 133.3183896263942
856 115.9613070862346 115.01483459048872
2046 112.13657282457098 101.00484150571275
2096 105.31476746397323 56.40319883271245
6172 90.54068780088105 76.43955211682228
8835 70.70811947192081 69.62287093900997
11165 67.77099872932178 62.510131493721595
13051 65.66700144306463 52.2106839249268
39842 63.6768578192512 50.2616347834042
50296 54.72250069002294 50.035355651190294
50386 54.72250068866761 54.72250066741216
50476 54.722500667411445 54.72250066039527

91 213.35169175526843 210.94252893620043
131 208.75685707814003 207.99443962585116
211 186.17046012230452 185.7675841145129
232 185.53572068243307 182.29877189251653
242 182.29877189251653 180.85746748393376
353 163.34575088145684 148.97879712937282
373 158.5443375016024 155.42441192206627
383 155.42441192206627 149.9054742577504
1038 125.30698395133032 116.56833725231688
2339 94.83523217150736 91.73035246765683
4639 91.98674081160182 90.5081734789309
4891 90.5081734789309 55.765805402405114
5627 81.61536483183411 75.3743994483041

11 196.21759146705492 120.31798537349445
131 182.50753840338984 162.1125634448769
132 182.50753840338984 162.32732480336273
364 163.61586691797254 154.2718103347051
949 140.59427886477394 135.34746290554497
1725 129.9573147322247 127.12842019760083
2713 124.50255747936059 114.44182553642344
3277 113.24502159270602 87.9528863781722
3278 113.24502159270602 78.32625616941968
5053 105.99575492633633 101.727104184237
6273 86.78634395322133 83.70561901088132
10097 79.59632574384908 70.92095997087915
10682 70.92095997087915 51.99633030161948
10752 64.53752503108755 62.370230359491046
14414 63.67710216335756 59.41286764150114
91720 63.67702537616833 55.50452026521434
92971 58.702311689279426 55.529686401764344

11 190.5033410075736 187.6191463902366
162 181.18679610482553 178.86880585318548
515 148.31089771796462 140.15260339807787
1483 104.98904749130119 104.05489164600283
1765 101.37629298603085 100.15989335166866
2774 99.61123573907335 86.71805877875971
3137 89.59968466225949 88.26028051753529
5155 86.6554949469815 82.15594527321036
5215 82.15594527321036 42.60154901529552
10421 73.62641833101723 60.73737660079555
13306 64.67194167310817 51.39039268686081
53982 63.677101939559556 51.75473235946079
54668 60.69216903030443 42.12206015159776
58189 51.75473235946079 49.11498462611376

11 190.0648073240837 175.58629517839523
475 131.07200542580608 129.1632978293533
1675 122.5156245790767 119.21848974138834
2229 116.98321356668737 115.58321933024284
3167 105.49223879760419 99.89206654552181
3207 104.73132180565977 104.69020984552415
5073 99.39885303488916 96.2438165423892
7171 73.62648647558734 69.59175249030778
8391 68.65187233459004 66.6185511807411
10156 68.65174997208241 53.88114211877984
95444 67.65681100615697 66.44206416329736
97068 59.69714862767204 59.65697348626099

11 187.2948647124295 160.65389290082646
71 198.51063209988922 196.6398390287349
101 188.42826731722403 183.0727329896456
121 183.0727329896456 180.33035732558284
131 180.33035732558284 178.98303512894216
141 178.98303512894216 178.10300766695707
443 141.97771702180955 138.64039251877446
1007 122.44600467796653 108.36486245387613
1008 122.44600467796653 106.74235542659628
1976 114.01732905176698 107.27200027945031
2056 112.50275152510308 112.49670175403206
2066 112.47456287428085 112.15421476561859
3216 102.45701625006544 80.96382782396688
4830 97.7270115560754 95.85316399591608
7271 84.6174321701353 61.43180999705456
85384 69.64687158451224 66.9979286254226
88148 68.65183139249075 36.75213988533205
91568 66.9979286254226 58.99433150669812

11 201.90193135945594 168.40333119054864
21 243.17482810549728 239.44156427773729
31 236.39369129654492 230.72891351821465
41 230.72891351821465 229.10740223617594
51 229.10740223617594 217.9277102671656
242 193.37755207269896 180.06902686951076
403 165.3077666819962 162.84582258372015
413 162.27420485536288 155.91706891971057
776 148.38956347946777 146.1134186569665
1431 127.47095685682709 124.74280442409625
1703 124.19087190066689 118.94818707502168
2510 114.3895973392059 98.50757847747853
3256 106.87870941356516 97.3180845055818
4799 106.4747331441186 100.56750019166284
7402 89.58984456952268 85.52952083467328
8320 80.95238607707006 72.76473751874119
11508 72.84386331250434 65.71985021307762
11649 71.68500822396501 28.144789057332844

41 226.66446601381676 221.33677780368913
161 207.1094855891018 194.59722821814665
162 207.1094855891018 192.45828257674333
282 178.05528154107975 141.47381352522817
283 178.05528154107975 136.22804123145397
293 176.61902967084055 171.89212679515492
393 171.29120882513035 165.13202394092843
735 156.32031088571165 116.40403976128084
736 156.32031088571165 109.95415799917615
1543 124.4445516495562 65.22662519025896
2380 104.03516991857339 99.74009362950002
4922 98.50054847373895 94.1006008476086
6132 92.53048668756112 51.52079464435428
7756 84.57197467743772 82.56588751913901
24940 73.62655614416389 70.49780240773397
27462 70.49780240773397 63.65751354614945
68340 68.65179550942506 57.252114231545235
69843 61.68718885619572 61.429346794309396

41 214.3001104982173 213.41585889198223
51 209.24960718605047 206.19371918481636
61 207.09658762313774 206.83159233756385
303 180.3697140969134 167.12817419808005
1251 114.2779160097615 104.34743340439762
2017 110.26189066399903 107.553109858719
5054 94.61443780376713 87.8607742432733
7162 88.55089607618883 83.85174071832185
9371 85.70665366725615 83.91182878267907
10914 85.56602964805484 81.01395366025122
12679 85.56583092817155 70.95598069229088

11 294.3166643518156 210.21199972812911
61 229.05241045199674 226.05066249689747
71 225.0583008667758 211.3944533787363
191 201.41898780969348 184.78699656960572
192 201.41898780969348 190.85036612817817
202 196.23776341684936 194.39186087318294
212 194.39186087318294 192.8721433111514
222 192.8721433111514 182.26744816596795
242 186.79750649296216 180.1885952740007
252 180.66743678951764 179.77987129262198
262 180.1885952740007 163.92420078225513
604 135.3637926017867 129.5796464314987
605 135.3637926017867 130.43095290973645
937 121.98818219769986 121.24313441398625
1522 107.22415420550396 102.38664527598274
2581 100.7295708753694 97.99085375460461
6808 77.88428120004143 77.54531448458648
17061 77.60622919970398 71.25526679889506
20037 72.63164247268128 63.27263843877594
23023 71.63656643033323 58.14330894884633
29178 69.64677037626177 66.17082516566441
32023 69.64658692806628 59.274405562744406
56513 52.73267379075059 35.910133388023965

21 207.01736816014792 202.92406340700495
31 205.33124133150818 201.9802799564884
41 199.07164094421222 195.48375523045348
81 194.1454902244222 192.18175440631367
454 139.42313742932538 129.33769623342744
1503 124.88194346123059 107.6008191223328
1926 123.2291366642404 65.9258506365036
2279 108.7666123886885 105.09518032452004
3701 93.23106578977901 86.37102968531944
6132 87.86868279798631 80.00573074733441
8281 80.59137920893559 76.92941371744425
9925 75.64552800969912 57.33196783480187
9975 67.65682967444026 19.052868691800185

41 215.34455220928095 212.63200900650196
51 212.63200900650196 205.04331640407668
61 204.20809342309389 196.269178117538
71 196.269178117538 195.84287059001437
101 184.68387671610276 182.9033954565374
111 182.9033954565374 182.21628791658776
221 179.56973722099377 164.28269458837207
222 179.56973722099377 161.58983850115314
453 158.0518555124101 147.63743476431964
454 158.0518555124101 154.8062829574979
887 141.20787991780148 135.04263294367482
1542 127.0993424774754 124.07405596558763
3307 93.66902297206317 92.45510101268881
5042 87.32202077269038 77.86049869034242

21 209.67745533451978 207.11343824623708
31 208.8262456377953 203.21135315793921
81 200.66787296327732 195.23206692989132
91 195.23206692989132 194.21647377980833
101 194.21647377980833 187.2758873843233
111 187.2758873843233 184.63816908624807
131 184.63816908624807 176.87550342469356
201 171.45254614495144 95.20531901127364
211 163.1004432757126 150.97377598893593
221 161.87129429769 161.26861332280598
341 143.08057323246211 130.7497582718882
342 143.08057323246211 135.24329949447522
352 135.24329949447522 135.16611022277334
1290 109.07116095793944 104.96011832553552
1784 97.36125415516959 56.88384155297079
5568 90.54112145433035 80.62999339080307
7212 79.59615036213874 71.64678095199976
10602 76.61148997872317 75.68541550444736
14739 72.63164256543027 71.0209716098196
36404 68.6517700755193 61.20831037782285
37392 65.66704045521425 62.83449795743959

131 186.00494998975236 169.16460650267712
132 186.00494998975236 168.918471359911
333 151.1585812247891 148.85611211131558
756 128.62324873163828 126.9244068842176
876 120.39777572915871 110.42829613480203
877 120.39777572915871 112.64274229788303
2360 106.61914355960792 95.11496711626752
4257 97.07629843944729 88.67399875870709
27304 67.6568724402112 54.77896897722946

11 155.71158236946684 135.52386062530633
131 185.8477453366964 158.54809609726132
132 185.8477453366964 172.8648928702512
142 179.0493861665175 176.4057027668772
424 151.66444170962387 144.83964966343297
999 96.62261643589098 92.06908337013374
1876 88.34075321827252 88.10415747784197
31210 78.60147288469179 75.72132944430025
33974 75.72132944430025 75.50339905178856

21 215.54788718348286 214.58801936991554
31 214.58801936991554 209.7230723323919
41 207.94067026202322 201.95531374911104
61 201.95531374911104 199.3986650060449
71 199.3986650060449 188.4504794130114
191 175.91342784420556 171.84307101945467
212 175.91342784420556 175.04254364441854
222 175.04254364441854 169.98286757277475
242 169.98286757277475 169.88205768247232
252 169.88205768247232 160.7472406503756
473 145.24285466774887 138.01371372321995
474 145.24285466774887 140.54963040250917
1704 117.40618122008706 103.40802543807413
1705 117.40618122008706 101.14223299069414
3682 107.54492222938505 97.3336172431923
5185 95.00366116134185 86.20444901209427
8514 69.6488943260587 64.3522883334841

11 205.53643658403297 189.98530754656903
172 180.53935494422944 169.04513294145931
293 162.10869151103014 151.02873158208263
414 154.6085499175447 152.48052459429692
534 132.1378345035621 120.4278814898567
535 132.1378345035621 120.48236491269103
827 121.97892229464239 119.93625326508197
947 114.48515444260552 98.57073399692331
948 114.48515444260552 98.72272087551731
1048 113.71340714575709 113.68257242571775
1058 113.64297536603634 113.59278612012642
1088 113.49381972508714 113.4921603266824
1098 113.4921603266824 113.41690005785405
1128 113.36203892778948 113.36110102518774
1138 113.36110102518774 113.31376182169552
1148 113.30611297569243 113.26256893255709
1168 113.26020509879542 113.2322350908166
1178 113.2322350908166 113.21909204646491
1188 113.21909204646491 113.12392194335044
1198 113.12392194335044 113.04053897864081
1218 113.04053897864081 113.02745265964502
1238 112.91887043486904 112.9179058287924
1288 112.66914917090332 112.63419794838784
1298 112.5785631444452 112.53245384436667
1308 112.53245384436667 112.4368628079483
1318 112.4368628079483 112.37873346017932
1328 112.37873346017932 112.33823861463743
1338 112.31930067488113 112.28370624577737
1348 112.28370624577737 112.20521094989222
1358 112.15955103079952 112.10818667525719
1408 111.81812488772445 111.79397150323253
1418 111.79397150323253 111.71397174911141
1438 111.71397174911141 111.63151081197947
1448 111.63151081197947 111.60110334581236
1458 111.57180539110337 111.54733502412792
1468 111.54733502412792 111.50800003945511
1478 111.504397602146 111.40996056894413
2123 108.64695349831776 107.24780685445404
2950 97.20094706015011 95.08636449633907
3656 90.77203263876673 88.84372463145952
8408 83.80288627289787 79.38795000145174
42938 77.60641184020932 77.09652055417075
55956 77.60641184013146 76.52708868964713
58024 76.52708868964713 75.14623157243928
67267 70.64183071105349 64.36666458543775
67327 64.36666458543775 28.853701660691826

11 230.84224226070427 158.46915581225352
131 196.1985777543178 163.83042858139743
132 196.1985777543178 152.04071983594625
353 148.90464470772585 141.36228768721736
544 139.2109011302475 135.63214731566993
977 132.05817216970098 131.6402473738032
2732 113.67140343924414 110.84748909650578
3831 105.30948960143533 98.17969994437456
4930 84.76024686400955 82.52002521898382
76484 72.63158096595407 59.70987570343587
79420 67.65695854278695 63.76419973088935
80610 59.70987570343587 54.99009124638313

11 230.62723905231738 189.25304340244116
21 237.5489569162795 232.37507301621707
31 232.37507301621707 229.74274510398413
41 229.74274510398413 223.9070444802926
51 228.8850548028403 225.59006107364291
81 225.59006107364291 216.56877766602935
91 216.56877766602935 214.72817482585293
101 214.72817482585293 212.8688141733748
111 212.99756112422364 208.33557768009297
121 212.8688141733748 205.15784024422675
131 207.85977555221805 203.93255325789067
251 200.78503316374437 200.49292675155345
252 200.78503316374437 192.35498246963894
292 194.68293970083934 193.2602440352236
675 158.45314482153958 157.0391740805574
1239 151.379153962362 136.4195965789861
1240 151.379153962362 136.39581353404498
1693 145.638610901349 122.4692100407582
1694 145.638610901349 121.59554745968936
3025 114.75690337797553 103.37042097103676
4407 111.43966921170886 100.62574990812386
5264 106.47399214814502 101.02372874498438
5304 106.46210503773152 106.45468403142455
6676 105.64351502905461 103.41984547595393
12972 72.63158127830042 71.34647657549297
17401 70.64180525497397 70.0674166314719

11 244.5982815048124 182.70210172675746
41 218.6792123187496 211.64722994881618
161 179.9726116217094 155.38685037749082
162 179.9726116217094 161.86736241924922
1039 145.97794101651508 145.64727122028432
1694 124.76417958262891 122.87807745523861
2208 105.20746334577926 104.32692597692835
2218 104.32692597692835 103.59412487270461
2772 101.69529469292388 97.43651694669731
4004 101.49960585048298 101.06891671072458
8262 90.54094120321272 87.87018247132121
9805 89.56915193541138 85.93118629157878
12014 87.555890199283 86.43368471566674
13396 68.6518723650044 65.0393623368862
54193 66.66187219335421 57.40414626813761
55524 59.697230205755574 56.74076331057998
57834 57.40414626813761 56.13600118128586

52 226.393257310732 221.0061499731069
62 220.35394373151718 197.92957359270082
182 178.39371883420566 125.0623445353891
183 178.39371883420566 126.81955535281088
193 166.2718513458471 160.99947769474932
717 121.5749255303969 111.90110360103206
1715 114.24569690570354 96.4707351814527
4368 96.5268509511153 81.0087916545925
5205 94.34339795230845 92.17008971599603
8383 82.186032765413 78.27491639711396
10915 75.61643829026393 70.59380623110505
47534 72.63160650324501 69.44149655558303
49642 69.44149655558303 62.01657720239629

11 230.27376817085468 140.22930015438868
111 222.956335010039 221.70974959951445
131 208.0872626700716 177.0224485773001
132 208.0872626700716 166.52160243160333
364 134.13811849332563 129.60865467571597
374 132.1550769430802 131.41029271751216
1160 120.748058964442 98.77375700686369
1161 120.748058964442 117.65216662431048
2008 101.33615311800493 97.0166286400074
3884 93.8037676531441 86.7177953555449
4105 93.5551745554142 48.75847992883026
8948 82.58109809810753 81.17555933620805
12328 71.6366477090574 68.32813979167344

11 213.53494831526788 208.76506986456985
51 228.36439888173862 222.6848659869715
202 210.1929666035941 210.0110222740953
212 202.53587673031535 199.19341437482805
222 197.03232093125024 183.40350885078448
342 164.99967818653423 148.08821900416433
343 164.99967818653423 157.3465840909446
574 158.27203659542613 110.29401815552072
575 158.27203659542613 113.385880003932
1190 138.93345756831644 129.9256606176736
1987 130.24078050506319 121.63241451966528
2531 128.9460251159386 125.24668796872949
3519 103.09430783518224 99.17093867550007
4810 100.61933767439238 93.7287231660992
5597 94.69588017254021 86.8355079084025
8674 91.54272537768607 73.83294007864691
13618 74.6214790118983 65.65316699294038
15928 68.65175000265259 67.79036775337781
19368 57.70735783197929 52.40529530766496

11 218.81416237469915 202.08378627653582
71 209.3062838222796 197.88612360336927
262 184.13908089365492 164.28570402141128
382 145.82627757255918 130.3067293180586
383 145.82627757255918 135.23874499863197
766 137.65536404070343 129.97857786935342
1896 117.6146198530973 104.8785198320542
3389 105.525766160063 101.87209440459347
5951 92.53084565785007 80.82050748265365
6224 92.5307051255252 92.51660725767756
7434 89.54634717215804 88.34378814262178
10582 81.60189764601435 63.66086312855542
17736 71.63660701306364 62.377380642827475
76545 70.64180527119453 67.4492420880617
80147 67.4492420880617 65.17378197175495

31 203.30891506905652 159.38571500054823
32 203.30891506905652 158.4281681526847
263 163.85779548075482 139.75608222942597
264 163.85779548075482 144.08712918908373
1303 96.58809502007615 85.9746423073108
2493 88.03508827140551 84.61239504242104
5308 70.80245787595997 63.84838858694036
9152 69.64670988903791 67.20866334171797

11 138.9395448889523 131.03072466022883
21 195.92649959704062 195.3118241885317
131 170.47597625161978 162.7687675913516
282 163.54116928471007 153.2747900958746
907 133.50944903086867 131.68232704647505
1532 114.52504487619723 111.56221364794942
3075 100.56775200294051 98.30430347679828
6768 90.54159407222795 86.75311414276338
9058 80.59116624519919 80.50578828634544
17171 78.60131023364542 77.41672105410288
20056 77.6063510935041 71.17214336433224
23032 76.61141231247531 72.19450844694862
26210 70.64156113271099 57.24206364901522

11 180.8822168597431 179.5310455233219
81 235.7723902033115 230.14681922153898
201 195.1154678185568 148.4211361026
202 195.1154678185568 141.20784937531278
484 152.2123653868046 150.09572707453876
494 149.16160373771345 141.75911291339216
746 126.88791178871779 124.5572339023237
2965 97.56779662529024 78.06056816177207
4942 91.53831317147042 87.37230346394949
6929 88.55085599348931 63.57041054075268
11439 66.66183745205475 55.99359195866477
27745 64.67181674084114 60.91640567391903
98532 60.69214821839598 60.13846049787358

353 157.78233212882301 141.3475514100179
354 157.78233212882301 153.80678581467853
535 139.32823136943148 70.93629991696154
1594 132.73444313740066 111.84619156761707
2481 117.36043518756593 113.37967689576956
27809 87.55598796362648 79.98918347965642
30674 79.98918347965642 70.05981932820366
36990 78.60126467879444 78.19823889632647
39088 78.19823889632647 76.24605906537073
51792 74.6215554734213 72.68373965826322
55041 72.68373965826322 61.71662837171003
83073 71.63662200064977 64.7493537888972
85494 70.64168829281346 66.32271882695808

132 173.0117226947475 162.0217654606922
374 134.44688307497603 131.09536417997307
2402 109.25129382610245 103.24552835221934
4157 104.93609100537711 92.20175451572767
4540 94.80391226560451 86.62633826561283
5306 87.06533001083282 77.97838533432062
7515 76.61147935722134 67.74239546229772
10945 66.66199962463139 60.121536064985484

