pass_rich_rastrigin10_step1_poor3rich7
eval_cnt worst_rich_fitness new_rich_fitness
11 173.81009447433294 108.74734315775672
13 173.81009447433294 160.84055072537342
21 183.0124699046378 177.75198520383282
23 183.0124699046378 181.40422688032953
33 177.75198520383282 173.57111424453836
43 173.57111424453836 163.1710671626809
53 171.61009456029987 169.23614334873918
174 153.22715380971655 146.3705860124897
264 139.75338257427632 137.54493748775394
274 134.88031832595954 129.3364080040703
374 114.11187019391785 106.75235148553497
493 108.52328742003365 108.06674017567204
595 99.40591301413681 87.61221944218427
786 95.40745164054914 88.8151345026505
1300 82.40053567777656 77.03024465945232
1864 65.04022201168951 59.68751061863079
2440 59.960559788116754 59.55726335305292
2984 52.18980407865814 50.59745249430678

13 191.05393570536393 172.99781518657545
103 179.83694026693763 174.7525220548018
163 160.90311982503803 152.2957486360375
213 152.31469482628512 151.33309905937554
303 151.33309905937554 143.60845248009443
353 138.0948735325373 133.13435690723782
565 120.79091012328433 115.19476964846751
686 110.62273077027595 102.79867367114097
1220 104.40921888975848 104.22132029135106
1441 88.05736631842109 86.49555323764946
1965 84.1448871157688 78.55516285938583
2318 64.52478057268547 58.72540250847888
2691 59.88901837495393 57.01812564866466
3215 52.852791325411154 51.49073492329709
3738 49.31344216636022 44.23461828669436
4505 47.24468595952651 46.93844586416829
4565 46.93844586416829 46.916294610377676
4614 46.745174305706364 42.81320458163952
4664 42.81320458163952 41.21312374827617
5159 41.00606876505688 36.74140396489982
6299 38.80797546184815 37.573869443532644

53 192.52354152546835 185.689346344488
62 185.689346344488 181.9125536478489
93 167.5319856248077 155.50821464247048
143 161.55429190290124 155.8550596653773
153 158.2829400784281 151.71548271335683
163 151.71548271335683 148.5991965817649
172 149.32062330901488 147.44628502682326
173 149.32062330901488 144.54231196212731
183 147.31643014737296 147.24416988086256
193 144.54231196212731 144.22244476595384
202 144.22244476595384 140.3134231100541
203 144.22244476595384 137.40154505063762
313 138.25183688611298 133.47330733140524
413 132.3462902639755 116.0610585276521
423 126.92828712641416 119.6976988560323
502 111.43521384969054 81.32510502981818
704 106.68050100438737 97.43949565879271
844 103.72996469619153 102.89893475347243
1359 92.75972353415426 86.69256059298355
1570 80.18276718206627 70.56355513293869
1691 79.43591179207856 78.82824275438111
2316 76.82428596663809 74.20551761305873
2527 74.20551761305873 65.19908159084184
2537 71.98452896047496 65.24587833698428
3192 61.02769380944028 59.12610767590542
3757 60.21342153885952 58.84494157027628
4261 58.604852006894255 53.2270353147449
4724 51.16390823875134 50.35857793800945
4764 50.35857793800945 49.99643410940645
4805 49.99643410940645 49.9724573522513
4815 49.9724573522513 49.823767530590246
4835 49.823767530590246 49.75658029797424
5521 47.227266698457264 45.75901936889822
5631 45.75901936889822 45.63057947604577
5681 45.462874069278485 43.85357835185928
6124 42.10341422294677 41.97969654214431
6275 41.97955339317198 41.96573945549224
6486 41.96079718188887 41.94756955095132
6536 41.94756955095132 41.946712163877

13 188.9916852113745 181.94405744732282
23 203.28304749034217 199.732709862695
33 199.732709862695 197.62668464349073
43 196.6210178784064 196.2667450195978
53 196.2667450195978 186.45040004246712
133 178.55431818979255 172.85250054521833
143 172.85250054521833 164.72275105774878
153 166.84718603873534 165.03177416130072
183 164.72275105774878 161.25082365587588
193 161.25082365587588 158.4137081477582
384 143.46268547568405 140.5376095138107
404 140.1090774465768 139.76146252284917
424 139.7527610047909 134.42408899366453
443 132.80307865954404 130.77180060118627
454 126.54066324475957 120.83241762916242
837 115.26019854888284 111.27841238243309
916 114.83434957786446 114.08748495868927
1209 113.521226532929 109.97279614598133
1774 88.37291429856792 83.35887112264484
2298 77.12427282597123 71.43681683544193
2448 73.58443441892277 72.88954110724082
2600 70.039150911591 60.98027959074128
3780 66.25093736812639 65.66077721004189
3941 65.66077721004189 65.44896846301651
4213 65.37569057895796 65.18244914019597
4334 65.18244914019597 64.90869683400005
5181 64.61723984164188 61.0303227293747
6018 63.908616334629066 57.27813597845759
49538 62.68216825217747 47.11735896810951
50387 49.74771043941815 48.72602665702845
51436 47.11735896810951 42.159453893482585

11 208.24702077068397 179.43213763271717
12 208.24702077068397 187.33611657552558
13 208.24702077068397 153.37976717359612
123 191.8333734652502 186.09906333177514
152 184.12916000058448 183.73120581958028
153 184.12916000058448 180.80299396361684
193 174.83489379012798 174.4329241371839
213 174.4329241371839 170.78047807708865
222 170.78047807708865 166.9912984961731
313 157.47261784152582 155.31667236471458
434 143.69594896097735 138.32145779024424
534 136.9202592845269 136.7647834219376
554 136.7647834219376 136.7513044437314
603 136.60521541036604 127.53614149223537
644 130.34566431569587 130.2834961548361
654 130.27384411031716 129.8960407439586
884 115.39190085436283 114.0755198666695
966 110.49625844341502 110.17468368097583
976 109.33547322860026 109.10838941259588
986 109.10838941259588 108.46741329914703
996 108.46741329914703 108.34241805931673
1006 108.34241805931673 108.18055125539978
1156 108.14780210584028 60.05164993407109
1288 104.21223866108333 104.0216991503984
1347 99.59363044094393 64.84188657255817
1751 82.18801651366431 78.49854760190404
2174 74.17469791713422 72.48820990446686
2567 66.63226168348871 64.06459631245522
3081 59.91849850950048 56.27684832007593
3119 58.744737085575935 58.67600949204126
84575 56.712433974409905 56.625301471466884
84847 56.625301471466884 38.71015547650898

12 201.05206038088707 185.18603608058987
13 201.05206038088707 185.0412918658281
53 214.79742232344978 197.73282545542764
123 193.02774086409823 186.4776702513102
133 186.4776702513102 183.29874545276493
143 182.82045433959004 174.4320516252592
173 172.13403187534573 171.48512294208194
203 171.48512294208194 170.62273676882086
213 170.62273676882086 168.41416355821616
322 146.23165750592884 141.76375487222705
333 141.936106379122 141.04071625014123
344 141.25578742980483 135.64600802816602
354 140.33685913525392 136.45353207564267
364 137.56433173057218 135.8763922929191
482 133.15629429826146 120.82815267126455
483 133.15629429826146 127.35558713825924
525 127.9907191850754 127.35228529206918
686 120.1111944624119 117.87480388705144
826 102.95110606789362 77.74633942757887
905 97.21130214036499 68.42426247869987
1038 85.36138206936175 81.96888429549657
1278 84.7444529272514 59.68927361244708
2147 61.155479808494015 56.745755218166025
2166 60.03321618770919 51.45784212956593
2328 56.01335360526753 55.980728371353514
2338 55.97940838326633 55.427950508961686
2377 55.93109677667741 55.782200751131555
2529 55.77915844108674 55.688905351293045
2660 55.68791839237217 55.442687244982864
2690 55.25265806147043 55.13121432826499
3072 55.10159085354879 45.74456864723311

11 187.56481208164098 174.96627702790218
12 187.56481208164098 148.22340812362808
13 187.56481208164098 160.31831688539864
154 144.6180683764287 143.49419776914493
164 140.80513616822861 128.19444475200928
365 120.28146996461174 119.44527728167417
375 118.20288216765704 110.03479848594841
637 108.6300214900601 107.77083209205064
1161 94.90683948883157 76.46615874496095
1230 93.55511158790421 91.29158527483561
1372 91.19962951444178 90.65142397686532
1755 81.45527382590353 77.85868838068872
2239 75.02130414566884 71.37434407496403
2662 70.94934459836838 67.10341603214808
2832 69.70098425202684 69.33090248214958
3337 63.753805906730676 58.9278535008192
3659 49.409655267976646 44.95410511185191
4072 42.926062522253176 41.13385925683111
4556 40.251697981630635 39.72744439170922
4929 32.840745499861 23.343146138846322
5524 30.324345244869875 29.32453405220582
6078 29.040788177081637 28.620565927929874
6209 28.620565927929874 28.12201031536854

93 194.97331547900598 188.58874980062888
143 188.05127163214217 181.36821416961794
163 175.73959150168923 168.31445034496616
173 168.31445034496616 167.7261982767332
231 162.83079287439904 105.04750740339618
374 141.53329584829902 111.94705926815064
504 130.34459885880662 130.13966628436538
514 130.13966628436538 121.15453119118094
1029 100.09003107056164 94.80196122766388
1240 87.46548212349148 87.30590361697716
1440 77.89924609109114 76.50812971072219
1451 76.50812971072219 70.24780470056427
1844 72.06683830152673 71.71503023084065
1974 71.83352292778977 60.71405255137012
2024 71.51110117766444 71.4267561131428
2035 71.17322122606691 70.79922226867585
2055 70.79922226867585 70.43517738275565
2145 70.30117368728992 38.6036598891846
2851 61.96028684870644 61.927724772496624
3112 54.76705901846354 40.220179238413905
3405 51.59898767710451 50.73786479151471
4000 47.7915769949066 43.15466069060707
4595 45.82435048503163 38.08439257588931
6219 35.8821088518026 24.710239201252676

11 210.91904745930754 202.95888510680078
12 210.91904745930754 160.50018198440515
13 210.91904745930754 173.48586252963383
33 182.1507086729273 179.59371990151328
43 176.8911612652647 138.3854471690791
73 173.48586252963383 172.9059389157871
161 162.0920585669369 147.8882992914733
162 162.0920585669369 155.73353474967035
224 141.9591075054929 139.93526588907153
234 139.13095962792286 133.22868851785216
244 133.31258732263376 132.03898518110174
254 132.03898518110174 125.80771427785226
264 131.17024453985482 124.39646692894874
526 109.3452165511893 105.56341357360975
939 91.4155177827925 90.00769948634452
1221 83.7164064873652 78.34741233811943
1725 81.17116392062698 80.64810875943121
2189 76.53096099131136 76.41871965673913
2209 76.41871965673913 76.36124173943553
2340 76.15701050914456 70.98579240265116
3046 73.8795549375603 69.6634028070396
3863 59.9868473145462 53.53015786239979

13 158.69859295960242 130.93168759785425
52 181.3209057983513 180.3439629525944
53 181.3209057983513 179.16141872204213
153 173.29268001224926 172.5205348056122
163 172.5205348056122 172.01530170676568
213 156.34989345389408 154.8824792880869
223 149.44754168121887 149.17545113005878
243 143.17363194596288 139.58155327177997
253 139.58155327177997 138.0261916964991
263 138.0261916964991 136.89655207483656
283 136.89655207483656 136.64375786194256
495 120.65475852132431 115.38369772166487
545 119.13352334990866 109.61470965111712
593 111.87487915933666 100.6993683181015
735 105.19065121904336 83.09233181978173
836 102.34894461718328 93.136350166518
856 98.40842035188695 78.71320173431072
1318 82.22986697823349 56.9183194525464
1329 80.37318852652166 79.65911744345506
1481 76.74574760038742 75.96535678890099
1793 75.04243396230765 73.93513492948752
1873 73.93513492948752 73.9052167816463
2358 72.077338610299 64.51270081192419
2872 67.0882766235168 65.52617560167332
3053 65.32767767867514 65.21804788448074
3184 64.95078201007136 64.91432568129265
3355 64.91349655487818 64.90365807387703
3506 64.89381316973774 64.80430834034985
4392 64.69522474609761 62.04230480510725
4634 61.57816306727767 58.47851439122782
27589 52.73264839227295 52.30675647521508
28297 52.30675647521508 48.55397067308021

11 198.66361817766557 153.10459185488943
83 182.37054176729868 179.373707035217
93 179.373707035217 174.80792000344712
103 174.80792000344712 168.27008942866928
113 168.27008942866928 166.91321079488
123 166.91321079488 161.66459735149238
133 161.66459735149238 152.82774105254612
143 153.82621212256214 153.4386295690215
152 153.4386295690215 144.3192609300008
163 147.4570352561698 140.6347117961559
173 144.3192609300008 140.649929927369
193 140.649929927369 137.2317817775696
203 137.2317817775696 125.5797730929827
213 137.01843040984005 132.0271915483006
223 132.0271915483006 127.89625057071264
394 122.14888233260402 112.12561960061613
433 109.09816767477542 102.40203593471783
533 108.11063284761197 105.8941399051844
1047 79.73280620299911 79.32893392933573
1048 79.73280620299911 76.87977170468639
1169 78.8597130294614 78.64551672487636
1300 75.76652159295998 75.11151115613328
1582 73.18203796592003 69.32925276233193
1965 69.08642645562219 65.8465052593194
2338 65.64357217351696 60.18206400065847
2761 62.56300266415664 59.212766661169056
3314 49.03777204691431 46.44321043586598
3938 45.838485906171336 18.264867798229133

11 176.1405650520407 138.7713223014227
23 188.37580590497646 176.3182294923485
33 185.1575459600557 181.95705974557222
113 175.37288147688602 166.78978949608623
193 165.4059168666291 154.7947489737346
495 149.69321486798452 145.53691539382885
613 146.9208055930362 131.2523719750548
614 146.9208055930362 128.8432396993105
837 120.7012606036331 108.14198944218984
1169 116.86666295941603 106.06607920590797
1570 112.33700534079922 49.03774709128082
2236 96.09238295706157 93.81650034917271
2346 90.89187667738685 85.05562810584159
2377 90.34300092431654 90.15854028515687
2387 90.15854028515687 86.0535263557059
2406 86.0535263557059 78.40891595669672
2417 82.90622405079084 80.12873829073827
2941 79.28854290191433 69.85682344019264
3627 63.54112224854793 62.84702559187278
3869 59.71493557194003 55.047396292895215

11 187.3802517010336 165.1139413459366
22 230.81056748508996 221.64948835445728
23 230.81056748508996 217.666274718129
32 217.666274718129 208.83699264302112
43 208.83699264302112 204.15068103405955
53 204.15068103405955 197.32773216399823
73 190.34571561117173 189.68793230546302
82 189.68793230546302 181.08508185182632
83 189.68793230546302 176.54948141034507
103 176.54948141034507 175.59650133964237
113 175.59650133964237 173.05302621627135
446 117.71721670279501 113.1470110972295
688 99.64767241694267 91.9946218579119
1010 89.33137353707768 73.50744088710792
1302 86.62222818100983 85.80822332906484
1826 84.76292158512587 84.08172599004114
2653 80.11783964405859 71.15205964989086
2985 66.86364587138372 62.84356836623034
4004 65.96001250283567 62.22050429237112
81036 47.75785819025984 42.43413133740064
81571 46.762904100369624 45.47561965634028

43 197.7340901244456 191.96994213363166
63 191.96994213363166 191.58685538505782
72 191.58685538505782 187.57228101206266
73 191.58685538505782 184.8219141463042
133 171.05382967041174 166.61750678699315
142 166.61750678699315 161.87616730829245
153 161.87616730829245 157.1588840025004
162 157.1588840025004 154.10304620953355
163 157.1588840025004 155.05972502090427
172 154.10304620953355 149.67041320804094
173 154.10304620953355 152.34781923160273
183 149.67041320804094 142.034161629504
193 147.1109911088452 145.78586121935615
202 145.78586121935615 125.8245717274258
203 145.78586121935615 135.86793137111613
213 135.48619207201165 127.70156149087816
332 129.80764493227045 126.51767816161383
535 107.0333575113383 95.25201942856509
716 99.2988612387575 99.16098599553932
1170 87.68248285612349 78.1918696375081
1321 82.86639282505436 82.42007341347232
1442 81.18111989750255 81.13741784183689
1712 72.27172856443201 29.74622676313524
2319 65.9399507684468 61.288752843976305
2924 60.815164611816684 55.94628253549406
3032 56.707100163121 30.95961883671707
3952 53.37030558505523 47.632888311416444

53 179.08965369400678 178.3891130663271
73 172.07534015208452 167.10938297683538
93 167.10938297683538 166.70072543588324
103 166.70072543588324 162.0198356119476
142 159.28573544627812 147.3522899973036
153 147.3522899973036 140.79761495879072
163 140.79761495879072 132.7469542734332
395 119.78699462126903 117.12659037662445
415 117.12659037662445 115.82785590701279
505 107.49341136234042 103.09240323427221
918 104.71159706448918 104.50595003603244
1563 93.42372688597598 92.5821654568208
1684 92.5821654568208 92.54920781421515
1784 89.98430928927569 86.89552485024537
2167 87.4524654694879 74.18369721323808
2449 79.21914552075728 75.92971408445084
2943 74.09672218456207 71.89180314759906
3194 69.78798894634119 67.64768803617044
3406 68.68718711220544 64.13177507326776
3960 54.67201590287034 50.71009502255312
5118 49.408778400107934 43.01697582696448
6643 42.567471477651075 36.27361680594392

12 238.07491603054507 179.1018997820546
13 238.07491603054507 195.31878094159816
93 198.8305688888405 194.50951613554372
113 194.50951613554372 184.7490686891852
213 170.06346271344938 160.04486262915103
223 160.04486262915103 154.94330553382997
233 154.94330553382997 152.72479376796892
243 152.72479376796892 151.9745874937415
253 150.63476152135664 146.1284400420153
371 141.81442214007467 141.1726365368092
403 137.00675829745973 133.7136836442687
412 133.7136836442687 132.5352831947559
424 132.5352831947559 123.8517536174686
454 123.8517536174686 120.60936274366752
484 120.60936274366752 113.37765634142033
514 112.28772214915148 112.15560402797003
695 107.94906727809446 101.66598899805338
744 103.9146719529738 98.06923103065726
1168 87.08381238180023 84.29087188354725
1642 78.06726937668611 55.782510291646076
1853 68.36286148470245 59.09814874100809
2357 63.69683765777121 58.98205327491051
2466 61.75424848868961 58.504997375647356
2941 60.93488814594464 57.90295935190326
3132 45.54992728473933 44.94568772711471
3808 38.32853592279734 37.10948625008247

11 232.7556485102883 139.6932724651507
12 232.7556485102883 196.85247568562377
13 232.7556485102883 153.68562236771166
33 199.2003075752565 195.28705327901935
43 195.28705327901935 192.62685788976046
143 183.87106423604763 182.70861903246532
213 178.79775579194677 176.72562787637207
232 172.255528313282 166.1556426878937
233 172.255528313282 161.40242484760103
243 161.40242484760103 158.39275908069635
313 144.0052957087571 141.2459211631956
444 131.4228689769315 127.46537413076499
565 121.37692879863334 107.13996331452954
756 111.08886434590777 106.14060960950367
1099 107.38323495315937 92.28029352014167
1119 90.44229314760057 74.02071591750388
1835 73.19806964681561 64.80670701804573
2167 61.23729871078768 55.433491049091444
2792 58.77621489853132 52.25646222997278

11 243.82516614774312 164.9392442614531
12 243.82516614774312 217.4360370513313
13 243.82516614774312 183.884653861243
52 216.5010534985814 210.4981034804038
63 210.4981034804038 210.3135812337341
73 210.3135812337341 210.1437611367365
83 210.1437611367365 206.60841625661027
93 206.60841625661027 204.88637073189057
132 187.38695553403744 185.99933427885577
143 180.32966608360684 176.6709674822451
242 169.97711739640306 86.12844097288203
454 135.64345918709608 133.0394224873673
564 115.32446415109797 113.46928849506838
705 108.96018771093046 93.3731349262345
1098 105.069607965384 98.21051952264395
1207 85.78149444159851 53.231408868605264
2761 71.85163040587224 62.4131877988897
3708 70.04057534349849 69.95610485062278
3819 69.95610485062278 69.95532734658843
4676 69.40862099391202 49.75003412096945
5180 60.43920454609919 59.989029060292935
5684 53.86172347344472 52.70375769432439
6380 51.98350177922968 48.35359411036979

11 150.5819778017364 146.97346794881065
93 162.49815350771433 156.15983622162437
103 161.4800685796159 155.4550911642016
203 150.16326847979516 148.1282464180424
213 147.8166826600626 140.3389479235265
242 140.3389479235265 139.2490133280795
243 140.3389479235265 139.8560898839313
253 137.90866240496862 134.25337567377392
434 116.10552634190621 114.36168448303738
444 115.53752690634705 114.85227543421985
504 114.85227543421985 112.20946052933716
746 97.18258907568176 93.8716152785426
1159 87.03201265922208 85.21057349602123
1370 65.11652743419853 65.0842260845655
1380 61.26526280574285 60.82532515560876
1643 57.40596600857679 54.98187956558383
83710 52.7326282059437 49.050179106671024
84832 52.732602760827355 45.05155198621265
85770 49.050179106671024 48.39779305972258

11 207.47351080298398 148.57896259833547
12 207.47351080298398 156.1643215549974
13 207.47351080298398 134.60230115959445
43 179.47509665679368 179.4379569972412
123 169.01123933359406 168.01022634443046
153 159.63090029544304 156.5201607684974
161 155.07762423453607 149.2818220992106
162 155.07762423453607 142.9364609906889
164 155.07762423453607 151.58397773093876
597 116.16172457302063 111.02122270669112
676 106.67580870707836 104.01026165786239
1161 80.0632552223235 73.18329330426367
1715 76.51887900061033 76.12678236529072
1946 72.74617510390418 70.73316692174417
2189 66.84048619924505 62.6442332553701
2400 65.7318934253802 49.973167262366076
3196 54.424253232357344 39.61955569348186
3802 53.720485113741134 51.35552738683011

12 183.64140957016525 161.54801923594397
13 183.64140957016525 155.89860690185876
93 178.02823184353292 173.24282544672818
254 156.72972825601042 154.35387811315957
274 150.49636225413545 145.83913354764545
284 146.16442768113197 137.85860827580086
465 136.76585587075914 116.53477257279917
626 114.65939411368984 112.03001580269661
725 112.99481397764376 109.22613529617466
1079 88.25003347048258 61.803515211252055
1602 85.21455725411592 84.05666846073711
1603 85.21455725411592 72.48674501994972
1743 81.10660465605793 67.6497960485292
2137 76.51765150955553 72.27983136612147
2611 69.76955965078128 67.84770061494574
2933 61.65743709790982 59.406920775345014
3891 56.89601532431782 56.700677173376924
4153 56.08750740204659 56.02088327611803
4274 56.01615090211392 55.932214721425275
4465 55.92901077424087 55.852415006298834
4666 55.849754226293456 55.83720385974577
4706 55.83720385974577 55.83679093570612
4857 55.81065765153553 55.80874465767432
5048 55.80149720338831 55.759653398954995
26510 55.71756106076201 53.72512467261051
26913 53.72512467261051 29.186270566106145

11 215.44913837434123 112.10908022421225
12 215.44913837434123 207.57081434260027
13 215.44913837434123 208.7748227391562
204 157.00065768410667 153.11305315491185
214 152.42581443768947 146.8620359013391
304 139.39506179265743 137.68980707160196
495 122.85016893525871 115.76790473030691
757 109.67966011075346 106.59726103278064
1261 102.22571445574734 99.03091249126696
1350 101.47314320507022 94.04232399306174
1895 95.47804479096052 88.49308592981265
2490 70.91455875533835 70.55478650700327
2650 70.6276758214164 60.482689230754396
3982 65.72320374722418 59.75137988684115
4445 54.21747130470394 52.55796928918997
4516 52.55796928918997 52.42227351282214
4536 52.01769074145341 51.85642159783383
5595 49.641674719836615 43.32085161328709
6725 47.96968358868818 39.68691561858771
6846 45.88376502719839 45.78781869503356

12 226.01325122386714 183.25792089176377
13 226.01325122386714 164.26086488473138
134 168.71385568861444 160.74005771916404
252 143.5623092937937 116.05149216620958
253 143.5623092937937 125.72264613921779
376 112.89092469670169 102.11977521430457
386 112.88755448329191 112.86115548477432
597 112.35965405359401 107.35056680432685
806 101.19952986762705 56.69193539982227
1201 87.13328930712449 85.94293366808891
1382 72.52414345786046 64.12341536469637
2127 69.55089813425734 55.33239118104246
2400 58.67876262572749 51.93133377001931
3197 53.99718918634819 50.476469430906526

23 198.6573891813398 198.0952379433278
33 198.0952379433278 179.4513236839744
213 163.0458643372943 158.67976357842605
214 163.0458643372943 157.99170650140076
345 137.28977977374075 136.819609494338
355 136.24335105814274 135.60138947035986
415 132.6399493660927 102.66651767946266
475 123.99264745328762 116.6292511609044
495 116.6292511609044 114.78864042344883
505 114.78864042344883 108.69130156525985
525 110.69358126452835 109.82726960664891
878 95.43772701595191 91.59132294801651
1008 94.20961296222302 85.29212457294516
1402 91.07451889397242 85.40990674312998
1543 87.14874847913624 86.52144055415404
1552 86.52144055415404 82.70984863867993
2077 82.04776972447911 59.70463298065879
2450 75.94285468895514 63.498271592587756
2974 65.67767018799395 61.7120087057365
3012 61.7120087057365 39.98533129527102
3357 59.33968793818135 46.831764756815225
4071 53.083924151047796 46.603761155281624
4073 53.083924151047796 42.29628374472917

11 205.94870864692643 203.55231999103788
23 207.2748924952112 205.2137471971627
32 205.2137471971627 202.34436171570053
33 205.2137471971627 197.16174794871512
43 197.16174794871512 191.2455290289152
52 193.6437543479713 189.47324955042922
53 193.6437543479713 189.86486425795323
62 189.86486425795323 189.26298822939515
63 189.86486425795323 185.35102760399133
73 187.90656566908322 185.66971723318477
82 185.66971723318477 185.1016825425054
83 185.66971723318477 177.2542990026996
93 180.52851728665428 176.917262899477
113 176.917262899477 171.1314209607405
163 167.85970291452415 166.7735738902556
202 165.8344840290637 164.12980725359267
203 165.8344840290637 162.74589749804272
213 162.74589749804272 151.76245830661162
364 142.84699266712107 139.60102605226933
374 142.5411261416281 141.85957666259142
626 129.7690646938583 128.47795027925972
747 107.8286842706397 94.476166416386
1604 82.10555591128445 82.05089660647292
1967 77.22787372467616 73.22289658290484
2098 73.22289658290484 70.84248613589307
2814 70.771746482484 57.75574730323768
3004 62.69096250156879 57.69766099265792
3519 61.42748363820356 56.625677598207744
4790 50.82782444923706 43.467686039703956
5839 49.90432003513994 48.23449218984619
7009 47.764952522925 40.61123211992066
8361 43.79310862696602 42.98220860697161

12 211.00225699900244 142.48564317744885
13 211.00225699900244 173.14916850601315
143 183.2377179894738 171.02043490458357
144 183.2377179894738 175.94892941119667
154 171.02043490458357 168.31718130265745
164 166.73935587464604 163.36458071917053
204 163.36458071917053 161.9643238150614
214 151.1569413885283 149.5370275564341
224 149.5370275564341 138.60770502096258
234 138.60770502096258 128.93942324611206
244 128.93942324611206 126.00079810046437
254 126.00079810046437 119.63961933023707
687 89.65193712830211 68.31680027845098
726 86.0620203925242 66.81644988751148
977 83.34585823746892 50.75674613365422
1533 64.37500268341273 60.97391785844372
1613 63.84761881915013 63.802611363094535
2127 62.9184367450006 59.35857962023192
2248 62.18046612117791 62.115247418196404
2863 59.09092884778585 53.48628163332297
3609 57.44199413570877 55.143730732135786
4354 51.08713672560546 51.078873333871826
4365 51.078873333871826 51.07448462662997
4445 51.037898818658675 49.739744223036155
4524 49.49186296289451 45.780219293777506
5534 39.05685610296169 32.79868416135932
5675 38.96145238243872 38.957098721509595
5705 38.957098721509595 38.95655616174499
6431 38.85884789882207 36.53948614759271

11 201.4536010676331 156.3762970075527
93 193.41142834232343 183.94172049997167
211 167.92823876302558 157.4369559702036
212 167.92823876302558 155.6437687356903
234 155.6437687356903 154.67023662242747
375 142.06416255195933 129.42691459431785
435 129.42691459431785 124.15614684759775
747 113.3131638698418 111.50050750220038
898 111.91913370669724 95.8790012865115
1016 107.96053589972537 105.26287757201207
1017 107.96053589972537 105.53793521305715
1604 101.70604486536743 98.42444437993183
1723 99.26782499123533 96.25934853398928
1774 95.12262827862644 88.81025795577128
2541 77.15019289699248 76.38797929303797
2964 65.82338302739568 46.970528352705415
3307 55.41957670458049 52.08529684866866
3608 53.08129587154074 18.484137179493928
4264 51.4972882791988 50.450843366519834
5727 44.77343764282346 40.10834226601501
5948 42.97508399077704 16.525201244104323
6047 36.22817688330934 35.9785699178088
6562 35.50829337219547 33.217709233668174
7217 31.841764485269238 30.378147412990884
7923 25.69766763107208 24.522878176251623

53 182.65350724763215 180.21437032517346
63 180.21437032517346 176.79534359168608
73 176.79534359168608 168.06218835131995
173 158.5237847583885 150.24729389398883
182 151.69109586892097 147.58431623499393
193 147.58431623499393 145.1893156221282
203 141.68087290001353 134.61131443667938
213 139.18028055641915 138.16522623931004
334 132.58188200454754 120.64620807426678
697 103.06794284015139 101.71365378355256
918 101.67443507022037 99.51018778773846
1190 82.16790325182592 73.7706541305065
1805 77.83279821314936 74.79522145909841
2087 67.79268425066445 59.62176312262062
2440 54.88062588979318 50.733542221742624
2904 48.91879947995036 45.86719645827416
3297 43.443382377982886 40.39372384388647
3872 40.80370543905472 40.535378634686055

11 195.89858353601906 158.0932548327135
13 195.89858353601906 156.77811463468248
113 164.82455237925228 160.88591825071683
254 148.13862941046156 140.75501196601593
274 140.75501196601593 136.82997866007875
284 136.82997866007875 131.2546481803063
334 128.6732462342311 125.74410259049796
455 113.32216112043058 108.83594165880632
565 105.38864573237447 105.38687880755275
575 105.38687880755275 104.4843805544829
817 101.06664541456901 96.34732266233709
998 95.93359429879307 95.26305507300941
1481 85.16231848325269 83.38227833840101
2127 84.30476425193469 82.8610925422857
2337 81.66849264594708 80.9589051917828
2751 79.99608967603741 78.03047774669753
3184 64.39626069976224 62.45102670349834
3262 62.067580637476084 42.375090137273524
3839 54.91224905999764 51.648585345590945
4051 48.607900948548355 48.36076896786881
4172 48.36076896786881 47.55427234309761
4282 46.30720144613167 45.79652700122822
4391 45.79652700122822 32.28657422559111
4402 43.736238504715246 42.01512339899338

13 161.18780422535878 86.11352001370173
93 178.88339473952456 172.1251854891608
314 147.6146020287763 140.07016937399817
455 117.96083053164767 115.07429414873796
465 115.07429414873796 114.32806381529971
485 111.27814994119086 95.46890253384177
626 93.43664035445786 85.19102983070358
777 91.29885098464158 86.34029970090889
1241 80.97776094915197 78.81813792508925
1442 72.71530705063824 60.535471234797875
2218 68.3139004554845 68.08146904995802
2258 68.08146904995802 68.06819242273923
2286 67.78132598197254 65.57239836005382
2852 58.75054828782745 51.37982401476165
3013 54.21092589984679 48.19653951803058

53 185.41441738234818 181.28122997717338
63 176.68859056145612 166.35509542259211
73 173.84647826008083 172.1937861898541
234 149.15797486816004 148.92199806887564
415 123.01354707966294 117.24739243225619
677 103.33824963171413 99.07369721432191
959 90.16231074168617 86.23591737885037
1462 85.63067855881411 83.87488188937283
1594 83.1260291255428 82.7246823716814
1703 75.9558686466419 74.78715154046091
1715 74.64705421142133 65.42763938545991
2098 72.3955548215018 64.9983128254841
2541 61.32478817082529 54.12598773722304
2702 55.338301524042784 54.67915494540761
2853 52.705237182528606 52.15315723579613
2872 51.466099002868305 39.68148009672345
2883 51.031807315326674 47.775960787472876
2972 48.02206215838195 43.788268230932076
3538 44.843828737226644 43.58771914739944
3891 43.235439973208955 40.997549412203455
4526 38.916126071672124 37.83977231910758
4808 38.21254186146974 36.142755219005906

11 206.65174503799406 186.7139867825383
12 206.65174503799406 201.6125183955348
13 206.65174503799406 187.23627915592763
255 159.533910339081 150.3705380188507
325 150.3705380188507 148.53984631607636
334 145.46403191502944 143.08878774073
335 145.46403191502944 142.37793335968797
344 142.37793335968797 134.12273822526475
345 142.37793335968797 125.55973462455836
496 131.3046229677748 130.92288085420273
536 127.81708586589524 124.79737987367966
546 127.23524253216999 126.61041904722296
1040 113.70890458434093 111.85984495721111
1171 108.77678229096391 105.54216711522282
1503 96.76510615311933 95.47772649058045
2007 73.95301304088602 70.4414818880735
2561 66.93491603692603 66.69911093358179
2629 65.38667888698478 38.09465397885179
2752 63.53591597294558 63.45707566589935
2772 63.0468736632364 62.303770119329215
4063 50.13782250175637 49.192515365038076
4153 49.192515365038076 28.692629541415613
4687 48.79947285287507 45.875756739871505
4958 45.875756739871505 40.525692451558186

11 207.66629101675886 142.55440105311942
131 192.99447968789084 128.6690598482469
132 192.99447968789084 111.09201797686717
134 192.99447968789084 181.82876734889624
265 162.7164422127446 152.8842103939648
335 149.1810018748876 142.61133492622668
454 130.4082279544053 128.18708274850036
466 126.86761209087132 126.56352798061948
486 125.00979358146333 120.81911943909819
496 120.81911943909819 120.44505555745857
536 112.80136783785898 111.93801222503677
889 90.89518858803449 81.98104921478654
1282 79.93435770047637 75.92348405283597
1372 79.51008968589726 79.50611978927859
1573 79.13301436710933 76.67740783383697
2116 70.57106275562593 70.37268567020831
2852 66.21455567922645 57.3021683037161
2862 65.71069156535842 19.43381215828819
3125 60.86226138979329 60.515546900814776
3609 49.03782819911723 48.094480282456615
4546 45.01157391547349 42.83796338097838
4768 44.79307358896382 40.68026300803608
5645 35.872157284816524 28.60567043440375

11 172.127217042381 170.0578664724779
53 172.77015046867632 171.60605663312606
63 171.60605663312606 169.48350622853388
73 169.48350622853388 160.0127493318232
83 164.38528116822405 160.11160001275047
123 155.39427807155386 155.3620873431159
315 130.09915116244852 127.40686567759293
375 117.85345915594655 111.90275110714153
808 101.2287741613409 93.58241218322853
1110 88.14774513210315 80.59655577868766
1260 80.06455043057025 78.56173961042292
2068 68.3819075159745 67.1377845981632
2198 63.79600898338737 62.845364957998825
2602 62.25785245296715 61.99891365254285
3004 57.799620364729336 38.78027984802514
3436 50.32420652526922 30.509313815498984
3528 48.180670988845975 28.95945050212616

13 147.00930799989663 144.02861158340602
32 205.273483111088 204.30635527313996
33 205.273483111088 202.83449908852617
42 202.83449908852617 200.38670641543763
43 202.83449908852617 197.91684012295013
52 197.91684012295013 196.270047156835
53 197.91684012295013 182.36764872568853
73 178.27332140280674 169.7832115621931
83 170.16324133042409 167.07435012345832
93 167.91212558397254 159.46256952407055
103 167.07435012345832 159.00420029773926
113 162.07148093979333 157.1241589457232
183 152.2547598839103 151.39920025727835
193 151.39920025727835 145.67632521830694
311 143.50886073691748 139.0451236701134
312 143.50886073691748 137.2903493887257
334 137.2903493887257 135.07523792848053
344 135.07523792848053 127.82762083945408
525 121.36960468596965 119.35899713142688
565 119.35899713142688 111.90636854311907
907 99.84172021872945 97.90247458029664
908 99.84172021872945 95.61200713955752
1039 89.42621618454339 80.38239678511243
1160 88.8812487867252 88.39076997480127
1291 86.73331284947704 86.64234114249979
1813 84.98556106506096 30.284159328202335
2147 82.7921126132893 80.60775452185332
2277 79.29516120489183 77.22906929125809
2429 76.02057863945305 75.12757849227515
2459 75.12757849227515 65.03850960507052
2580 74.42888390008522 69.13418307334763
2943 67.07229871825197 61.773631716892666
3427 51.017059575920754 34.62163268828962
4455 41.398700873187394 41.076283428359844

83 184.76466040660648 178.04573767833304
103 178.04573767833304 177.60229909843187
113 176.82240000719924 174.5537392828851
123 174.5537392828851 160.1703108220635
143 167.0957522962904 162.46175369268173
405 127.5786046534028 120.11102366283642
546 126.19522112389335 119.19578019090059
566 119.19578019090059 68.29996819910312
909 97.29182196536809 81.619301417762
928 94.90601442655814 88.08242457300501
1090 88.59259358484181 88.32206621789717
1130 88.32206621789717 88.23346624910273
1140 88.23346624910273 88.15742627466743
1462 86.52949434878559 69.11870308597135
1471 83.26191487695941 42.35883276883016
1472 83.26191487695941 83.22953326041528
2047 65.93165657856564 65.08036358031386
2248 62.14121855026371 62.09405807137657
2339 62.028200744512574 62.00525599193046
2349 62.00525599193046 61.95369406513762
2600 61.84807069388457 61.10227846738637
3206 52.780837872455955 52.07204418236733
6040 49.747865364488675 49.68698562076091

12 171.8165109630454 153.45666540669174
13 171.8165109630454 129.73487687987776
33 185.4325614237269 176.72368910568557
63 176.72368910568557 169.24851666510597
73 168.2023701421288 161.63493708741862
83 165.0999081955207 160.8509173411034
92 160.8509173411034 156.89818172586746
103 156.89818172586746 153.0636311952049
112 153.45666540669174 145.05611362316915
113 153.45666540669174 144.06298385254087
123 153.0636311952049 153.03180987746165
132 153.03180987746165 151.21546503360247
153 143.83621946150922 140.438726732369
294 130.90765813625774 128.02197374586044
324 128.02197374586044 126.03622861039892
334 126.03622861039892 125.48277386666203
596 119.81174102175393 113.77807917123476
705 114.20302666826537 108.07056305991362
837 112.23991386539382 111.1680095294719
987 111.6307662061194 91.05714406646928
1288 93.15308144261839 58.325544275264264
1338 85.92182776383862 55.553748644150886
2116 64.48618514083424 63.277167385754296
2175 63.277167385754296 58.8946820382897
2559 62.394738819152415 58.34110638484724
2881 60.98878504436597 59.46985109015879
3476 59.247084955514765 43.12474361799312
3718 47.369589745231195 40.935080461897016
3839 44.6533605996223 44.57990206592337
3970 43.21959071615279 43.03125594496031
4000 43.03125594496031 42.94508956047103
4010 42.62151996663401 42.51797281670554
4030 42.51797281670554 41.915979066864665
4040 41.915979066864665 41.830541269186384
4080 39.80555304073269 38.995365589519665
4604 38.67904697327896 38.050032479312804
4774 38.013515655544715 37.26572140850098
4805 37.84928270561124 37.840169188817306
5087 37.726400613974164 37.466647829383035
5208 37.466647829383035 37.38714397905744

11 210.67597606189543 165.07964220502603
12 210.67597606189543 192.1679568108207
13 210.67597606189543 186.97036569093768
203 162.91347913630335 158.80475562942073
264 155.18894100588096 148.9592572472313
354 142.95193852655075 138.29043042788294
485 121.8228096785895 119.1122419358522
686 100.77863693755206 98.95303064463299
847 95.73448199670523 93.68067300875762
1230 85.97929525944605 84.81502734140912
1371 83.01148001102993 76.98976603446566
2107 74.05060566832589 67.91523001614824
2196 60.41692653182008 53.250799899953165
2429 59.74914245503678 58.078636343261046
2821 55.2109448629767 34.43132690776022

12 161.76704163139883 152.1988154850693
32 202.23291481631884 197.95220662033185
43 197.95220662033185 192.8203977824299
53 192.8203977824299 189.26522341190685
123 173.9039715130522 166.6577307129199
263 151.59541347141942 148.95393875770884
264 151.59541347141942 144.97306908997638
273 144.97306908997638 137.55472072077052
405 122.73498211333919 121.65067897388599
595 114.35827601091786 111.53753231083452
596 114.35827601091786 112.84839850654988
787 92.71772757559846 85.07224641539308
1018 87.70828453110784 85.67315411031467
1513 74.31915798111115 72.31635273104112
1967 70.94286414007674 65.5930434952711
2330 60.363879686608875 59.275104216367545
2420 55.15842061762628 49.526093511857596
2944 54.170982640746544 47.95576409347953

11 203.2890741979656 148.42513022915833
12 203.2890741979656 158.65087769132688
13 203.2890741979656 172.5770028744244
32 186.293551431246 184.39358245665096
33 186.293551431246 179.16919271582827
43 179.16919271582827 178.99730999586853
133 161.88200737137683 149.3731808415012
163 149.3731808415012 145.53797054038242
243 133.844211479673 129.53543837841525
564 107.07065842669164 102.75273211342459
565 107.07065842669164 106.89231949829377
706 102.62602457616481 92.86626210141023
1078 93.98944123852644 52.218847743294276
1734 81.76132019341864 67.09782343179138
2208 68.05323279945402 67.12892392979569
3378 59.890942660008676 59.106071619809974
10723 47.75793426365376 37.55767259459957

12 192.59558131201157 192.59078519647494
164 171.04208371587043 168.86058835264745
204 165.28870069573156 164.69931406545112
254 158.21141874385583 158.15220541974014
264 158.15220541974014 140.25170671838302
284 157.9531950901141 148.3291153626399
293 150.54072358473252 148.13297309515087
294 150.54072358473252 147.33390475831078
304 147.33390475831078 139.55263988666877
314 144.94312622452284 143.24720771741454
354 143.24720771741454 140.3809187736171
434 134.67609195700032 131.31342320340858
522 121.46859277566168 90.94971961782299
907 94.93485698012203 92.17026524564899
976 92.70010120760688 91.35921066452147
1653 83.21430196838313 80.88898067772618
1833 79.58956131200355 71.50133675301879
2155 76.17747763342808 45.50589311137462
2256 69.00338745914125 66.24842381620334
2638 58.13035061201858 43.23934119603496
3244 55.46699537998787 53.745055681056925
3304 54.77988128504313 54.75972549586459
3858 52.86064947285427 32.49359660680017
3989 51.29980947905691 50.23099319319527
4120 49.280955291835106 48.66867069211279
4160 48.66867069211279 48.65510244239441
4170 48.65510244239441 48.33661307166449
4180 48.61268226444008 48.126782681987144
4674 47.15146307231721 46.757389533351706
4845 46.2307198799594 46.107554706039075
5036 46.101884318799826 46.06208574281373
5227 46.056379850186815 45.969332029453405

11 172.87094673244076 159.8737987133476
83 200.4549640953265 197.09770273403075
113 187.4380804850543 176.91955403979057
152 176.91955403979057 165.37795027160865
223 161.50252697422658 157.93285946844884
354 141.0461084639467 136.73426265104982
475 127.7950518465012 127.78286538034502
485 127.78286538034502 127.28038677582083
666 112.57790905149736 111.9014204037151
886 104.74348199856918 58.545217689587915
1320 87.41937469876586 87.15632147040705
1844 70.71428058766026 65.56304422017047
1943 66.48976794863212 58.50795992992556
2458 62.93042405306185 59.51845536291526
3063 53.96342176362319 49.45034802915065
3254 52.93870196948005 50.67449037131013

12 183.58248975423894 157.5236334489556
43 192.19668556402348 186.01779521012992
53 186.72331982962712 186.55079666822434
73 186.01779521012992 176.67376855684398
83 176.67376855684398 170.84584659853357
93 170.84584659853357 167.33857601567144
103 168.67684086811704 167.0798022738152
193 156.03023689286493 155.56260988733158
213 155.56260988733158 155.2230232339204
221 155.2230232339204 153.6988040002021
223 155.2230232339204 153.36532845793016
231 152.52658392224558 140.00850020225724
233 152.52658392224558 151.06549924808257
243 151.06549924808257 150.21374878903777
252 147.9230259583776 145.81774116775892
263 145.81774116775892 142.78550193993433
495 129.00073385760413 127.7219775061746
757 119.89898822036399 104.2640302079962
958 109.17475003259185 105.10903169613596
1066 103.77765679871577 57.63429346596795
1844 98.02321962179865 95.10693818033508
2266 73.0416661664881 72.0559102440393
2408 68.76108879696832 65.70211748209144
2932 64.56838302928082 64.52412787504262
2942 64.52412787504262 64.32278598495486
2952 64.32278598495486 57.79922329446898
3395 62.82305183046425 48.20229757984133
4040 57.88064319218315 57.41117516844527
4050 57.41117516844527 57.3920109687972
4119 57.097530458471056 56.46398871894842
4219 56.46398871894842 54.25235201090361
4936 54.94063420495127 54.33319208395691
6298 44.15564347648467 41.86188605554081
7095 42.78337964435976 22.76094870118517
7871 31.81132129547963 31.66302194152985
7931 31.66302194152985 31.645975286402347
8142 31.121848125150507 30.86225949393804
8202 30.86225949393804 30.826905521865555

11 182.08363147540973 166.3675322164568
13 182.08363147540973 157.68247717844193
43 181.80586423932544 177.44685104978262
161 162.79259314820024 162.08083968354123
162 162.79259314820024 161.95724870114478
194 161.95724870114478 159.65188669666549
254 156.99610191804337 150.7658219698343
364 151.18753134284873 144.86550026258448
828 105.609376832037 105.37082341660665
987 102.8864436853766 97.20274363010712
988 102.8864436853766 97.99326091851663
1018 93.55321657075523 92.36523581403891
3197 70.68096953354666 57.88398620855375
3429 68.70450442713867 67.61535370571632
4701 68.07311191105963 67.07203498835804
4851 67.59588988037251 60.885028981154946
6202 64.14551461165598 63.47234468620218
6302 63.47234468620218 62.81585685536146
7282 59.916248824390436 53.497638467566084
8634 46.73242856445268 42.593803943077695
8876 41.1086647861825 39.870334123403104
9319 38.04551627468399 35.82210432816284
10610 36.813344149958766 34.53597130656347
11053 32.35413694858629 18.123852195495218

11 223.5242957593117 198.9541824717844
12 223.5242957593117 154.17783017508577
73 206.6861282273424 204.1572104667183
93 201.44814686395773 200.7137113144973
132 186.1856946809413 185.72274775385597
142 185.72274775385597 185.17014720953946
153 185.17014720953946 179.58639483175546
154 185.17014720953946 175.81349347790172
163 172.01863768605114 171.5796709216775
174 165.77566554570183 159.45213445368543
234 155.5713073035743 153.98558397101127
314 147.18321093372134 138.4662768585946
324 138.4662768585946 137.78018291312367
332 137.78018291312367 88.95471571222097
334 137.78018291312367 130.63440396019948
343 130.63440396019948 121.50726110020045
344 130.63440396019948 124.41994474451619
353 124.41994474451619 118.19149265025614
596 106.30035802738293 102.5652438016882
615 102.5652438016882 99.41784623551862
626 99.41784623551862 90.98478772927247
797 90.47963384735311 86.87219876438692
1251 84.76439923302225 73.25301794796599
1432 75.27389278883146 75.07761411995055
1553 74.73362942187345 73.62766570092069
1592 73.10950459032489 59.48975202286118
1743 64.16861198934652 43.3773655189567
2389 56.57697799933442 51.618087938098704

11 195.06556288475184 186.2047401831834
33 184.91962078404038 182.41033689242155
113 176.36143604556526 171.4436623061122
213 156.27160306468605 155.095133371688
223 155.095133371688 152.93449312814067
253 151.98081582890111 149.717435806855
263 149.717435806855 143.71130837146887
413 144.51567212161794 140.74628840227882
414 144.51567212161794 144.4624889427961
545 117.20568121030917 110.78712801125938
565 113.63954521363812 112.6844989308784
968 112.30518861815725 111.24440627930598
1200 97.15314743757334 95.50452878266336
1522 95.30323680556182 82.71538743498624
1955 79.89228203571219 54.35429695629129
2530 73.20020759474168 71.51231699495284
2923 70.94169481690133 69.17028486785992
3296 66.45924118297302 56.25719894969438
3820 56.862631200480415 44.78707474025916
4112 45.910801197353905 44.483408499901586
4233 45.52333734465235 45.17893260776696
4968 44.20948381314638 43.14685062981236
5078 43.29575368542431 33.624081311608236
5381 42.51947567122682 22.921273106990498
5794 40.81060207580846 39.12722243663653
6560 37.91447396442091 35.98576097056693

63 194.58407141780742 192.58802496134797
73 187.59401174321414 180.56029124338357
153 172.9853632848835 172.31587434880677
163 172.31587434880677 166.4987783461789
183 166.4987783461789 165.66085394967317
193 165.66085394967317 157.2322314225953
293 154.88281876994796 151.73002999340397
411 138.01252182188583 136.344775414846
412 138.01252182188583 135.70195756642224
414 138.01252182188583 134.63460632837297
544 131.05157060223854 69.41844374478082
1009 115.13956443816717 114.45908216897962
1271 96.8316115577007 96.28737942694498
1412 94.81139956102174 53.27264027503829
2017 67.01337512931916 63.446042322267836
2289 64.92069280806479 64.57187197665328
2440 64.571044632428 64.3867524978445
2571 64.3842521438263 64.13554841930303
3296 63.98385281170233 61.56482526053
4678 61.78974254599926 60.862908970258125
5809 59.715237155672995 58.80815931976313

11 228.56171250793417 171.79690296362975
12 228.56171250793417 190.9695231156843
13 228.56171250793417 221.89543709673276
113 176.61161020153705 171.53000006995356
133 171.53000006995356 149.42765992222323
153 164.06047937238571 160.8355496884919
243 151.40712670090437 145.289482296854
343 130.93544389447896 130.43525171709888
575 111.49894675831649 108.63122963111412
665 102.0105340285724 101.05315959877714
675 101.98479428990358 100.448677860943
685 101.05315959877714 101.05043640304804
695 101.05043640304804 96.00255447336733
986 90.04082917323771 63.90538537680224
1854 81.4975726325149 75.90987415889334
2197 79.90196348678107 78.52465807412477
2338 75.89517682585281 75.71807987590182
2358 75.65130025952031 70.55891395133557
2457 72.36475849121972 67.80682890972847
3487 70.99990933770931 65.36533755773394
3890 63.30936620929139 60.72705222011923

33 203.7657802246074 203.01570466598162
43 203.01570466598162 193.90489391880567
53 199.66699600666016 198.53511231563985
73 195.6649410230214 189.75196685628214
83 189.75196685628214 186.18983301845856
102 186.18983301845856 184.81112071488968
103 186.18983301845856 181.40184172679915
112 181.40184172679915 181.18490134073636
123 181.18490134073636 180.23955738641504
133 180.23955738641504 170.20615666549844
153 170.20615666549844 169.01477972996042
163 169.01477972996042 161.29484346960214
284 149.55463335471558 148.76705909424086
314 141.77332425041578 138.03110904935295
463 126.21876158045825 123.93492114240463
465 126.21876158045825 125.81939493014605
473 125.329753565028 120.13660508936485
676 111.83108345708962 102.08228567739387
938 107.0367927205904 105.36875548278259
1311 88.58221970578724 87.827095123499
1351 87.827095123499 45.775887509686626
5114 64.22852016995093 60.33005097100766
5719 60.33005097100766 22.01654663711028
59583 59.697270673016675 58.76642250307026
61037 58.76642250307026 57.42508051842264

12 141.47092502558053 134.80599644348362
111 188.00338555969535 186.13202935532522
112 188.00338555969535 186.57302303036198
113 188.00338555969535 173.63991764846367
133 173.62385824866655 170.78303207314326
362 138.78547069935036 100.82297940865762
363 138.78547069935036 92.76241191098657
445 130.27369031133009 125.89515944728379
635 108.23309634892641 107.79499439232625
636 108.23309634892641 103.07666756055274
655 103.07666756055274 101.2679023433826
686 96.75117543577909 92.78649445841342
1039 75.30816700607392 75.00502647797926
1402 74.13024517890742 69.57656773526438
1472 70.66651353094184 51.44840086431976
2067 56.760338775964605 41.77287381721426
2793 47.95352505373492 46.00135421050666
3650 42.351647783109925 38.83995645626868

22 194.75668095588748 192.09987540029724
33 189.20847084593288 187.8040948520872
154 161.62405615282867 155.07351594409718
184 151.9849011830699 149.2130962489951
223 146.5767654130031 146.49924336246232
233 145.65206589934763 142.6964356381768
234 145.65206589934763 144.54880178362032
244 142.6964356381768 138.25381399714857
476 129.72322731756498 116.0496964456145
605 109.57715177256787 75.66100595085717
899 103.99840578083372 93.5568888628008
1272 102.68812634313178 99.89233473494957
1615 94.87194602556133 85.26836052299288
1958 81.71976607901478 78.83155949573334
2200 71.8509988393705 70.67026530456562
2321 71.23338319772583 70.89597171096393
2914 59.76035783339819 40.9973022498657
3105 58.548512816460146 50.19239751854882
3308 53.3793076126088 45.48761317554945
3842 49.689284347954654 49.383915076987506
4003 47.5694921050138 47.18483384860369
4013 47.18483384860369 47.1012839319923
4043 47.1012839319923 46.83028147182369
4063 46.83028147182369 46.56027357561044
4072 46.56027357561044 46.54033044134558
4082 46.49288455058333 46.32549237522528
4092 46.32549237522528 42.768799652045324
4103 45.66732673084394 45.30228976723762
4214 44.93274122640257 44.900055760003276
4223 44.900055760003276 44.59371485648311
4224 44.900055760003276 44.8985376147681
4859 42.760724594501184 42.16664777511956
4938 42.16664777511956 42.06623896955773
5060 42.06623896955773 41.68556957558519

12 210.0625654662996 203.95398925605417
13 210.0625654662996 177.32779043265748
23 205.08868273820832 204.6313839491126
53 198.53755150914478 197.68668434271905
103 176.5133850809986 167.71305233187812
332 143.84143245740216 138.6593179156029
333 143.84143245740216 142.35436303546425
345 142.35436303546425 140.66331365046653
486 125.75197528787646 115.24392293881543
584 111.31211444947331 83.74952035658671
676 92.76667893179577 92.63810451310263
1200 89.71306182433665 87.90670852121602
1563 86.21991110764318 83.54731406924908
1845 79.5916054121964 75.79139840218038
2359 76.13559411026023 62.19547766384463
2560 75.87090196868365 70.10883466700257
3306 68.76890811641002 66.7766538882334
3447 66.7766538882334 66.40127784872179
3507 66.40127784872179 65.65525760900832
3648 65.57942527974399 65.29996585959316
3789 65.29843626603204 65.24027242851344
3930 65.0268843591737 64.86971344116185
3950 65.0268843591737 65.02383733540407
4121 65.02340254451327 64.99645747787206
4242 64.95352528371576 64.9301717126556
4423 64.92847241878101 64.84442914458363
4553 64.84442914382336 50.67557652861341
4554 64.84442914382336 64.79730453828132
5258 55.79476147158725 35.79701376617888
5269 51.90527003381524 51.56292099345097
48084 50.74268977401022 45.33155867480266
49144 45.33155867480266 41.20652237556333

22 212.6101339057946 211.71344072520247
43 211.71344072520247 203.60728942718174
83 189.21052184110977 181.42999576866293
163 175.37427652653133 174.16535670817007
173 174.16535670817007 169.71878829214063
182 173.27726018537953 172.0435237313385
183 173.27726018537953 160.74935102929032
213 162.10938244060242 154.28445053198215
243 154.19788881910478 152.69971967586008
263 152.03257170599466 150.64207429344077
303 151.8748025788231 149.22894023672552
424 139.55996220719157 136.65151182011346
434 136.65151182011346 135.91650821955176
444 135.91650821955176 132.40313181648798
454 135.05177857194786 132.72586451036884
464 132.72586451036884 130.94125349867784
474 130.9214008975071 125.7091532536484
706 121.10395760140733 78.95349038801143
988 108.58586355774071 106.9576802731215
1391 93.568329310028 90.72920509859851
1522 90.72920509859851 83.33641282053203
2167 72.85908890933479 60.9486882866763
2510 70.12471834101004 69.75194037360683
2550 69.75194037360683 69.62495382644651
2650 69.08964389239273 60.79808362796599
2982 68.71247118309782 67.54115536642686
3142 62.162087976742754 45.385514772348984
3768 60.34053410207029 50.4851376949462
4090 52.454105505287124 51.38364440220874
4685 48.874909089622555 48.32558188195861
4774 48.32558188195861 41.69873396155144

11 213.90366244286247 204.98688739598543
13 213.90366244286247 164.39458635027904
52 204.4890029009636 199.624890487903
53 204.4890029009636 196.12896346667367
62 196.12896346667367 191.63271771250893
73 191.63271771250893 183.94339370882903
113 182.6787578214846 173.2912381395313
123 176.3435612286201 174.83692322936383
133 173.28481363336186 164.34508050482756
152 164.34508050482756 160.7692079824739
162 160.7692079824739 159.66600278174116
203 158.39786047682273 152.82827859964954
213 152.82827859964954 146.2158187270672
223 148.72001508714825 148.59813257613445
333 133.21345914065682 132.070231622546
494 124.79515577863677 117.35067297859791
1038 95.1548203573642 92.71476001704683
1127 87.72909330373018 86.15952125408486
1298 87.50755824939074 84.89176442226969
2065 76.65675001674587 71.43905767702095
2428 71.06394467062404 69.52299930704706
2931 68.81380276405157 52.97622246181767
3396 64.0521313643284 59.108375093805655
3647 55.68805927434255 53.45884930575521
4566 51.18938446837696 39.800135009096245

11 196.63769798333618 187.52007693169958
23 198.54171585102125 194.3612692536122
33 196.63769798333618 195.04193019256252
42 195.04193019256252 193.42292497440283
53 194.3612692536122 192.61357749130897
63 192.61357749130897 189.20280477955077
73 189.20280477955077 186.09547818158717
143 184.05408104564287 179.49590957321988
415 136.06024120221844 128.69343408175848
556 123.18656276002551 117.96123816237981
565 117.96123816237981 112.52826919994715
576 113.6872971646721 110.14701173083378
717 110.03230211460152 109.95152107906726
1534 103.66750232950301 103.47419807122954
1573 103.47419807122954 100.90408581749526
1623 99.29896769359372 91.3871461255975
1634 91.3871461255975 85.28228557147162
1644 85.28228557147162 78.76490025259048
1754 82.37450776045728 75.88406535844044
1945 79.24778246194084 69.78938310118136
2176 74.66582001297382 32.139088506129184
2711 72.66694035904689 71.22054693255345
3235 69.85217830022523 64.9445082196618
3748 57.312098979922915 29.334371659967587
4647 30.37072838185695 28.83332383480372

12 171.435575968188 145.8325501884709
43 167.83888272541324 157.52500282507395
73 159.25847803399694 157.88071526308022
83 157.73444953528403 150.13177147813641
224 136.16263829659516 133.07876528228837
234 133.07876528228837 133.0352909682776
244 128.1748298757493 126.65006510197841
284 123.0273079805354 112.81036871749158
445 111.26121727141806 102.88890127391663
646 81.08663706478842 72.40373887294639
898 68.44623182950431 62.97031402269477
1301 64.49449874655934 61.08008307167628
1422 57.85382901562386 42.88983967851998
2065 56.27512625553909 35.137617994262044
2299 53.47155314973864 53.082653964052184

93 182.74250202165564 182.54299941048185
113 178.33183196242553 173.9167416045661
182 157.64651352502614 157.59558633161106
223 150.89720340691503 147.22714276062192
476 126.65076456791542 120.61218434385034
566 121.87809822716991 109.95208291933412
606 109.95208291933412 106.34143802322514
1049 93.35531083982735 62.12810259000743
1351 82.18368518566903 81.12654545915922
1774 80.3978745687451 71.6835348233983
2016 74.76545540745215 71.10970526824812
2581 70.44826785891885 65.84484808933847
2973 56.70571063122196 52.760189101324116
3458 56.38326120413534 47.70735592477328
3589 55.200321671510665 55.05922851806181
3629 55.05922851806181 55.027407939969784
3729 54.98450993874944 54.92826713484347
3769 54.92826713463626 54.90022193645766
3828 54.89170760382583 49.37590167346816
4333 52.738771260125205 48.60077471289664
4977 42.64197101253461 38.1378082480309
5058 40.22983977645136 21.89395248382813
5784 35.89238243766633 35.01595045870796

12 185.63374050847787 154.3236471541345
13 185.63374050847787 159.18964597986337
83 191.28424210169402 182.09846082259386
93 182.09846082259386 181.00076228362664
183 171.3786738084768 171.37710477128533
193 171.37710477128533 170.4463931898971
233 163.03502047479628 153.7283016281366
293 150.7386876220721 146.9547696067018
303 149.97859185342384 149.23130158556506
313 149.23130158556506 136.4213810785596
341 133.7113431077078 61.854381535366066
504 121.54979865883922 118.96751431174056
513 119.09630856823892 114.51579678202705
514 119.09630856823892 118.96097132528158
523 118.96097132528158 117.74076193135912
524 118.96097132528158 113.88761858522741
534 114.51579678202705 110.76755347576899
685 107.54489068668939 103.29955014628288
1127 75.9447694839333 59.073672156568335
1197 74.25578561470543 72.44478168733686
2025 58.13472094656569 38.07155258595844
2297 53.177313694792225 44.173999932286804
2640 51.39548756586641 50.97585612105881
2650 51.38243188367452 51.28465514874884
2771 51.00451066524634 50.76199915537809
2781 50.97585612105881 50.84600353426189
2831 50.65586220957043 47.369752502643784

12 205.8325406534507 159.22963525511477
13 205.8325406534507 188.73171055755455
43 188.73171055755455 180.41488209529416
123 164.80159972543802 160.65382658371664
133 160.65382658371664 156.58277785040713
203 135.9089376132852 135.45233175095728
384 126.7439092382171 124.37892885995223
494 115.69471602415356 113.98696440678405
514 113.0714152532922 108.999777009422
1129 102.05661391138429 95.32544023404094
1391 90.81664745689878 84.94926865100233
1723 82.3570654374247 77.25635007966264
2187 74.23372016156746 70.70081632066153
2651 69.32657173154266 59.51462497039423
3185 61.07311701543207 54.70326555329707
3386 56.50806453562131 55.10230599723261
4011 46.93753028494109 34.39176193755782

42 214.17698268264047 212.74903461399612
53 212.74903461399612 203.34581268158746
63 203.34581268158746 201.32937109913414
73 201.32937109913414 185.71451460400715
163 180.65192540494397 174.76758418035118
304 156.2498139590507 155.76078438820227
334 147.06107361053068 142.72667929486485
344 141.04268361431468 132.38008492703972
394 131.76331203888645 128.4304367615256
413 128.4304367615256 123.26097210107602
414 128.4304367615256 126.87162203486929
433 122.79152574546217 121.57663897050907
434 122.79152574546217 121.15840347574355
716 109.62862592685981 107.52120481463808
907 91.49381489816643 80.46848493058818
917 90.72212239257628 90.62508685196299
1058 90.43747166994125 83.12277012785245
1703 85.78146921117457 77.96749900896415
1873 69.2828073989806 57.255389724367575
1904 68.82994118536291 68.80476829610966
2569 66.06188079304599 53.44352677343066
3012 59.353562392470494 41.17490604628719
3244 54.79802133120663 49.397012989839986
3849 43.477900250531675 40.583878020625995
4414 37.00201165331796 36.55712851211824

11 210.49154618702676 145.6144353259615
12 210.49154618702676 149.0233642579097
13 210.49154618702676 115.20213875483566
103 160.25217332582884 157.0426174006099
113 155.51701310801303 153.79010815389407
123 153.2120764713671 147.7498718610285
314 133.88771754208577 133.67513407436888
324 133.67513407436888 125.2280440945674
334 120.1173552502051 117.06243846385604
344 117.06243846385604 116.27708117691614
354 116.27708117691614 113.57628344673167
364 114.38101380520806 113.32957404324839
394 113.57628344673167 108.1740792780324
918 94.51621178629244 83.72242144539572
1109 85.60499706029812 81.07357267456892
1583 70.82586627659944 67.45104768317331
1663 70.4417299723757 70.41408124254752
1742 70.22272253752084 62.02219841301849
2247 66.58643995631282 66.55344866686568
2499 62.19452383370046 57.68920041770317
2862 61.95315463780301 61.3936490199758
3809 49.069830376171865 46.17431715856878
5222 45.81683485775956 36.953230329551246
6553 41.79151010497386 40.46153967708944
7289 41.19285534355245 14.775491450558377

11 197.730572937723 82.69997471679412
12 197.730572937723 177.05592859407025
13 197.730572937723 178.54372628131327
143 140.9298270711798 73.94300520080955
314 123.15981976665194 112.6253213261427
375 111.80475145702816 110.02680731561156
547 104.26137825368338 99.72403150739125
757 84.94092573653191 83.41223567590274
969 78.16375223390389 76.94291552057433
1078 68.3046130967657 31.16628755190206
1210 62.93469507631528 58.779755295997205
1733 57.91991717514682 53.642059483035894
2248 45.866429867090346 45.55033649538999

23 186.79967898402714 185.55364882305292
33 178.59939479369672 177.01478842867436
376 138.52987637285497 134.07248062866097
395 134.07248062866097 131.6987024790351
406 131.6987024790351 120.12995755025085
415 120.12995755025085 105.06336617086198
567 103.87404795286179 102.19604247263496
907 88.09490974304722 84.03155809250244
908 88.09490974304722 85.77996289947242
1222 84.57687616650652 64.59731506188473
1231 80.61938331661536 69.7432122956497
1887 68.62334036638048 67.23333231980249
2139 66.59305168153783 60.22538293588172
2764 51.62467418434121 41.25441747858076
2824 50.771508664537095 50.71070307656522
3378 46.697079733526046 30.86847717592211
3882 43.615512544442325 41.46141607360267

13 189.7587402333595 143.38905340236118
23 190.16435056678745 186.77891043967526
33 187.19134755409954 184.62643358946332
43 184.62643358946332 184.02726181364528
81 184.02726181364528 177.32454075845527
103 177.32454075845527 176.74005086850113
201 167.84611443996994 151.9498027343812
202 167.84611443996994 156.08453910282563
214 163.4971490117765 161.29802027344522
253 161.29802027344522 155.97910801889515
254 161.29802027344522 156.96415156315572
264 155.97910801889515 154.91421463470203
274 154.91421463470203 146.37382520159028
465 115.19807072526098 110.69141679258314
484 110.69141679258314 107.41743262293645
495 108.9275900441752 105.42290047252519
958 105.50807009344378 98.79001931959648
1302 101.95836770848976 99.70220600768425
1493 94.4517493874236 93.54830484010058
1916 66.50913357954667 63.750123631900394
2551 52.03525324018792 48.79700075028234
2914 51.67049227044644 46.91918486401461
3186 46.58802901392017 36.56302480260807
3730 46.08375388780704 33.452866158153654
4476 43.80792012782284 33.93101295066833
4626 41.949549755737635 39.05631983455655
5434 41.796258343522894 34.0538029430074

11 186.003489862354 139.1921615752077
13 186.003489862354 153.16587390709435
83 177.58889258577284 177.1580406066313
93 177.1580406066313 174.9527201969882
103 174.9527201969882 170.27869341667287
123 170.27869341667287 162.09005516160317
143 153.2259685701324 152.03903562287184
183 145.79799419410136 142.0862351098402
193 145.25951392787942 143.9203162798389
435 122.62936209511496 113.87934985241282
485 112.80712343705167 110.2368199107982
495 111.97278174028305 106.31134911943828
574 111.04224931130271 103.72047099769351
613 105.3589901709454 86.51558549271411
867 104.38758402574955 103.93727135861594
998 103.79526500884944 103.56053363591334
1198 100.66079406186029 99.56534447914234
1663 94.11074340824587 91.20396800835101
1985 83.6068583650062 77.32297785037838
2751 73.45337775874458 68.63414142897125
3427 55.247944714731695 50.96474008510774
3447 54.87788249778457 54.76742172735115
4020 52.556132322527766 38.611780055766445

11 207.31179859205272 189.09114718290084
12 207.31179859205272 206.5956783091147
13 207.31179859205272 157.6761311542262
53 199.67741007499524 195.27778663897053
174 164.85832327687666 162.4665845879079
183 161.51317183819975 154.04006207794316
184 161.51317183819975 151.02189094891668
293 153.35882429237893 152.29418713781945
294 153.35882429237893 143.55932939352473
304 143.55932939352473 140.1237462192869
485 131.75844970139576 129.45622256476526
737 99.7538765110109 90.46690423305384
1090 91.11337730219863 83.73719492560832
1422 82.96626611779777 62.475895948126
1754 75.29249805691052 65.24174525310954
2288 74.33210865177784 69.89848385861245
2792 55.17110612351698 39.42212327746352
3124 50.74670155100138 40.640281015465796
3345 49.85093133178512 49.82589573880667
3476 49.825741098379325 49.78692866803405
3525 49.78692866803405 44.53908289332948
4181 48.64730098288411 46.125227120102046
4503 47.68612531984209 40.73664377797185
4997 38.810005331876724 34.208567060787416

22 204.01893559551894 200.5040157142173
53 197.9242274371697 193.1000558490814
63 193.1000558490814 188.118244735759
73 188.118244735759 176.0975572324611
335 129.59003345867268 126.57279090814204
456 123.73917967223366 123.55467421155177
466 123.55467421155177 121.77328893650812
476 121.77328893650812 109.93852989383745
536 107.12555129364999 106.25497418591536
667 102.78983830220747 90.83264889013638
1110 98.63910068425211 95.94547897130612
1503 87.88848202422129 84.49917034837058
1714 84.85618637169912 81.38967751109492
2248 80.73765793861088 76.04282469832097
2680 75.62715048955427 35.642521653581866
3044 73.31147122263344 69.66417363325733
3122 69.66417363325733 23.51560975408836
4233 50.84481595437194 48.58511344360585

11 223.0812169466494 219.23634495174275
12 223.0812169466494 185.8660119973609
43 207.01606904104293 203.2359915606444
161 196.1999061230587 189.33078960580286
162 196.1999061230587 195.0397246604162
164 196.1999061230587 195.88915766395746
173 190.8961216080104 183.846267758784
204 181.40359897617833 170.63827470345709
314 154.86770110775092 144.9000520442055
435 137.66669242293975 134.22894944933915
616 110.24317865767085 108.08779681451401
918 106.06819534103137 91.62878733644273
1118 97.9820309896182 67.22618167017879
1552 85.0565206389934 78.33508100603201
1733 79.58815170623801 74.34057693156728
2641 79.16195543294378 74.97299206911578
3125 65.76172900083425 60.00660541640733
3175 65.08168418946667 64.94483980848892
3225 64.89041809824401 64.87839416097508
3296 64.37602980425521 64.35938851139457
3306 64.35938851139457 64.16140693695058
3780 61.94311838454038 44.300409738503745
3830 49.882690939214186 19.233614164214117

13 147.06386655498193 128.9333702542698
83 179.05679561578015 176.6354669608566
93 176.6354669608566 169.34594283140464
103 169.34594283140464 159.65850844245094
162 160.00196691047782 154.50682569747354
163 160.00196691047782 159.71185221986354
182 154.50682569747354 152.58197244700423
183 154.50682569747354 152.37073746372147
193 152.58197244700423 151.6843439533629
213 151.6843439533629 149.47422915842034
353 138.54071787063756 118.70792051754958
354 138.54071787063756 131.71432483520945
726 108.21056433086022 90.002329107227
1039 96.56780440291591 93.78495978794776
1200 73.89573384042805 66.88915196422741
1966 63.9143782323916 61.17853400617509
2550 62.897189783660366 62.133563219807606
2671 62.133563219807606 54.66903770276185
2782 60.23878852304029 60.181534251336075
3488 49.18215577249369 48.793909824517726

11 229.09008526592808 149.79784510861063
12 229.09008526592808 159.69726320708023
13 229.09008526592808 162.81837168668517
63 174.4704056067709 173.0281249941694
73 173.0281249941694 169.6114475516548
83 169.6114475516548 166.63315355796868
93 166.32525643174262 160.97527179467536
325 127.97730010005131 126.26530486840159
334 125.69235626244911 122.56762893806193
344 125.54946258229978 112.48672234410577
516 118.93853133338885 117.40274867880986
970 98.54471155310628 88.04905787630797
1030 98.29142534322656 98.21166127390312
1089 98.04452868766185 97.65183445539124
1493 80.73314556656436 75.85712929127712
1632 75.46452962817195 39.207892483468186
2340 64.21953798000817 59.0400370570374
2632 56.178682962542105 43.6482760412907
3146 54.49598961212067 52.10008666716966
3761 51.050900791921876 47.049826736020385

103 189.53158878922304 186.2754998372924
142 171.22444996410252 106.88103182678344
294 147.15912806614944 145.31057719082082
523 140.86605667191589 138.34286386088513
524 140.86605667191589 140.6843418115285
626 114.96545861536366 114.87003364625684
696 112.77791595876272 111.3299271500128
1483 92.06781080069948 82.24954174364228
1725 80.28265574672514 75.09027992390537
1834 72.3788201619183 68.93612392777905
2743 70.66956080173043 68.90197806067924
2954 67.79249816214531 58.543460723943255
3558 58.87965211954862 55.56280038314701
3658 57.9521647889785 41.63179718573957

93 159.7739750047631 156.32376574949518
94 159.7739750047631 154.82466674605644
255 138.9373188519765 135.52490626903125
446 122.84398241169475 122.47539110362611
456 121.63020741070046 116.3618445714047
870 101.99925166397588 97.25020040978046
1374 71.53899081862997 71.43403528202762
1394 71.43403528202762 71.38496929668167
1444 71.33167830517648 64.9583901891283
1756 69.55631424252215 69.54702859482225
2453 68.96307391122508 68.5240157582935
3865 67.65935755666331 61.65838921979171
5014 65.15447618312746 59.77243513251681

11 230.5541293938305 168.8815555767616
12 230.5541293938305 132.57172072404444
13 230.5541293938305 165.36752639894232
113 180.49313844221672 176.700945496842
134 173.562812351676 170.6215758542624
234 142.20664104486056 140.6438201479378
255 129.7448472013022 129.47380955059776
376 129.05620355404423 127.27091349558697
708 95.33314716188507 87.11431599338644
727 95.22646005696295 92.1760015311015
1060 92.1434988993408 86.27364479180314
1403 88.27099168018515 84.93483195349623
1412 84.93483195349623 80.75153758343669
1887 75.53634141453115 74.78524935251076
2098 67.48969579247677 62.40722574132969
2562 62.68636614398211 58.08658708436167
3086 51.83890956746769 51.25654724531698
3529 49.77962464029828 45.253722861378634
3577 45.253722861378634 17.317659508813733
5222 41.795862305528416 41.35068136135607
5344 41.35068136135607 40.825378022469266

11 231.47347048499722 114.94437740425327
12 231.47347048499722 197.46171018349594
13 231.47347048499722 188.8572000428257
63 183.54269235184918 182.74281458222433
103 179.66324713098413 178.92855005356307
123 178.92855005356307 173.94954783126192
254 145.24307901071336 132.48587864252647
375 120.47705757024758 117.20132351786387
506 104.28089789578395 99.59080590907878
616 103.54802213924563 100.08201602390906
1100 96.03570705330188 93.89456615253549
1129 93.89456615253549 91.60018687138547
1382 79.05102546946603 74.81609742671381
2209 75.36846093960173 68.00508404499925
2632 66.83194090180466 65.77479552280448
3245 63.68666713244004 25.599868180550644
4821 52.73332504393275 52.344751457307154

122 162.5041703811106 162.24982149901615
132 161.6860470207851 160.17209444361407
134 161.6860470207851 147.0932684386993
143 155.74248820448562 154.88851134163266
144 155.74248820448562 142.74479561647252
154 149.98315889533768 147.5234258957472
162 147.0932684386993 142.00004678290384
163 147.0932684386993 146.23115439427067
173 145.35073062298562 142.9055866358944
244 129.74619847257947 127.30679911157175
254 129.70366416628875 123.83916394591844
455 112.1898946600504 108.8328553318431
654 108.97267649937153 83.70886452636054
938 101.20697475217575 95.61707940942665
957 100.36432417075223 77.4090322652747
1432 86.25821832828436 84.07786354941297
1582 79.01558086402918 55.50966269760204
2016 76.22618763579652 72.56196388311452
2036 75.83689069266521 51.391445971399484
2177 73.80235600253056 73.44836893611263
2387 72.11160704443847 68.78818614374023
2498 69.65408895758203 50.8629416677478
2518 68.46794552671378 61.46259558838189
2921 60.29008174739482 58.19520155049392
3052 57.926861523352116 57.23212171395215
3647 54.80579142137469 51.86594293673369
4090 54.4903003128964 49.36928440272959
4776 50.1135747190882 35.81143052035516
6743 49.77830634185015 48.27202997226632

11 198.85733078122541 172.75036252503904
12 198.85733078122541 194.53303735630874
134 181.86712283111854 178.64083700905456
154 178.64083700905456 176.95010771149887
163 176.95010771149887 168.77506564364785
164 176.95010771149887 159.33482110589546
174 168.50757629355286 151.412912764661
375 133.75703700297856 133.4059595398362
385 133.4059595398362 130.02028245424984
395 130.02028245424984 127.37799671194918
405 127.37799671194918 120.80834124982557
415 121.04025323433574 104.50274708037026
788 94.80766386356947 91.58556216637116
867 91.58556216637116 79.43698646086858
1069 80.11135825183425 63.18633921866707
1311 77.75073103724493 72.51351991799811
1835 75.21624346654885 74.03713850750228
2410 62.88591197957874 55.73239934005216
2702 51.48722520810994 46.254335505106745
2964 50.09600127593282 46.75837929493458

42 192.96119947574488 189.74097099586163
43 192.96119947574488 188.70668886072198
73 181.06499955502215 161.56237404942794
143 166.33150158865493 159.58199117823085
465 133.6371345588887 127.44791175478028
938 97.06690824295086 70.27144518980505
948 90.72988954856159 87.74566860734885
1725 87.34581125892136 81.69973958997905
1987 81.38498284601603 81.34416845763953
2461 79.76600630385697 77.94288953143905
3137 74.24453571954363 68.9226108637975
3539 68.8312584970309 63.59854679739223
4205 63.59854679739223 63.55889629765568
4215 63.55889629765568 60.35490160024157
4285 62.421156918091974 51.036434191817165
4405 62.01291197756071 51.39949621521151
5041 53.778501867624215 52.67201345001749
5717 47.167323675563395 46.4319120328425
5848 45.87935294045268 45.451619483076655
5868 45.451619483076655 45.29523814581779
5878 45.29523814581779 45.081976188493606

11 256.92791988718204 165.2247203303208
12 256.92791988718204 203.96729233332104
13 256.92791988718204 158.44076652023944
23 222.9414910601522 215.9001167047392
42 216.56198303078153 210.75932354621492
53 210.75932354621492 209.98292328387168
63 209.98292328387168 200.40909565081054
73 201.7336555577483 197.82456755250246
83 197.82456755250246 185.81122937794942
123 192.38296420053615 182.94581748423306
133 182.94581748423306 178.63293389797542
142 182.67302715370548 179.24503462798504
143 182.67302715370548 174.87821518777525
193 168.59603721824328 167.59150326119232
364 151.8860988075348 149.80279552306644
394 149.80279552306644 149.44340548823706
452 143.02411316246656 79.12255961270561
504 134.52093517130015 131.77355142039235
622 127.77172756218283 125.17179161012457
695 127.6074913545625 122.26315190183207
967 96.57518116246845 69.55634164663277
1673 93.19850945663947 88.01995524424399
1975 89.43983721590773 74.39777901240427
2003 75.70490912423475 52.90775661716387
2156 74.66351867317881 74.58816124603757
2347 74.33202813111397 74.09600553471299
2478 74.09600553415034 74.05289430531809
2659 74.02124521624633 73.88625453400287
2830 73.7535873066168 73.75113533882075
2880 73.75113533882075 73.75079409223011
3011 73.74966939790892 73.71698219499369
3232 73.71452466470903 73.69715898057825
7287 73.62664326114482 62.51872883848805
8085 65.66738526429904 56.27915147086935
76803 48.752857779087826 44.39940277733787

11 252.5646943230018 233.6666851571525
12 252.5646943230018 158.90798903610863
13 252.5646943230018 192.38054280116486
131 173.23349251684564 143.99532109673524
132 173.23349251684564 144.24023251944482
325 153.67573322581148 152.94945303346324
425 140.7439699170019 109.33727067032191
546 130.46626294920955 126.20575057935727
1513 95.91879354591394 81.23062751302734
1523 95.36387913930562 94.67751373676138
1733 94.55171647719487 92.13974398228466
2229 90.81041845886183 80.56886950715582
2713 90.04218185365745 82.36160835745642
2914 80.8997900101869 79.63449175368696
3186 76.846577019346 42.006781365749276
3730 70.03117374634016 67.71069846998677
3962 65.90222689482823 64.22421459326016
3972 65.81766871183311 64.70327422887866
5475 56.87471964564484 51.34933531710679
5606 56.30095570472443 56.17484765042363
5665 56.092675660909876 53.687091676329736

11 229.92925649485588 207.88475955221384
12 229.92925649485588 183.26456049175277
13 229.92925649485588 227.27683512520093
23 211.7114445768758 203.7666909788794
41 205.14615811784705 202.70070541678962
53 202.70070541678962 201.17702949794528
103 191.11478989774605 187.84595980441162
123 187.84595980441162 185.50474035291677
193 165.99164540494994 164.85845508366654
283 141.03180446700298 136.19584946639372
333 134.76582316140292 133.78557725188438
414 118.13909925524625 117.66651206793115
424 117.39103954106719 114.64661308935268
444 114.64661308935268 113.03982684651446
454 113.2354282065701 110.99788892658778
464 112.21939602148916 111.47061433667936
474 112.1153692148039 104.29191734578208
655 109.38697545005186 105.94694482036697
897 98.82568765449506 88.0750016340256
1240 87.18561996183251 84.97981355001895
1653 86.63266317088205 86.14225973935082
2298 77.12860120658414 70.4450717637244
3064 67.14568683116016 65.84025680328489
53062 62.68218853247566 54.419893523962116
53588 56.71241877394626 54.27296694316522
54102 54.419893523962116 48.023078115820034

53 208.23474928825732 206.38899252680176
62 206.38899252680176 205.79980805443563
63 206.38899252680176 205.53422074520654
72 205.53422074520654 205.51529848093617
73 205.53422074520654 190.42435684792378
113 190.71301379507904 177.67288590946657
231 163.76944499787143 160.40271393337244
232 163.76944499787143 154.13712754733177
244 156.90821836548838 151.36752143970344
254 153.51862328117392 150.13058351317187
395 146.16535426998763 144.86869876240314
403 145.15819581444202 144.53353026674233
414 144.53353026674233 143.31291046466598
424 143.31291046466598 142.7189389284939
615 111.70794222431383 71.79400904286607
616 111.70794222431383 109.7052206152575
716 91.77679504890295 80.49418280936743
1038 88.51531678351314 74.68288292006707
1401 86.30184297612121 83.47405408872893
1885 68.1023085014739 66.2522797038499
2318 65.74248564507376 56.30415196750047
4012 63.77691170342284 62.585869263943344
70068 63.67716275938812 60.72186229294609
70905 60.72186229294609 55.78627139824273

11 209.72407577724792 180.129439797011
12 209.72407577724792 173.14698113841823
13 209.72407577724792 204.85970521776693
21 204.85970521776693 203.7015296613901
22 204.85970521776693 203.42606561727354
33 203.42606561727354 198.60700946123012
63 188.74335807763276 184.1074450107584
73 184.1074450107584 179.7933305056572
83 179.7933305056572 176.64245652844147
112 176.64245652844147 171.1870088649506
264 141.0564739276063 135.8592390261134
415 125.29273722918359 115.26071936091333
566 112.14673204010438 109.29739733892382
1019 104.23408525284914 101.06037208220627
1524 95.06754386630021 94.45135524011306
1664 92.32264990584987 91.29840926480144
1675 91.29840926480144 90.94507701861815
1764 89.85059148656273 89.54492961080878
1784 89.54492961080878 86.73197447038565
1936 83.14082733441266 63.92690835081064
2127 81.86350005688956 77.14815097454732
2480 80.67350938736718 70.10038467742254
2712 71.97391253453873 68.51335105841363
3105 59.48478397685041 58.533297734695104
3236 57.69896370719194 57.185287318458286
3649 53.733923742810646 51.28790905200019
4214 52.27257391821151 49.95042905463527
4718 51.33286254862876 49.79486368368994
6261 47.493567046186556 47.08554905245931
6382 47.08554905245931 46.62630780283421

11 198.04958113256902 173.22739080437492
12 198.04958113256902 145.77139181289186
13 198.04958113256902 169.22934747984735
375 124.5116803344547 110.7747547486065
406 116.18056160458323 113.63843435742835
446 113.63843435742835 101.91627668298115
567 97.8299995356013 68.65564429430269
577 96.5671055527342 93.63422249553096
738 91.47556336533813 91.41430470103666
748 91.41430470103666 91.38224160463774
768 91.36089968450766 91.15740978552394
1020 90.40475383735803 80.25399797989505
1141 89.16323058415104 88.52272501020839
1625 72.82364967973754 55.89290694787945
1968 59.90233437629126 58.910815282293164
2260 56.520917741818096 55.049242088305945
2571 50.71174555407765 12.7857892693183
2591 44.68206592622532 14.418997697049917
3853 35.351685345715794 28.462935999860008

12 187.2449990975274 178.98633604440096
51 203.81575856711527 203.65093952673075
52 203.81575856711527 198.25659825959616
53 203.81575856711527 202.65272247141633
63 198.25659825959616 198.24470409792514
73 195.14375181333892 192.41559006419916
81 192.41559006419916 191.1566965476414
83 192.41559006419916 191.47888853516864
102 191.1566965476414 181.56600353571164
203 160.35952395856995 159.28715025525105
213 159.28715025525105 155.48112214574695
233 152.9743466774193 148.68174019419072
253 148.61244110937395 140.90809829024323
313 141.5784572933193 140.85985573716488
323 140.85985573716488 138.4980855628088
333 138.4980855628088 137.81871707729752
343 136.28831529474854 130.8779671767085
353 132.45642775249087 131.6349149562998
363 131.6745285124504 129.00898725499184
373 129.00898725499184 127.79831005741988
675 106.70573235094353 102.77308111097825
695 102.1712838895449 100.41600551311052
1108 94.71850857334451 80.24814968249777
1208 87.67386119979082 73.53078436802866
1702 84.14499816278942 78.71622859699109
2438 75.99892274426085 71.92688031587414
3083 67.36439397306034 60.22149389977437
3809 65.27877715620187 60.46417806234503
3979 63.09091106320237 56.94681256458429
4686 52.60876012237037 49.31776828545722
5614 48.36253250130988 47.189414207172526
5735 47.189414207172526 46.8438778463228

11 194.65812543739926 194.07548570952395
12 194.65812543739926 191.3825374125568
13 194.65812543739926 159.35822836013978
23 194.07548570952395 193.1724036162499
33 190.10338547689668 183.23557570577248
53 187.7250223927458 185.87156398479783
93 182.4480074129021 180.64459640482238
123 177.0306136760072 170.59275045514403
244 163.74257710840902 161.13489974699328
254 159.71169953716645 154.50674955358684
263 154.50674955358684 146.73629432334675
304 138.90373508274217 137.54547599576554
314 137.54547599576554 125.75042670444685
324 132.97397348609692 132.7851447726363
656 120.06399500916643 114.94421079534244
1200 88.71824548339175 85.11391360826622
1380 83.06785936689585 82.26242133659194
1713 71.15124089619539 62.512387563068174
2328 66.88956312958815 66.2600699275275
3145 61.64361328907615 55.22968025448218
4335 55.72634937303907 51.38870051704361
5535 50.94041590470032 48.999595854832535
6988 42.78331186975773 40.74236106020051
7926 37.80855925643244 35.73002674432783

11 218.484272416429 127.6663584516549
12 218.484272416429 154.14287372410166
13 218.484272416429 198.7995394109288
133 169.31159313213595 155.74173697432434
143 163.90769402409032 161.72903377788722
144 163.90769402409032 157.05940130137145
153 155.89577371495585 147.40352983293724
154 155.89577371495585 144.13997580665415
295 128.52484944706444 127.85139752081298
315 123.40424885996819 122.3374785740544
335 120.29026368741319 116.25778871125432
536 102.7302307588424 99.45511023993515
635 94.07002665261108 57.29972847969091
1150 80.4822215150906 80.42901588700016
1321 65.67668063273152 53.4110934264566
1331 65.41816339152273 62.48863655278732
1996 60.49272568280029 59.168237879558475
2006 60.32666170660884 60.30253551735311
2016 60.30253551735311 60.15913454358672
2046 60.15913454358672 60.00036728673068
2086 59.76343280458179 59.67098911683779
2096 59.67098911683779 59.662271316680965
2106 59.625795649554405 59.52275887639468
2116 59.52275887639468 59.451796722044335
2146 59.271695996406976 59.214748936471565
2600 58.56994472787727 47.386020804932215
2689 55.87797030340133 42.93160424450399
3487 48.26798365663886 32.57129356265226
3819 45.618522111267254 35.15147925565378
5937 44.77850186018358 40.16557015976369

33 195.08146214545923 194.24866232072998
43 190.10460437288089 182.88076398606037
93 181.91762737349907 177.66607385807058
123 177.66607385807058 177.62936073926528
133 177.62936073926528 175.91113431848328
181 174.09058781864798 167.91217414586725
192 169.7689185377289 165.40341996782823
253 159.7503512682565 155.80468102439247
384 142.52434685489942 139.4352077889484
394 137.62833806043068 129.14252068902192
404 131.95005527910777 131.82810789473987
807 120.88186237215436 115.55171693936099
897 103.95088482380244 100.3364242361648
1381 101.4247220569954 97.99592392724642
1643 84.08253659003428 81.95811519662664
2177 69.7505494189959 63.81623423212851
2550 62.63359527300293 58.05175091845077
2588 58.05175091845077 39.98224814204049

73 191.98726507858416 188.5123134938902
113 178.04449252548596 177.00677742477916
173 171.2033124008205 169.09128068259054
302 143.217281281444 130.96054746665178
303 143.217281281444 126.70396841427527
355 133.3864275670193 129.41098009315488
365 129.41098009315488 125.69000860109293
425 125.09609746742242 123.21732061855172
435 123.68302240704092 123.0204053568997
445 123.21732061855172 122.8777326120993
465 122.64155229751364 121.0018525404733
475 121.95952056632524 120.76133899104167
535 115.81545890416035 110.99176869357488
1271 91.90922717329428 90.25059559307941
1805 86.28696141757914 78.23747195382803
2107 76.95558767773369 76.69375634090306
2127 76.69375634090306 76.60441108157319
2137 76.60441108157319 61.18129119188709
2813 64.07271573397358 63.50719900686968
2953 56.9350026069901 53.236706333142735
3589 47.877775996370204 47.12257211760177
3851 47.12257211760177 43.81354639837485
4355 46.89581028176429 46.74382389110085
5091 40.91800182077917 40.53700182140314
5635 40.4421282909076 40.03555167542304
5756 40.03555167542304 39.807999576639666

73 204.55770100534662 201.86394372209514
83 198.0968036496773 197.74601878429894
93 197.74601878429894 196.7500183495817
121 184.25624360670656 96.02164704952207
153 173.34793067690248 169.2875831131468
173 163.5912513381483 157.18201899613481
244 147.9969862892382 141.25473738125677
254 141.25473738125677 134.78599654746498
284 128.91075668006948 125.7714873275053
364 121.94792318882162 120.77869537399167
553 118.86068155962116 43.13020230603319
776 113.36622510754366 108.26044432913466
1512 94.17186557701636 91.77365138115611
1945 79.71279314454273 75.00064807783123
2217 63.519202131936545 63.23718226535825
2681 61.31282714125966 58.29851608048402
3003 50.87641004149789 48.73508552495463
3214 48.88637125330018 48.818845425077185
3586 48.81038135682043 47.89955757566301
4333 39.838538540631646 37.17595653769352
4464 37.17595653769352 37.094935735775834
4474 37.094935735775834 36.458797321239366
4484 36.738195078476636 36.189900877757275
4514 36.458797321239366 14.799109052383557
4524 35.238380867742435 31.889447217249327
5401 27.18873935497551 26.690873629536966
5430 26.690873629536966 25.762094123400885
5641 25.762094123400885 25.72997931675843
5682 25.72997931675843 25.197205647045507
5692 25.197205647045507 21.05017550528008
6115 23.789527518680757 22.994063588588233

113 198.1868524408227 193.5998680226212
143 191.78782939438236 191.7345157937046
153 188.58967164578232 188.2178045009549
163 188.2178045009549 184.8391802987959
173 187.9926064484412 180.74905617915306
183 184.8391802987959 182.4886399141477
344 161.39819765512476 160.96508822248367
495 152.1963091556669 149.52449917882996
575 142.1154243128296 133.04657686584372
1039 110.6564843340295 110.11932429808186
1351 107.68409817120921 107.15834969419706
1572 97.55103441020296 92.01041926563475
2026 89.46442322178268 83.1102162272143
2369 79.85864717808028 79.21356478514784
2771 76.50245776783305 75.73879046330086
3649 69.2419577681343 63.17721820176785
5273 55.10024940155853 42.454045284529094
5371 52.04438555092186 43.12119207491561
6049 48.81803725218133 47.90363553486424
6573 40.79326873647239 40.409349623851256

11 198.19920966320535 171.8804047918134
13 198.19920966320535 169.74509016251875
134 163.28885828194834 157.30545112200195
224 152.16720217368717 145.14747902030484
324 132.34103246173567 131.84488902763349
434 131.38638217586026 120.16649524558255
514 121.08035629269196 109.64143485819179
554 110.84694769907011 108.11975801329169
563 108.60797609851338 69.54039162332991
564 108.60797609851338 107.25318631840058
574 107.25318631840058 106.37643005410901
896 99.67221852315348 91.8755297998643
1207 81.99607612086804 50.273698189297455
1329 77.59999492759299 66.6017380703355
1450 74.99513582991324 74.44346688588512
1924 68.34003296835802 68.27949277173272
2085 67.09673252303614 66.84922846581806
2165 66.8363370823638 66.8084240899467
2265 66.7676070300276 66.75360456645026
2275 66.75360456645026 66.74977387954289
3717 66.66384257821421 59.85784460617199
4423 56.06809029186215 53.66401716824209
15008 48.75281731101948 45.75476953820948
15542 45.75476953820948 41.94232229259744

12 233.15712627666875 185.9803232619946
13 233.15712627666875 179.04140014246815
43 181.3682292951938 181.09435929341961
63 178.5607269498826 176.03126807884456
73 176.03126807884456 162.14890487282253
82 165.92523191857393 165.22385715508725
93 164.16633804781384 157.75029420844285
122 159.13467391918147 157.0181720234383
133 157.0181720234383 154.89280856652215
143 154.89280856652215 152.7723491624951
173 152.7723491624951 148.29034445142042
193 151.54079300749603 148.75588263249813
203 148.75588263249813 147.54885669958878
515 137.00333047962036 133.49805954780328
747 113.42332840245072 104.89706078165695
908 104.54970944710581 104.04341281677708
977 104.046007429421 92.04324928460993
1169 98.97289685289489 98.65234726948952
1743 92.91102639877319 89.10738676804678
2175 84.46980341306241 43.700711588585875
2286 83.46965428957687 78.54373208984627
2609 68.50535664393166 59.561783022153044
3143 55.80538560047291 49.10727601545251
3303 53.76129253056106 53.550813201845706

11 165.78455846024804 144.2398624085647
73 178.64522744275143 171.05920823736898
173 158.3356283464127 155.27192797328678
291 143.02270200647718 135.69666053906417
292 143.02270200647718 132.8503241500906
304 138.80850086206328 138.57576954757207
314 138.57576954757207 133.5050511320872
324 134.42322004058042 133.39867788110618
334 133.39867788110618 133.21959442296253
344 133.21959442296253 130.01833092109243
354 131.02505068767064 125.73260070949323
434 123.191253520123 116.16836003471765
605 106.5783450333854 105.94725180590994
907 94.42928080713787 86.76130138541335
1159 87.82409056791492 84.11777829090552
1683 85.56867192915206 84.36116316369923
2046 83.55098166089948 76.97945995444117
2641 72.79704503938905 63.07435667297829
2973 71.16271091293942 66.91361454561053
3939 56.14158097681483 49.8235939059383
4435 53.709009536329674 43.335176783611146
4626 47.77531263097379 45.152833374013454

23 219.61419685196051 215.01222292956487
33 211.60011319187333 203.1562231645418
53 207.62323197496409 205.8589861758706
103 198.4192844896346 195.96619049537824
153 190.0909616572653 185.65810052386183
163 184.12670729218948 180.69391686031508
233 175.09431831427014 172.3041745310897
343 155.19546357287962 155.16604086494232
354 154.4318738543927 143.7382655992625
555 149.77071992740008 142.19752898765006
614 143.15083300689142 141.9015859523277
776 130.9544070711802 129.52382186178295
1006 126.55454041163341 123.86769682450122
1472 108.4008585532221 99.7187464779434
1693 92.92053689855634 91.23293357039944
1975 79.17951943527831 78.62786773876589
1985 78.14727200296258 70.66269232490637
2681 70.8589580210629 67.11473343942086
4112 66.6918961509419 65.83787940522843
4405 60.36509419871587 57.279842047836624
4616 55.85074701666314 50.65601690411336
4695 54.187747052147095 50.904124028420725
5876 49.93846785023008 42.603943005117046

11 231.15871955144925 215.06931164064292
12 231.15871955144925 222.5846449287459
13 231.15871955144925 176.42553757010597
43 210.3276147289551 201.86033223777275
73 192.72979712332096 192.46491783363123
83 192.46491783363123 177.0150049161042
153 183.85086402521546 176.52101090870474
284 148.32232905116635 146.4656250067196
405 132.61802213819823 129.9524035979261
495 124.66745809818181 113.15083230511877
575 119.743848457376 118.64046480635423
725 116.80550999919272 116.56932715312448
1432 92.89854693997106 87.04529866196536
1521 90.86758144749878 82.49744032227471
1925 86.84938098913798 85.26628698650967
2267 76.74608104114952 62.36655056971242
2782 64.47968518905083 60.46022107160814
3114 55.61466515164302 55.10140686607011
3235 55.28989940792158 54.09114779961936
3426 54.2905732118236 46.08933550306031
4354 52.733463373311 45.11301339859968
4535 49.8680081220023 48.87650814039468
4817 41.49645057486862 40.31670237806947
4847 41.293215774484935 41.256397120319185
5523 39.11042953968932 35.134738035173996

154 155.01679527987457 148.9224941060246
164 148.9224941060246 143.78894762530496
194 143.78894762530496 138.93619731388173
204 138.93619731388173 138.4287900620538
395 118.32667955902333 115.75303019585098
565 115.2612293475137 114.43840015611804
566 115.2612293475137 104.3091907773258
645 109.35579340636272 107.56344600781973
756 94.76618257076235 63.470077112429976
1583 70.6964074848157 68.80306281488029
2127 62.64349121763596 46.8433819415236
2206 61.37734960220627 37.13084858292845
3044 58.37710971605162 57.09454899640217

11 180.47282090577556 131.69710922033022
12 180.47282090577556 141.18597108687817
21 192.97732218879375 192.2922077777032
22 192.97732218879375 192.44126335993002
31 192.2922077777032 188.112696482207
32 192.2922077777032 186.2856425806344
43 186.6746344816592 181.56225959610006
63 184.9660123921171 178.8086620854493
72 178.8086620854493 178.30428893671711
113 175.92632241614757 175.19370797560495
234 148.04959979792613 144.0029588646853
274 144.0029588646853 141.25773779964484
284 139.49516897087102 131.46723684116267
294 131.00707206726892 129.64064665405746
304 129.64064665405746 120.8515008809359
314 128.97362230224235 120.83808364085853
605 113.36716643823394 99.51243983734766
625 109.2279124901152 97.11526304442143
1231 96.13968667002833 94.70001145599132
1574 94.07799132607514 93.83587370077024
2068 81.9481094611958 66.63863148675416
2400 76.75333438106155 66.84588147385935
3025 60.993819916128054 58.67087403550864
3195 58.67087403550864 56.52650116534945

12 171.1829742494563 170.6060340721149
63 213.7219328459767 212.05356796868944
83 212.05356796868944 207.8312179592815
93 207.8312179592815 199.21865266349502
113 197.99479133629256 197.6315258091941
264 153.93549642608446 152.665167960584
274 152.37399367607938 148.20472893303858
465 130.3619868534368 126.05389821215422
505 123.08407624339911 114.85423752949809
817 98.28337306287621 98.19523495633916
998 90.11276924777519 80.19305863111592
1249 86.9787025398511 60.58631017695103
1572 84.94689556976729 80.0318801233854
1732 79.97920391402486 78.9356161424286
2853 66.87876120662736 63.90887588369035
3286 61.28615352837531 60.47684705640376
3760 60.71577143132843 55.3362935323366
4516 57.417616013259234 56.582981496290124
5242 51.10952894548588 47.16805613463106

13 182.18997114437667 162.49068310012677
43 181.3187350257016 178.7316873275354
53 178.7316873275354 173.84944825581772
63 173.84944825581772 165.76198411495994
182 153.38865645066346 139.62520460552977
355 134.38263352516984 132.68953294010376
365 132.68953294010376 130.98240589889627
395 130.4550343957974 126.91235973728158
405 126.91235973728158 126.23129047198083
415 126.23129047198083 112.5911030374114
687 99.86594016636164 92.8871620875814
848 88.9280398120806 88.36339717079194
988 85.92814245924073 83.17173756764939
1130 77.36016729979417 68.64051602841356
1351 73.7013207565157 69.21046626163502
2168 70.83690517261918 70.12088998864881
2530 68.46072657013528 68.36945267043647
2541 68.36945267043647 68.33989307343549
2571 68.33989307343549 63.50494757999135
3166 65.4244089631319 61.231239933479735
3186 65.30185289198218 65.26682028502734
3418 64.71489952009358 64.54543500355481
3458 64.44939269478772 64.42909047592042
3669 64.22097262789663 64.18821254275038
3768 64.07659512314567 62.547459084095415
4030 63.74609059282317 62.49046764216568
4585 55.787824979041076 53.52098926780503
5381 49.273556226579004 47.17601724502895
5654 47.17601724502895 47.16893650061668
5714 41.720134640193784 41.480503054905064
5734 41.480503054905064 40.610603131487736
5744 40.610603131487736 39.10798639473339
5754 39.10798639473339 37.736717382676794

11 202.47418217374153 185.68457071998156
12 202.47418217374153 121.30691968915515
13 202.47418217374153 192.19541952800967
33 192.19541952800967 184.97708648152195
123 179.4270892976241 173.3211703272897
142 173.3211703272897 170.45274388214673
143 173.3211703272897 171.2859410910142
153 170.45274388214673 166.23503602306295
243 160.47726036968743 159.77373492244317
424 132.02739121723167 130.56694212430668
545 129.0940849029629 118.54835435894495
716 111.3844200985992 108.499311802475
1168 102.74273507911813 90.77023647861644
1291 91.15192641030936 89.59118452493534
1573 89.43868548875332 84.02840720146096
2228 76.60380876397734 74.20969743828726
2449 65.57470953318753 52.480872998948605
2963 57.79287872358436 50.69962482905071

