pass_rich_rastrigin10_step0_poor3rich7
eval_cnt worst_rich_fitness new_rich_fitness
11 173.81009447433294 99.07462901204487
13 173.81009447433294 168.8739232965878
21 187.51578271005184 159.26303185639682
23 187.51578271005184 169.97317105892404
33 169.97317105892404 168.2751208297511
43 168.8739232965878 156.2821760151359
53 168.2751208297511 152.24501573139514
111 152.2133879729383 151.48884399639218
123 143.46435514462928 141.60125254991937
133 140.70175662965127 131.4537758415144
143 140.00920297327679 134.10367613981458
223 134.16828404861857 121.20932308190773
273 134.10367613981458 125.65469532510646
654 93.75668971970148 68.07774800679476
676 88.79128566699964 50.04945760104752
928 80.39695068687227 77.2951670469476
1017 77.2951670469476 69.38440485086726
1219 72.72531701729757 57.08949505430019
1642 64.60065631619885 64.14078091222595
2135 57.22595493096016 35.15388593869969
2640 56.32039008350858 53.4300208884451
3043 50.67776527560965 48.010246890820824
4041 44.80467787065945 43.3761870116833
4666 44.77732238889469 24.46540153870336
4978 40.05879152356509 35.89629331268846
5189 35.89629331268846 15.130587916872528
6056 28.2308592948053 24.536598827175226

13 191.05393570536393 175.66650922021478
73 171.62534959257744 154.24653309573168
93 159.307486905789 152.74185100729994
183 147.84292494799325 137.03264987477561
382 122.26743825613751 69.22754553222569
434 109.60841043665144 100.11358823244962
565 94.6982242099083 93.74649893211529
807 93.40692608782703 93.18213126011842
826 93.18213126011842 90.24560783498791
837 90.24560783498791 88.39719840525164
1038 83.71708696832037 83.54142089963288
1097 82.30480150780284 72.5723764717985
1592 73.24393338980349 66.7578142392602
2256 63.61023766606849 60.04395835985413
2549 56.729964258901326 49.33070180965835
3023 52.863217059376126 51.523751251652534
3224 43.99281855442998 31.69320441367975
3748 40.293959582879296 39.526217167781226
3869 39.526217167781226 39.05755089077559
4070 35.042816225053784 34.51418880169889
4473 31.05049218696894 25.911936035458723

22 207.80696016613905 194.2769760408315
33 193.37483818865232 188.81114888172732
42 188.81114888172732 180.4943148389637
53 187.96245077616925 184.69830576895026
61 180.50876402417703 175.9485840420325
73 173.90957451499605 162.16174302788545
83 164.74875658175785 152.35491544141502
93 161.53336423082828 159.72171810173907
103 159.72171810173907 151.7955713776651
153 146.5095272705124 142.92785655665375
173 142.92785655665375 139.79028662987008
183 139.79028662987008 135.46310075113502
233 128.7708350537075 125.7401113723932
242 125.7401113723932 124.71094715720236
243 125.7401113723932 114.74319786440728
333 121.97388052593743 107.20673994366956
383 115.05205009126429 104.02031025622121
483 112.09652231098454 110.75678533984932
501 110.75678533984932 63.083766855617895
634 94.42346281114072 91.25443764995852
1027 86.14613022826761 85.75312384930193
1269 72.49729361484748 69.35787612870958
1622 62.83204482303608 61.492604899066365
1753 60.637819327548655 60.45958439588866
2247 58.16418391777771 57.13901642116578
3175 54.67392847319239 54.26570686469378
6443 53.73008157652522 49.15091159123136

13 188.9916852113745 183.66696961213452
32 194.56817759693655 190.78020764158455
52 185.74546124198957 170.65346774391264
53 185.74546124198957 158.1689228059932
63 170.65346774391264 163.54056952207978
103 162.12322258945971 162.00558909558956
113 161.93706098845246 148.8764918697874
344 132.40357685626753 121.61846493783118
355 131.6489736919007 130.15068982178445
365 130.20352970566452 129.15924094218852
375 130.15068982178445 130.13187179664587
484 127.7388609659831 111.03801719770331
485 127.7388609659831 122.70034565266289
585 117.48882425561503 102.33115700386499
1028 99.31589889073916 90.84938450305975
1218 98.59535030796371 95.02436949505662
1673 77.04803950073719 73.3062641371113
2278 66.56564905051926 66.10252231755376
2489 63.77739703321026 60.19624639064311
3346 50.479261545805755 49.73907726015403
4163 47.94330035977399 44.12668896136237

11 208.24702077068397 181.99612456913997
12 208.24702077068397 186.86777180344586
13 208.24702077068397 153.5563993550944
33 186.86777180344586 176.71351560045034
43 186.69074113439484 164.99725124760675
63 173.86810197427744 172.33740821891035
73 172.33740821891035 163.81283636479787
83 165.6586556243077 153.90071867991912
123 160.1514313581976 156.36853835797245
143 156.36853835797245 138.76629402687684
253 136.87930057026978 120.80175869836341
332 114.48320134834165 106.28769035113872
343 113.3532208808166 112.81732317149587
363 112.81732317149587 111.85051309455234
372 111.85051309455234 110.80025776929256
463 100.86098724991038 100.83373119498776
664 94.87974323829408 90.04558205035927
1077 92.71202137277412 82.39841339680524
1156 89.7256609834965 47.564592789713465
1298 69.94826717333642 41.850803222827494
1347 57.17636775047061 41.41393995075668
2324 53.20352546195991 35.08580700385511

12 201.05206038088707 188.48949659382615
13 201.05206038088707 188.96406691059053
33 220.92100727569766 191.27226835055617
63 194.1096180153413 184.40813453626396
93 188.48949659382615 185.1993068027491
163 166.1631228788798 154.021748871994
213 155.47393726238926 147.22753700535043
414 125.61028051687816 112.02989270464208
656 108.82286473786334 100.98329804559954
826 102.82019984015065 67.10191015500038
827 102.82019984015065 92.31474018572843
905 96.56788597827466 62.90765969428578
1036 94.86817881753687 94.77427643044021
1048 94.77427643044021 94.74306018195499
1058 94.74306018195499 89.34423606306834
1885 84.34858668305978 84.33607071281176
1895 84.33607071281176 84.1842099715069
1955 84.18420997114751 79.74333097737745
2014 78.05853379297155 64.0220372923055
2599 65.97870690300446 60.89032624432157
2670 60.89032624432157 38.803419419841525
2881 53.885516655418385 51.94678471572988
3092 53.05283922340903 51.696643644483046
3212 52.15682884830716 51.74106153583514
3213 52.15682884830716 51.71271455164623
3726 50.75269006591762 23.86175974299347
4007 45.26075874257285 31.182822031873542
4170 44.91070962814012 44.88087031409581
4200 44.88087031409581 44.875994517730945

11 187.56481208164098 174.2730381312765
12 187.56481208164098 146.7051783863257
13 187.56481208164098 158.71351983317297
73 150.8538897311077 137.27024925298815
82 148.00850138338635 146.56716201727613
83 148.00850138338635 143.9050481813343
171 134.2357206227146 131.15862440753878
193 129.30788333232047 123.23738335808507
465 105.5538499126814 96.77566030819676
525 96.6156813405285 89.97065270469966
535 95.64404146577783 88.46405707838304
807 84.3125602764888 64.8345369631392
978 77.85812088523659 77.65081358660368
1260 75.66442902850716 71.6980348444754
1562 67.35983328521898 64.05326699571874
2238 63.20975380217504 51.262033261866364
2873 54.799486207517674 53.8244350460935

33 194.50779611133993 179.28763541906756
123 157.2960770323018 152.84602978639043
231 139.97314586405304 99.57620462190489
293 133.80287553415278 117.45245221912971
494 114.93310754602906 109.05463098677585
574 107.20827841409034 63.02412560357185
896 78.85403772714186 76.96822811922908
1531 72.7681313922295 69.00146792550733
1711 72.09550577097801 67.36678067089203
2690 70.72329847022597 70.23283578888002
9157 52.73481611985493 52.68611485121039
10298 52.68611485121039 51.5203520204319

11 210.91904745930754 199.1450578907391
12 210.91904745930754 145.60785959753318
13 210.91904745930754 166.44185561144266
23 182.1507086729273 179.60803752465227
33 179.60803752465227 161.2373764787039
43 168.92636376666513 140.00647675902127
53 161.2373764787039 157.80758464948465
63 153.92125139116172 140.4826636308465
204 138.09769776962167 120.29279806126559
244 132.8888545256621 126.12699898580847
455 91.44634736876648 88.37133617536051
465 89.59372307044418 89.12667633489137
475 89.12667633489137 82.60771274255869
858 85.39003938067921 80.10618407670871
947 80.10618407670871 74.95049547920686
1361 72.82294809020809 69.66767429753224
1744 70.08155841071125 51.84795743204565
2642 51.87588048994755 51.7589594289007
2662 51.7589594289007 51.75134940610273
18323 48.75279709163146 47.15001332661965
19079 47.15001332661965 44.20492556414906

13 158.69859295960242 123.74818683119236
43 180.32261035044706 168.19809901584298
93 161.87583965882652 153.22782992319378
133 151.84074709624423 146.4332842814785
203 144.7675525903807 128.85977616547171
233 132.93198374480536 125.34498426183455
505 104.69789402234953 101.7164421746132
736 81.4013608317654 71.97701616290958
1029 79.02463756385454 74.76873292075399
3602 70.22005584080529 60.207273256556014
20191 64.67204079970944 62.496583193862136
20725 62.68212784330439 61.70784464392332
21885 62.496583193862136 52.49819188835963
39614 58.70231676068276 57.84713634691718
40814 57.84713634691718 55.28853222843184
57523 56.71245950294038 53.9483148515111
58674 53.9483148515111 46.047174122156015

11 198.66361817766557 149.30140069843202
53 170.67519079197297 162.4662559553396
63 162.4662559553396 153.2904092248558
73 153.2904092248558 140.09905782416695
82 152.34831600479987 149.8817596673486
83 152.34831600479987 142.8027421393411
93 142.8027421393411 141.15191862656576
101 141.15191862656576 140.23636844130067
103 141.15191862656576 137.8644736567208
212 122.63068818198683 120.97134679238135
364 103.54305673410956 97.8033033139319
414 97.6639673202531 96.74298126153813
485 90.7313821802396 81.69645184477002
767 82.27647751916007 79.92899190561556
976 76.0541781251914 29.9380407734744
1270 66.5879122400704 66.55391844173442
1321 66.46900868294834 61.16526206999899
1583 60.256623149028634 58.94881878307446
2773 54.484042071013405 45.822104607905466
3368 41.96484872588925 38.42507841311968
3519 40.080513058965956 39.793474130733074
3589 39.875118150248156 39.867835499181204
4355 38.22949188519567 35.587006540877525
4506 35.587006540877525 34.58313526284434
4576 34.11466465310305 33.22872880529491
4616 33.22872880529491 33.153387700326334
4626 33.153387700326334 33.030364724228775
4636 33.030364724228775 31.943022535182763
4767 31.938346323579523 31.18594809633349
4888 31.18594809633349 31.062851279376815
4898 30.94275640547852 30.668694799700745

11 176.1405650520407 135.22686310381806
23 185.21579491926468 171.34024901085812
33 185.13199938018346 180.1252279744025
53 179.40435035710772 178.0578957873708
92 165.24670177155974 154.49353206677682
123 152.13319373850806 143.78521919802157
223 147.9852732598319 124.36344484813517
333 121.71421896976116 116.57675571980904
877 95.54404731611586 77.83408468538263
966 93.40192457405725 85.62600365921499
1570 81.10445806769914 36.24076705994471
1651 79.63591919147733 79.45300511886654
2478 75.2617987761623 74.90349024194731
3094 62.89436895751776 55.93368259978773
3891 53.30709559839105 49.081714603002915
4627 45.9354649043202 43.49011238310574

11 187.3802517010336 173.62845443019648
23 224.50705091694982 207.1172900388655
52 191.4704584182934 179.262661228374
53 191.4704584182934 187.52628934301947
73 179.262661228374 171.62666572655243
83 165.22525623790654 164.17485970417846
113 164.17485970417846 158.1350849985525
213 144.02979888314954 141.42035230407015
223 141.42035230407015 128.64422969619477
233 128.64422969619477 114.081280713357
394 111.08064888223913 108.72335958371214
515 102.49113737829026 98.83287973613521
585 98.83287973613521 93.53016604732014
786 89.96112915441348 84.04657766792904
1178 79.72568983864348 79.40682503307872
1310 79.40682503307872 78.48174433329552
1329 78.1136462664847 73.29952608701277
1834 67.33196407148185 61.56445048198384
2096 61.56445048198384 59.055714530315235
2106 60.717527132596295 59.95342976890205
2549 60.431910535837396 60.05979835429537
2598 60.05979835429537 52.004246845458376
2921 57.93701100894595 49.17545804589519
3819 57.712217707468724 52.754187149565766

33 195.31074567145686 188.45158783754965
43 178.28982200474806 173.47192016090492
63 173.47192016090492 170.02290392258953
72 162.31636602941032 151.0069229524871
93 158.17542108176656 156.19054580561226
123 147.36230476127596 143.52318217999317
304 122.85698453489292 122.30463264986648
334 122.30463264986648 115.68931281458582
515 98.34714678861191 91.08489701484216
726 91.35924887567606 90.66100158855221
756 88.98569782454564 78.07577547252103
1028 68.5301036955392 67.50053717813852
1197 66.26108594448576 58.553239858782455
1732 55.02349444207735 50.68260053830499
1792 50.68260053830499 43.25234502536754
2236 46.56019188747094 45.35569235174496

22 187.3101295768738 180.04861603001257
43 170.94747903135436 166.25861349145526
53 166.25861349145526 164.47184731600893
63 164.47184731600893 151.70183347558878
73 162.2120688835895 158.12777980003003
83 158.12777980003003 153.28850532952805
103 151.70183347558878 145.87582729162494
133 145.87582729162494 139.7523200274424
153 141.7702753459882 133.3113174899761
183 135.5276939705902 126.09018976283788
263 119.80043575380645 98.63871628352516
343 118.85219460353511 112.03758970970503
464 103.36888996329961 97.67504504791944
958 76.36377710768271 69.48554972813102
1502 66.20633593723666 62.04373623661094
1581 66.03882671727561 64.1771804668998
2398 63.86479599250463 63.323802697867414
2982 54.57974057287904 35.342407895203564
3557 54.06861973480751 32.20595744210463

12 238.07491603054507 181.25936934580932
13 238.07491603054507 187.88475251400214
53 189.13458143767343 188.60422302911232
62 188.60422302911232 186.76974647352156
73 186.76974647352156 184.5730197960297
103 172.17931154715427 164.33122497740237
123 162.47562598183487 152.25624355968648
254 137.77762898755697 135.2544810566131
344 121.4478289989627 115.39949691177075
475 104.39671000147598 97.5825286352886
615 98.00422554961267 95.93910294980866
777 84.18373323107778 80.46366235118614
877 78.68754955941394 77.68922683059458
967 76.87018414251608 71.74111238686586
977 76.27119941825191 76.27075704436956
1340 72.39015613290488 71.4934360116392
1772 64.1735716158154 63.792029007056755
1773 64.1735716158154 64.03892275994619
2065 61.41504292202617 57.13316423557841
2670 48.17883618256973 47.38449488075183
2770 47.45768226688307 20.120871841358053
2930 41.31670195399725 36.38862293015748

11 232.7556485102883 132.36293352032655
12 232.7556485102883 203.02553838814907
13 232.7556485102883 157.26764726339135
33 199.2003075752565 188.8188317789456
43 189.25367486840025 187.2804471178157
63 188.8188317789456 182.2591256739525
72 182.2591256739525 181.37047402663939
83 172.19589924893842 162.46799169047273
93 168.5225806214978 167.226417219395
103 167.226417219395 166.62031784528196
253 139.67958062030388 132.37156922100377
254 139.67958062030388 139.5080523642129
364 119.32919131753712 111.0791373275371
525 96.74463625192368 90.00557567215559
535 93.958635367959 92.235192447499
554 92.235192447499 85.27734751842654
817 88.68001164638206 86.38446421728071
906 86.10659891403938 84.38882374356596
1139 82.10991693051152 79.36466613533446
1461 64.25796490231838 61.182505637527264
1602 62.08323602968199 61.99409314060658
1723 61.56812848579466 61.37252833834003
1753 61.37252833834003 61.21078980584826
1763 61.21078980584826 61.121865709934134
1773 61.121865709934134 60.92787586736099
1863 60.92787586674044 60.90981024621793
4355 60.69272393678619 60.59094053255055
5615 50.43991012066213 39.36207628290663
6300 48.77014583966131 31.139388851880227
6311 48.45395901238965 18.63508338566203

11 243.82516614774312 170.19474446638594
12 243.82516614774312 216.88746806607918
13 243.82516614774312 188.9153656313024
43 209.83948458679097 201.118416979154
53 201.118416979154 193.65286774059365
73 185.93425381192208 179.80491942636743
122 175.4223238350143 174.44713188501873
123 175.4223238350143 167.21630755712533
132 167.21630755712533 156.4490220757676
143 156.4490220757676 149.6996595131719
152 155.58732406899335 149.21758592201707
153 155.58732406899335 128.76882121353879
163 149.21758592201707 148.26411519375324
173 148.26411519375324 144.38178572457358
242 138.68235316312234 88.61313283739975
243 138.68235316312234 138.21251923005343
384 121.07747959920205 119.32259748214965
413 115.39315124026572 113.80913783292773
444 113.80913783292773 94.2197381721267
696 100.59741041065223 93.29442354681835
1039 96.90824088176194 96.48783987960479
1281 94.25131443130489 93.45691942989228
2239 55.56951115878599 46.8928735148865
2249 55.441136794183926 55.437954554612425
2259 55.43705545900544 55.34109561856583
2450 54.78292082345766 53.66935164580621
2571 53.761767466319 52.9663115478721
2591 53.66935164580621 53.65366446078313
2762 53.38943112599177 50.327620987723876
2962 48.840727674407624 45.58814031248958
3134 48.61088709217243 48.49094175728174
3154 48.49094175728174 48.413675851097594
3204 48.38488521796258 48.197308459074456
3385 48.08489031700722 47.950942114759115
3495 47.94934512649771 47.932005216541775
3675 47.851629084471895 47.46015601886046

11 150.5819778017364 145.94201335686307
33 186.93538386357068 175.95402248843067
82 162.10826874763788 156.68369297666487
93 155.32642985943505 140.18959328725157
172 136.49548183353588 129.84419895612726
173 136.49548183353588 132.5328316018149
254 119.63320668165069 118.66178811774137
375 102.17467405471913 98.26747538869883
385 98.26747538869883 93.7331714980896
485 93.73571916971595 93.11614010370299
494 93.11614010370299 92.08166364497455
504 92.08166364497455 82.0342894869672
514 86.53246046017628 84.56996622880055
515 86.53246046017628 85.36232282035093
676 82.08909000422078 79.62456806214101
2724 64.05550545981528 60.634963881559926
2854 60.634963881559926 59.82220438308682
2955 59.82220438308682 53.68887708850627
3366 58.781747385762394 24.517254474424433
4316 54.72496465170589 49.21171041977783
5385 43.0800294330015 42.861425946051206
5516 42.861425946051206 42.84593110113899
5667 40.96923952161647 40.569349298917075

11 207.47351080298398 148.91356289529259
12 207.47351080298398 157.5313179659877
13 207.47351080298398 136.1916337451833
22 189.9328942983051 183.52642562271205
32 177.69479391234717 174.93686638833833
33 177.69479391234717 165.81265962556677
103 159.06872472352592 158.53859240796737
133 158.53859240796737 147.03849793359416
193 147.03849793359416 146.63824302561105
203 146.63824302561105 141.5361304811839
343 117.3643150988461 116.40709915176967
374 112.01990087440242 96.66581592985946
585 92.89756202592908 89.09981845295181
693 83.31216926687688 82.33483337997849
1239 77.04123944070369 69.67305007015688
1561 73.22262757499553 71.5735633871851
2095 63.39428222101375 54.06197078535262
2700 50.89359726833987 44.89927035155147
3355 48.32948553839289 46.69606314765886

12 183.64140957016525 157.2356743374254
13 183.64140957016525 158.86785195646962
53 178.56422981744194 174.80619266108272
83 174.80619266108272 160.14061986803367
254 133.02297030492633 124.16531050509084
445 106.01705686194327 102.82825638171819
646 100.811284766399 97.2113222927449
888 98.74694057732708 91.48372594052202
1079 89.8944402358932 44.26011255367836
1300 84.30855639749669 82.78617815163531
1915 73.26967678846552 65.09925714223971
2167 65.52442133857946 54.44562077029003
2590 60.27484439738399 57.48929676780152
2800 57.48929676780152 56.75758700524448
5061 53.73354122200113 40.84944136027259
5573 49.151491186261914 24.267531977646527
6826 45.76797216322811 43.03350262188444
7966 35.6842240185603 35.1637729999951
8097 35.1637729999951 34.77905006951627
8429 33.830059235734595 31.018450603055527
8449 33.828513517577946 13.29597214075089
8953 32.803319298155785 32.195301287369745

11 215.44913837434123 108.84325274539503
12 215.44913837434123 198.91003118945582
62 172.54424926604068 162.46959720270263
113 151.78474751097514 150.4396648414296
123 147.56440928445824 136.2195167207792
143 145.71856851171754 131.88377305554297
213 136.63256078336096 111.09936119303117
424 107.41348794393753 97.34514844371878
565 92.17275737620479 84.78260530237758
797 87.06149009096458 84.45147352416626
1029 81.63212693550572 71.29957058754837
2027 76.87512569816639 74.07058542348727
2491 74.32422430509598 66.03663767627663

12 226.01325122386714 183.18389145506032
13 226.01325122386714 164.71523509447783
53 181.4106339580659 181.34537933519707
73 170.047956828468 162.515986504144
83 164.35968869912782 162.27437859952653
183 151.80978256490482 148.52566926200075
204 143.21609458877822 122.60985567677771
214 135.3555111529598 126.33069704205441
345 121.91354144862527 108.7086431345008
365 113.72721737523118 113.27634471114524
375 113.27634471114524 103.82315360673863
667 99.46356759301247 82.83170777175025
806 89.62427345164599 66.5798490939585
948 85.63633094806359 76.69420895038442
1342 79.76901019333621 67.53441232831949
1796 76.0347646196046 72.0939141739064
1996 67.76090363018655 61.39332123850371
2126 59.913193099106806 52.19733584982855
2773 53.417554670050976 48.97198675775119
3025 51.93996220955031 51.61389631616679
3277 51.11161185634511 33.18793929855221
3942 46.685815540107924 38.747608745496855
4073 46.18138188880963 45.99449412981894
4194 46.026497283499396 45.98658206499488
4214 45.99238508891007 45.986155494292674
4254 45.98658206499488 45.985929894093715
4415 45.97004345239116 45.88979248954243

23 197.78104670874959 182.05171904739404
33 187.25645199128746 174.21447132447713
43 182.05171904739404 178.36565968014838
123 168.21764157861588 166.11461885703193
153 160.3693851996875 149.1949662662802
243 136.92277629263913 121.18994929943756
253 131.47195482092977 129.1373229486805
313 129.1373229486805 127.84338369889484
323 126.8192638652391 113.19169448200282
393 113.54419320403416 111.6863158548224
453 99.9620035477752 94.00278254554964
463 97.57777526502156 92.43982663516242
483 95.2385750747705 89.59011758703022
876 69.90840345680232 64.41999922049601
1622 66.80219242635303 63.32343158639942
1944 64.54933488248841 63.11911299635281
2074 63.11911299635281 41.2423848321389
2174 60.772391884126186 48.809578688962986
2296 59.590711050659536 58.618396057757536
2760 58.48163601621018 50.07386547328873
2838 52.91598710093207 28.166112222169332
3586 40.615886092844036 37.14661763093348
4494 31.684297218022152 29.399012277496624

13 205.94870864692643 202.78048693749525
22 206.1433572899041 202.66244142972693
23 206.1433572899041 186.96215773787534
32 202.66244142972693 181.4556405875154
43 183.7368251546473 175.43272143950583
53 181.4556405875154 179.86106804566543
62 179.86106804566543 179.70512387293155
184 143.88499881015684 133.15155400299025
284 132.21266904376304 128.56706599195877
364 115.92213050256696 113.15714058474492
464 107.28910712375531 103.9156300246686
514 103.9156300246686 102.8170451343552
736 91.76500132789104 90.1848429905405
1047 86.53322747621235 59.20093237154297
1290 85.34894118614704 80.6599557493078
1855 61.563536249059986 56.1397889134134
2389 55.991311585419304 53.367463119993495
3115 51.65671858642885 50.88850034982871

12 211.00225699900244 149.32113398751278
13 211.00225699900244 169.7780785872513
92 164.18042684696022 158.67993296532762
173 146.9495890932319 131.79250357869418
183 131.79250357869418 128.0993064658764
193 131.43261227821424 130.14054675863025
394 120.71817751486489 116.31028403120598
404 113.72871372489396 100.14320137768802
756 87.68390843467672 84.12990084580409
757 87.68390843467672 86.5636876346883
767 84.12990084580409 65.82366425269302
777 81.39438240492319 72.05650467832763
1382 67.64596558686722 62.216556412319335
1471 66.47403492360431 65.43743143706281
2197 58.50320175841568 56.01017682913711
2681 50.145573915573294 46.96909527039521
3013 40.79622220576144 26.905829853135387
3286 36.95607058338042 35.09077282449765
3497 35.71659805738469 33.660977746564086
4001 34.25721808937891 33.21321659947952
5280 30.672214719639527 26.02650015025911

11 201.4536010676331 151.78583744329043
43 202.51395096905745 195.72803727663288
82 195.72803727663288 194.71659928997218
93 191.1411903295711 188.94929366493267
103 188.94929366493267 182.04726154528595
112 182.04726154528595 180.16772814280242
182 169.53147148234066 162.5053123065764
183 169.53147148234066 149.85175282213044
191 162.5053123065764 151.6385789930015
192 162.5053123065764 156.83267181694964
202 151.6385789930015 141.88607528673393
203 151.6385789930015 135.83612364160754
213 142.52559700122808 137.86500334932722
344 130.91104724494838 128.7116472569419
495 115.40117796306164 115.38413695814248
574 110.5677158956829 105.82256245703849
1039 105.15131185885708 95.50784596828332
1432 96.2085550818097 87.86164372133177
1542 82.31709898952363 79.43274937976994
2228 75.98970040825373 71.67944940816686
2470 68.52853772060209 47.227151907625625
3024 63.81663025028529 53.47189356804728
3498 59.92001135122284 58.65875789946397
4335 48.16477807137876 47.57430287944413
5414 42.84968060500822 42.13425914593188

33 189.58080589245606 165.9993138294967
42 175.84187016432077 162.89776755506043
53 170.2892865614158 150.32649770669772
82 165.9993138294967 163.99036330962346
93 164.30608599943756 149.18950935276354
113 163.99036330962346 161.1034941669687
122 161.1034941669687 156.2812900540063
143 156.2812900540063 135.4102859497267
173 143.4113211510131 138.4125482801606
263 124.58971091322422 121.39953577198467
273 121.39953577198467 111.72841204794689
282 120.57826406142519 111.66034534834442
293 113.97815795977121 112.92424982705631
434 107.17481265201648 105.57903532044422
444 105.57903532044422 103.29989182235987
464 103.29989182235987 94.56663236829569
474 101.2242166127816 100.59481953416802
827 92.64136979129688 92.37652378494806
916 92.37652378494806 85.85383395220683
1037 85.85383395220683 78.84192723408961
1350 83.63637134878546 78.99119883985789
1642 81.43573437355019 75.35347230412181
2207 66.90668243610007 61.17289140353152
2922 58.623341277440396 57.09083428519442
3609 52.58071505162155 51.61689188899569
3789 51.61689188899569 48.5639955789772
4323 51.014162079431294 46.91690317633825

11 195.89858353601906 166.84693693487043
13 195.89858353601906 165.37513236700062
72 163.3071272362678 147.07711064765084
73 163.3071272362678 158.56039333988875
82 155.73233990883386 142.48895812045618
83 155.73233990883386 143.71178612388394
203 141.0753942759021 140.71023489015863
204 141.0753942759021 139.06832237151198
224 139.06832237151198 133.87167400388347
335 117.31664846363705 113.60931321588842
506 95.36848650454955 87.50456182534326
687 89.50503921992247 86.80653258518738
767 86.80653258518738 86.16237636790879
777 86.16237636790879 82.79149518106664
847 79.69134347652576 79.69082142803589
1079 78.69606566001778 60.83652795999787
1480 78.28229338208263 44.13275536847074
1683 75.07510196618034 74.67684600824523
2288 68.68381076192969 68.49424547471695
2912 62.147113681895576 53.61401485967184
3103 50.286856559416755 45.912030396639075

13 161.18780422535878 94.6843397474743
63 184.187242461373 171.33722998821312
73 183.5175929737095 177.35392425731618
113 177.35392425731618 163.7370480480704
231 142.37391250156537 135.80140711323116
314 135.0791226348818 130.8010573868357
324 130.8010573868357 117.09021393576721
354 119.60148650915316 116.6862547037622
424 111.09654483196357 104.66558264948783
524 104.08902830929348 101.98118498616391
786 87.67991502410939 86.80115792165526
1290 77.01597875907886 71.53669498227552
1935 67.90767003206537 65.07535069845416
2136 66.80668192157641 60.770693410152504
2731 59.01721738401139 57.78999577581317
4254 47.73069939292185 47.66213174621567
4305 47.63401363583789 40.15124529279663
5475 46.80856531019079 45.945934084874786

23 196.95443479872205 181.46064025730107
43 181.46064025730107 146.95738511137506
93 153.83023706767545 144.83909975275384
103 149.2933213999638 148.4817669777836
112 148.4817669777836 147.41741098349874
123 147.41741098349874 138.12010206972587
143 136.2462030112606 135.71977587330403
152 135.71977587330403 122.83032874762509
153 135.71977587330403 135.15475275358747
395 105.83272952612576 97.47550362266911
425 102.3592260035352 100.86366555657794
485 94.13846960770954 87.0292998622231
969 76.31865405958379 75.77352902234459
1513 69.70794491084416 60.841629512258706
2239 64.68863315453487 61.861760811845954
2935 58.77572827050284 57.235949503879596
3056 57.63735929181876 57.45148572308271
4539 48.490922097844496 46.37697087846718

11 206.65174503799406 183.0541199289653
12 206.65174503799406 203.69316008324154
13 206.65174503799406 179.5989052955112
63 185.0235610946715 184.0172795375487
152 169.4616199555345 154.0714058284849
153 169.4616199555345 166.21834147995355
374 125.96465194842176 96.1605949871355
503 121.63192831370509 101.34347482408651
535 114.51283139720988 111.58012786377593
565 111.03961760683444 110.52243756107531
736 102.82621696229145 97.84988378272992
1289 88.59217635635693 51.334972495666
1430 79.17303640572533 77.40864047918282
1774 67.01783855607101 59.242211869800606
2207 63.40220931905484 61.12780558227147
2560 59.59449029572798 58.960987781494474
3064 52.23257902326884 49.01548312742796
3921 43.0254151004488 41.86372552839077
4092 38.84138267169837 37.48540282443035

11 207.66629101675886 144.67460491246234
63 188.99925842295676 171.88782858750596
73 187.34274578940045 187.33126473817268
93 180.74216477258636 172.91103651130163
143 157.78859705320326 156.9110449944954
153 156.9110449944954 156.76924196185803
163 156.76924196185803 144.8988473600079
182 146.82646192276596 131.88208265829414
212 137.36592178096134 129.72683696551792
334 113.96286449398444 86.16186434688709
586 101.33051737092467 89.449490541382
625 89.449490541382 87.99918920690872
636 87.99918920690872 83.28061010466327
646 85.32187969038151 80.29708111394747
1231 81.65886380783601 80.83049679400129
1624 75.67729234247548 73.91272543227254
1703 74.55291201444847 56.81154874012483
2218 72.53290202633414 72.12411410530152
2934 70.55139589875715 51.38439465737982
3054 61.10848190335663 57.44352531873797
3196 57.44352531873797 57.42973975146282

11 172.127217042381 163.17655949639982
43 178.90914857467186 178.50639300458943
53 178.50639300458943 159.0972055208999
72 159.71102257880327 151.5829081961883
73 159.71102257880327 151.65160430972244
102 155.00905096291683 151.504899808658
192 138.6740738546543 135.67295457621293
203 135.67295457621293 134.01745121349208
243 121.4850672885026 115.88295743470236
253 120.6822302049357 118.97073708644444
263 118.97073708644444 113.46788735260924
373 109.85292426684062 108.18374225031232
393 108.18374225031232 105.15739733244953
403 105.15739733244953 95.17858425075521
483 97.4645948963376 93.10998644093515
735 80.30259896458855 77.58290113183664
1431 72.56818911743923 69.08673278746767
1673 68.71792450439683 61.88257755236764
2338 65.71691196236668 64.91875152673799
2407 64.91875152673799 57.882388574043595

13 147.00930799989663 144.47258206745767
32 196.30717609433495 178.9711922234386
33 196.30717609433495 194.18262538295863
52 174.76267764939922 171.41683787903156
53 174.76267764939922 154.2446812663033
62 169.43548829553345 162.5494858838071
63 169.43548829553345 168.73565071092065
72 162.5494858838071 156.22905972099
73 162.5494858838071 160.40021329744928
83 158.24251784635047 157.2247014994182
93 157.2247014994182 146.7578032354649
133 148.63374906781212 129.86904649636094
203 143.31073692675318 138.80468865280537
212 138.80468865280537 132.63412644008355
213 138.80468865280537 132.66530713422688
233 132.63412644008355 131.03193702885085
243 131.03193702885085 129.37421588158463
252 129.37421588158463 127.0496233527216
352 118.6699656868297 105.24822679003559
353 118.6699656868297 116.79920832016867
494 100.42166476822224 100.33008563117697
504 99.99575811095704 97.30975751146104
513 97.30975751146104 95.5921154059781
756 80.79484145022083 80.01657990896769
826 79.2714908856378 76.4847333170352
947 76.4847333170352 72.83783904515073
957 72.83783904515073 70.86377653520532
967 70.86377653520532 66.78130561543497
1852 66.66256820092808 57.00734556465923
1854 66.66256820092808 63.945203780178346
1962 63.945203780178346 49.8060586549296
2478 61.990249410122374 59.51487622535144
2730 54.34239289479225 49.15191500894681
3234 49.06955209546322 42.4074211726094
3607 39.34757532623235 35.89420202915471
3627 39.088134012065694 39.02128054444794
3909 37.86716131865879 36.34270824302294
4706 34.04037295964581 29.638134694131693
4815 32.17831143706232 31.83737983415375
4846 31.83737983415375 31.829049691258945
4935 31.454544068151847 29.505161229908794
5126 29.251085727293116 23.904285362517555

23 197.85431967223232 194.51104751487702
53 190.23223830793688 176.11000367209192
162 152.40847628898987 144.8385869871355
163 152.40847628898987 146.36384495272523
172 144.8385869871355 134.80587816147008
232 133.44784362642235 127.91399729325757
253 127.91399729325757 123.23012347175735
273 123.23012347175735 113.57484428096643
333 115.208154426009 112.40271897233141
383 113.57484428096643 95.71365535689523
645 100.02623660161522 91.17394231741912
947 83.67450654293708 78.06661729884927
1350 77.10054061138217 75.9760822819486
1481 76.18134478013431 76.02328444689235
1782 75.9789572074221 34.60367008693177
2035 70.56673842674233 65.80365409897819
2721 65.92611134202278 64.53325266094788
2942 63.20792019899713 60.914793107219545
5747 50.95792101277114 49.03461723630145
5846 49.03461723630145 44.36455525857752
21286 46.76288409099992 46.470547743930325
21769 46.470547743930325 13.442381291643443

12 171.8165109630454 142.41285453939264
13 171.8165109630454 131.33320132936765
23 185.4325614237269 178.4266148592377
33 178.4266148592377 168.8757644502585
53 174.33443630502762 169.87242284576655
63 171.8165109630454 167.02808492771035
92 154.63419228302058 152.90907667941264
103 145.05452973833997 132.2541387425793
213 130.3524479381662 110.40210702725479
384 105.0802326742943 90.25205600390154
595 88.88094602635152 81.82039204657323
867 85.79955482213776 62.82929708016607
1230 71.1740290692317 63.22044453559325
1288 70.02790076918966 36.108207597863704
1338 62.73661281698744 46.98116971574221
1864 58.23064089510804 57.46678322094932
2560 49.37230823359052 48.43655419031683
2862 41.19068389691918 29.446802838706148

11 210.67597606189543 161.78542382352373
12 210.67597606189543 187.68496061667156
13 210.67597606189543 179.02935844025512
63 182.40351408256663 179.0826874890604
73 180.61131336841373 178.6797274218857
83 179.0826874890604 166.48324947181067
103 177.0027577632689 158.49682976825622
133 153.40607862496896 152.0550736637956
143 151.94944772738992 142.9994284007621
173 142.9994284007621 141.4993560500386
183 141.4993560500386 129.70861975755594
213 136.20390586289534 120.28060034290016
223 129.70861975755594 128.52770707626973
233 128.52770707626973 122.21894296410818
253 122.21894296410818 120.10282928070119
364 109.67064627770813 103.1075247989615
414 105.84853069331177 104.12486260130147
464 103.19870081489894 92.04727862190134
776 83.78889154260241 82.20448301239344
1008 76.8572358679219 74.45239222233423
1391 73.3415377153533 72.93267690430137
1572 65.1720329328194 59.704236367861625
1955 54.22067366391031 51.960768523943855
2196 49.83819620880347 42.38593665528376
2822 47.14382276326734 34.23365902034517
3054 46.267887884480395 30.795347471499923
3911 29.343156297836174 27.82615776882909

11 161.76704163139883 155.43134279256688
12 161.76704163139883 150.82628947888801
33 199.88158617138959 191.49689688341942
43 191.49689688341942 190.35458539993715
52 190.35458539993715 182.5227020554364
53 190.35458539993715 167.53841059782724
63 182.5227020554364 168.2103964600701
103 169.67553077674972 160.82154934163424
113 158.59452080691577 151.40214733514236
163 151.40214733514236 142.79931961502382
173 142.79931961502382 142.35950815161686
243 131.7866787860719 121.21031638442429
252 121.86886370450993 115.53306736780672
253 121.86886370450993 119.1494904430634
263 121.21031638442429 117.53970344622797
303 118.26300225178045 90.33968042169009
313 115.53306736780672 98.61902283162868
323 114.10941948643936 110.70642609279605
333 110.70642609279605 109.01767669950452
565 81.49330463116252 73.36892990927488
2491 76.35834175516763 76.27080249486323
2602 76.27080249486323 76.2677326283601
2995 76.07375497422598 50.728681036034686
3953 64.5706870891645 61.49694321583596
4487 57.377900533221535 53.45821893489207

11 203.2890741979656 136.31485830767534
12 203.2890741979656 162.58652039173907
13 203.2890741979656 169.19087940376187
21 182.6229512092498 182.12448070582982
22 182.6229512092498 182.00074579470405
53 175.21700462975843 153.09688304895354
63 169.57839097354247 155.9875662136597
73 160.44223578014027 159.6243306720658
83 159.6243306720658 152.2794143040141
133 148.55158244454947 143.2603940644667
203 128.8088997102057 118.72999886804136
243 124.78095314406309 119.84640569592722
263 120.52898375407989 116.40541983059494
343 113.32713787732956 103.68725473982828
433 109.30259865143893 109.28465835041222
493 99.22220815518547 94.1035256994792
866 88.71146300601774 77.95068316430138
1037 77.3661925997621 72.70205077653463
1521 67.14958346171301 60.647679664478396
2227 65.21022010566415 64.13501898704405
2499 61.192195198476234 58.18389794421681
3255 55.32112926367704 53.756331559293905
4092 42.98928154311326 41.62259890232947

12 192.59558131201157 191.12547601494882
33 203.6645409786662 202.64138694769483
42 202.64138694769483 201.50251083884825
72 189.4105701311655 161.37749185844075
82 183.22319169807403 177.06695996518337
83 183.22319169807403 182.52740104907934
93 176.05031554006155 160.46949214294958
183 154.74282469943904 140.6333468097322
213 139.7482749156261 121.61818025067764
223 137.5970986527979 127.86286349110188
233 132.90623536651367 125.47527968267048
323 124.07218569264603 118.63655305150449
453 112.8731799217975 108.39500832636318
522 106.9706483913563 87.23927990501221
604 90.16923216316233 88.69399684482356
846 82.86674585794745 81.21225604690373
1441 73.51163515101912 70.10166055129348
1581 70.21790954911161 66.98310909284406
2187 68.53488422508056 68.17573839012037
2792 62.84462639251019 58.471976367840064
3387 59.51002959496991 50.08669084134474
3730 56.77399064530436 51.84117703442083
4829 49.81178179791719 49.200649176466754

11 172.87094673244076 163.55604053325726
21 207.64391758470578 202.19415868783483
33 202.19415868783483 184.87143061448197
113 163.51068993053138 148.66554696106272
153 152.1357940609069 144.34683206504664
163 145.56600909457157 141.01421713159695
173 143.60323806307187 129.97904768378027
183 141.01421713159695 135.25792062432265
243 130.76257555906102 114.80072333590925
253 126.99012164823543 118.52507386935557
312 124.9689361087199 123.98511485879303
474 111.03802344291958 103.63460186899354
484 108.98783220795201 108.62659295537892
494 108.62659295537892 106.5447887051948
503 105.21371134961267 103.69806492168206
645 97.78145789094727 87.83739846433747
886 71.22481216623741 66.58001822114691
1351 68.54878703375658 68.34459176949863
1370 68.34459176949863 58.65756704463666
63499 61.687229447445304 52.65522574104229

12 183.58248975423894 166.08918897632475
23 192.6170328031553 187.48717226348967
32 190.3806970837849 188.45300000429103
33 190.3806970837849 185.91510142904124
42 185.91510142904124 173.32605872313906
73 162.39707268981596 162.08852010771062
122 154.3441477977308 153.30833507765152
132 153.30833507765152 152.09776824849303
142 152.09776824849303 131.46899333846244
143 152.09776824849303 147.86910945831886
223 140.55947723939087 138.1890919577494
263 123.78764112458947 103.2318652920406
595 85.44617193919254 77.07032411078063
786 83.639876364623 64.8153468072316
1018 72.90946328443962 58.509487249396194
1066 72.22458852757117 47.33909046851509
1199 71.48359105921276 71.45159074016274
1834 68.57466091124314 68.00079598301328
2388 61.867618256079396 60.068705810674814
67321 52.73262826893229 49.951957814007116
68048 49.951957814007116 40.445633795272045

11 182.08363147540973 169.24389130526356
13 182.08363147540973 152.18121278999718
23 182.08363147540973 167.44754446093845
73 179.50492129691554 160.7082596246246
193 143.4700163929396 130.39898332711127
254 125.93318715846621 116.38721774637975
263 124.50105748485343 119.2605121549262
304 120.6479368113929 104.5897555254461
323 117.15570373548313 116.62327472159018
495 96.83730030952457 87.30364563764856
525 92.92804402361543 91.54135497352871
625 91.44158039600048 90.57170836120838
704 89.26054201429412 81.64956345121027
715 88.5103272428357 80.2659444107287
1229 75.22186426206008 71.18157962977183
1298 71.98417838098015 71.86374641535068
2015 57.202823624842324 51.116625707309915
2428 50.531978200059314 38.764606058641064
2508 50.02396021472508 49.95825202715682
3416 45.647369157970516 43.99343697944009
3676 42.43488418959276 35.7265497836037
4323 40.82502500686749 37.35298429652195
4645 34.53271841853163 14.091498303262185

11 223.5242957593117 209.24345544837303
12 223.5242957593117 160.98866877191227
23 223.5242957593117 218.4919102398994
33 209.1252469191825 205.95869053294223
43 204.15180247950883 198.73417768866008
72 191.27983951393827 182.21859905699353
83 182.21859905699353 167.3368785708145
93 179.48204772256403 175.8373126557575
113 175.8373126557575 169.3932041125924
123 169.3932041125924 162.20895099178767
191 150.43376701735951 148.1291533050744
193 150.43376701735951 137.9343387169342
202 148.1291533050744 146.65141479656975
293 135.02603646700595 133.56815757140984
403 109.35954848829653 101.26413457263273
412 106.41549305195309 101.74744351309073
413 106.41549305195309 93.16257204365151
423 102.283411819084 92.37692558630101
998 76.6259939332738 72.56588047422393
1743 73.1827667065304 53.55849913101613
2097 63.323183633289034 55.35776353639352
2206 58.36902690611659 58.08011404231154
4949 53.419527860764816 50.44785987086374
5849 50.7427336129315 40.020070314730674

11 195.06556288475184 179.34937970030106
13 195.06556288475184 192.78749935443722
53 182.43306652004225 166.63823268028273
73 179.34937970030106 173.27937991778865
83 173.27937991778865 166.93248485456064
92 166.93248485456064 162.0139664801393
93 166.93248485456064 159.28200217936438
102 159.28200217936438 157.08977606361333
103 159.28200217936438 139.76388015082222
183 144.70977114627513 138.473351815636
213 137.3721561141231 132.8157778302392
293 131.23889052487374 114.99378129617875
303 124.18959562960683 114.39802688393499
322 120.16753961054135 114.45531358470117
441 114.45531358470117 90.39737769334184
442 114.45531358470117 102.2480120616645
493 102.82290539828313 100.78258309685785
685 94.38732727945018 88.08198916914206
795 92.31149333265225 68.31672534559016
1570 73.16516686954007 70.3268667533924
2287 69.44653808397311 68.1468419762476
2680 61.34550837050389 59.321104067367365
2810 59.321104067367365 53.5119093422931

32 194.40681389942807 193.4306818532501
53 192.79109953483095 190.90064634431639
73 187.88029417551238 178.36832701227308
113 176.25879109697965 166.96911579625504
122 166.96911579625504 165.2463734905114
163 153.2198103021788 148.0549234214464
173 148.0549234214464 143.86534889554082
182 143.86534889554082 136.48253340059617
213 136.48253340059617 134.19928351037584
223 134.6217448035253 124.65254903543988
293 124.65254903543988 124.11822995593752
303 124.11822995593752 122.35829218742163
502 104.9293966173709 102.06437388147131
603 100.76243819930733 97.74832767016471
614 98.21715257097048 91.53007926778402
896 87.63923488595437 79.50312617392579
1752 81.54164481996129 79.89204013047282
1753 81.54164481996129 71.27964288242768
2620 79.03558375728717 78.93541095816971
2810 74.8006772216304 58.55728705495051
3043 61.99669152273656 58.84928651541196
3577 57.51179271142911 55.34243453017958
4253 56.07910621662327 55.63015939485926
4757 52.46315323587623 45.66107262525105

11 228.56171250793417 174.59421141974968
12 228.56171250793417 187.1848753847189
43 195.12043904405013 178.42327963002842
53 178.42327963002842 177.10184754909935
63 177.10184754909935 171.74796116793993
93 173.0234944163111 170.0146147505922
143 151.79418373870894 151.56146226429388
152 148.40688349006666 130.25149074261904
252 127.08336939529575 126.0324482818323
404 101.04648385034284 98.65481336096853
464 94.76285617460368 77.4870881894391
595 83.3370664464584 71.64147570748328
605 81.26768578399893 81.13111693357587
958 75.02222710917354 73.09385855313863
1240 69.35059626576816 64.25486277246941
2138 62.98628198280743 54.50386696324257
2632 53.50007724565773 52.593835342302
2722 52.593835342302 52.544805480545946
2763 49.970126192460945 49.39393671967328

23 202.50603720260875 181.33401356366562
32 194.97263746464074 193.92271217839834
33 194.97263746464074 194.89137542342843
53 193.92271217839834 189.54179708341334
63 181.33401356366562 165.72019400431742
102 166.0590021326075 152.72131730021806
113 165.483146230056 151.64862835492698
152 151.52875005825985 150.6952994130083
162 150.6952994130083 128.93759900403856
163 150.6952994130083 145.45230729928085
223 128.93759900403856 126.89830187516117
374 114.29791556196224 104.9750919175016
666 85.6065412398006 73.56062662806426
1009 73.08343355573197 64.67982522347566
1281 69.7375588548673 65.89706578784559
1351 67.77641934834685 43.44361450017867
1764 63.09034547994834 61.83918307712771
2419 55.608665343111745 53.65298088267342
2671 54.744498851880664 22.594942339062996
2770 50.371966386476444 49.44055789872449

12 141.47092502558053 134.63301288460633
62 183.98953661694247 170.51529674430742
72 172.25422968369617 152.1883417129642
83 154.5279847960765 148.88164880142492
132 148.88164880142492 147.18586998756666
344 111.08613463980126 103.89015740037179
383 103.89015740037179 100.54149144549336
394 100.54149144549336 81.69426632943683
737 82.87484976950998 60.55474382620222
857 81.06008909414398 78.69834596887597
1201 72.70983534230618 71.41785684651958
1433 71.89028989466455 69.77839768686721
1887 59.89177872072867 42.493445551483646
2058 57.3898226117866 57.224588215769884
3904 53.885913421064366 52.420795315967084
5397 41.788222178043625 31.667221961063717

23 180.8551711595356 168.89242997048316
42 176.39814965357016 164.27139656447795
63 169.38810184062362 163.58859744332017
73 163.58859744332017 157.26027752446296
91 159.23465510921838 158.37913493338178
204 133.37930381902504 129.2329765989552
304 127.41865793465672 125.46880788531698
383 122.5304360799705 121.72772520401855
565 110.72529029331068 110.28840970926417
948 96.28591078026251 86.93749235107892
1270 86.80303569823526 76.83347583108531
2511 78.78519366118893 67.76749401175786
2864 68.00547257776441 66.01814095027926
2994 67.22737745444508 65.131389462716
3459 64.64378398985318 64.40006855348892
4013 48.03014091230396 43.336914222792004
4143 44.805426852643784 37.857170968531925
87220 41.78815450266077 30.97863909035216

12 210.0625654662996 206.6462477661148
13 210.0625654662996 175.93484248568456
23 206.6462477661148 200.96070544295256
33 197.84028739772202 190.0907258336734
43 191.0356172092309 188.29901643700174
53 190.0907258336734 177.48831208528907
143 155.97379708777237 140.4600494153279
153 153.70948571948935 151.8721111344098
163 151.8721111344098 133.470799009563
172 144.05828633564212 141.4787328635978
183 141.4787328635978 141.36044657978312
253 137.72258704177028 132.8627631421724
374 113.02336003637224 109.48818734561651
384 110.84179848522743 108.32199798995917
464 104.23363430282 102.58970078400964
474 102.58970078400964 96.98051253352959
484 99.43297474379332 98.57847107916683
494 98.57847107916683 98.57677040955087
705 97.44420872808963 86.99991361406278
896 86.021566200289 81.1408133605585
1380 76.36695344851658 70.2899224748162
1783 72.50974409673884 69.90885394169469
2015 69.13275851228774 55.30063717874173
2701 44.79282770119846 42.34066859896609

23 207.55012458746842 196.23083787820354
32 203.69406995821768 198.81895725219243
42 198.81895725219243 190.62299304782744
52 196.23083787820354 182.22558028622225
72 187.16407921829074 185.88743253100014
82 185.88743253100014 185.43957054675053
93 185.43957054675053 180.86360931083112
112 180.86360931083112 178.7518003975519
113 180.86360931083112 174.04345989339276
122 174.04345989339276 164.71239277155757
182 161.23357439219 159.1982386225745
183 161.23357439219 147.91311617020418
193 147.94728954719193 135.41360868571218
202 147.91311617020418 147.30479562126357
203 147.91311617020418 140.44352376428202
212 146.22161921138567 129.1305032290164
253 134.50895244847186 132.39771182429504
354 123.63078254080679 113.26146587796991
535 110.58347929498102 106.79938531429771
696 96.41071252707101 95.58154229183417
928 91.0298339587073 90.96352969845971
1059 81.71424945560277 73.30142735829925
1138 78.57798938545375 73.7752718886298
1835 76.9050448187061 71.21960092126929
2188 61.773417927170144 54.12467564929436
66577 56.7124594139997 55.90077692864801
67092 55.90077692864801 52.3564624559543

11 213.90366244286247 202.3831238705767
13 213.90366244286247 163.026842883061
21 200.91932823491518 194.78806264127405
22 200.91932823491518 193.03396223954257
23 200.91932823491518 184.4159842043299
33 184.4159842043299 178.77935295022536
42 183.4441989326212 175.5834161854504
43 183.4441989326212 168.45341954797712
62 175.5834161854504 172.13770840092758
63 175.5834161854504 170.59739037479397
83 170.59739037479397 170.44263988137868
92 165.6396074213202 145.09920382495267
133 134.94299389236986 130.2641199798393
143 130.6475040252679 130.5180446111837
202 128.24683629657284 126.26337610042201
292 123.74050930695185 119.58325781781377
293 123.74050930695185 118.67990234832574
302 118.67990234832574 118.35044164603082
303 118.67990234832574 111.72448882164527
393 100.86436329973843 95.40722981734882
413 97.8262530048365 87.69056797318677
554 95.11529457445164 79.33693177216766
664 93.49111341251648 89.74240900684723
1319 81.68939687550716 79.41649667498237
1439 79.41649667498237 76.15109115108363
2105 72.67454540651767 70.20236740555903
2256 69.57359173743353 68.86952664315297
2266 68.68450913700482 68.4787961637561
2276 68.4787961637561 68.34437076185927
2326 67.62275661874006 67.61507572840901
2336 67.61507572840901 67.57036130438976
2396 67.1237201593996 66.97825672013045
2406 66.97825672013045 66.90373100411183
2446 66.86849447220344 66.54553635991289
2486 66.54553635991289 66.466731027172
2627 66.34991610458577 66.31264685479579
2748 66.13236377111281 66.12895127395865
2869 66.05027475554625 65.96811798096094
3080 65.95757239471851 65.94288978678694
3180 65.93705491860564 65.932613356514
3240 65.92938257852022 65.88669229197805
3371 65.88465523948018 65.84549368813416
3572 65.8432537449524 65.78465947122935
4237 65.7301101654962 29.536045778533932
5094 63.685991872360795 56.81601957088829
7293 60.69228113532463 42.07209595791687
8574 35.81849609783724 33.45220231529456

11 196.63769798333618 189.5510771502812
32 198.41878653655422 198.04698571474145
71 179.30107605419545 171.1393543696929
73 179.30107605419545 173.89365628851147
163 143.6764055638504 136.88082142217397
183 135.83284712619806 133.40825255742257
303 124.24782956109459 109.60917419213912
304 124.24782956109459 117.03680412429108
404 103.77008035023093 102.7263358483155
624 86.07402689834628 84.15275106605547
766 84.66600388975411 79.13722253070075
936 80.20082899744959 77.87652950248096
996 78.54311022306207 60.837617914371236
1118 77.57759381051684 76.658996575848
1622 74.6765877354164 73.1134125892513
1742 73.37394423485625 51.86643919202894
2096 70.27289266859685 60.3611917485877
2175 66.95769210187031 32.230037334593774
2659 66.09875566751774 24.710082048563606
3003 44.307622394115214 43.23259693781968
3315 34.27463340511581 32.875049338686196
3617 31.496023165962498 26.859541317072342
3818 27.915371947104518 27.095981797310046
4322 26.47145153436658 24.480019819290447

12 171.435575968188 135.4050479337306
13 171.435575968188 168.17655468672197
22 170.19961126688446 165.99961875642327
23 170.19961126688446 169.34614000740802
32 168.17655468672197 165.47064450089778
33 168.17655468672197 159.7850154716654
43 165.47064450089778 147.42354781570452
52 160.84371508204865 151.69320047708868
63 151.69320047708868 135.10616224823568
73 146.91791773577097 138.58391465135284
83 139.25778581353495 136.19187773222168
153 136.19187773222168 129.63107587911946
173 129.63107587911946 121.75052976990872
293 116.60361193794125 115.55950086856981
303 115.55950086856981 112.3569137342101
304 115.55950086856981 110.3211032381633
314 109.11896363429645 107.33622555333895
414 96.14820916196528 95.39077987855917
424 95.39077987855917 95.05806324556079
464 83.0171841810663 79.2567530398092
544 77.79444933354907 59.07645834806706
735 71.44649382984213 40.471370535936444
1189 60.80172244109187 55.06378581792542
1542 56.36437959733453 55.742332943106845
1663 55.742332943106845 55.61503893480563
1673 55.61503893480563 53.555762716255536
2036 53.097159565997465 49.663477980573234
2379 50.27610022757399 43.96897589530766
2650 43.7346403568048 43.71850518971854
2742 42.3299001843086 36.3654227900007
2873 38.84480062880305 35.81083306231754
3518 35.04658151899771 29.977901356884388
3810 32.42236038096593 29.79283310894347
4364 29.740340298994795 29.502469348803018
4414 29.502469348803018 29.50186117472805
4524 29.343773237861924 28.768510305355306
4665 28.60134983859443 28.40645215484747
4735 28.377590756724175 28.350790538325853
4786 27.92060470015494 27.875864618745112
4816 27.85741806229734 27.668624999773556
4846 27.668624999773556 27.52071169614392
4856 27.52071169614392 27.36486049812443
4896 27.36486049812443 27.32555895636196

33 190.5398528477632 190.03588916787413
103 163.65083778962875 147.576103102031
133 159.20990203234808 146.52028693934204
173 139.82203678298313 134.3047629304979
232 129.99412373780973 89.17236791793557
243 124.49229897608154 124.46242959664897
475 104.1491838569572 101.35285354654282
626 98.65506065106646 87.47365876381079
807 89.49755765231636 86.47015335597787
928 88.51665440741229 87.01609664768225
1543 83.37969011983122 77.48643565479628
1592 77.48643565479628 76.8219969507254
2903 75.62228703476984 70.88390737560101
3093 71.98458647246964 54.121373832999495
3811 64.57726970543169 57.6349139432863
4283 55.13711460555598 29.41262852185885
5798 45.04935421886674 42.425201452392194
6645 41.290438264603495 41.20382770995033
7512 36.96810134475186 35.43996129066508
7663 35.81856211887562 21.81455086013986

12 185.63374050847787 156.39040975100883
13 185.63374050847787 155.6785961507999
83 179.33983439905677 160.40574517583275
113 170.87374282963842 156.0045308681973
213 143.21476786465985 132.43619237247157
293 128.47451894650757 120.61491025694927
341 114.8745662791403 46.15386231259133
453 109.43199633304675 99.21969540289074
472 99.21969540289074 96.34007104089157
483 96.34007104089157 95.58266940578375
493 95.58266940578375 88.42039101668668
846 74.51768764127385 72.31732926495992
1128 66.47062348442829 30.276960948248075
1420 54.67678270288334 41.03611624627996
2207 48.68562819845083 45.042970468741245
2590 42.90632974265949 35.22595068633083

12 205.8325406534507 159.3373756702228
13 205.8325406534507 189.74624644166778
23 189.74624644166778 188.7951073545542
83 160.1404951867159 151.82416603809696
93 152.63576124748187 149.74122423330743
102 151.82416603809696 140.48357751099093
103 151.82416603809696 147.15065935843586
183 133.31765780728807 128.03320806516678
202 128.03320806516678 107.46112757682124
212 125.84329436544161 114.44325834678229
223 119.13232502759026 113.6685310464326
233 114.5325802007538 112.96372037386956
243 113.6685310464326 108.65149856328907
253 110.89765184056448 106.2371443656144
323 108.65149856328907 98.11119970917737
393 99.12298938409548 79.52366892206251
735 82.67744879672922 82.17711540358127
765 82.17711540358127 78.23278972039901
987 74.05240662794611 73.18320069235465
1683 68.88583500932003 68.22363182246032
1934 65.25839126972913 59.66546926152398
2842 58.90367553026449 58.56577655594172
2892 58.56577655594172 52.889655974846605
4315 47.914699886932205 45.305430802297046
5848 42.41936397737015 41.85372941321429
6009 42.04844186932356 42.01332617366046
6029 42.01332617366046 42.006354511537296
6069 41.99720414129266 41.888414568700696
6109 41.88293692162003 41.8707401862893
6129 41.8707401862893 41.86819524702606
6139 41.86819524702606 41.85537876578534

23 215.44431251119127 205.76329679279843
33 205.76329679279843 184.6267131638877
52 196.62108243276765 195.14852516233657
53 196.62108243276765 181.60067849658745
63 181.60067849658745 176.26972053952744
83 180.85284048326534 176.23417388580165
163 160.87580616622557 157.58013834738375
173 157.58013834738375 144.40157483500371
182 156.94312471049602 155.13932239716536
232 148.03362935249493 146.44954269036674
233 148.03362935249493 132.92639916129667
242 144.40157483500371 143.81142996909875
263 137.3289321594491 132.60350296073958
283 132.60350296073958 132.36732408954586
323 132.1505630943723 115.91774556288019
423 101.78289561147339 92.71162512087764
544 96.35186195771706 85.76346580609392
765 79.1446652096443 69.40305521487298
1067 60.77042632510807 57.14315636086944
1873 56.92205360729885 56.316535466740525
2257 53.778590432955056 47.72586267996162
2650 46.14637982630718 43.98038277358742
2710 45.37684702702548 45.271607432869814
3012 44.37289037847803 30.944402578135197

11 210.49154618702676 143.71255716610773
12 210.49154618702676 150.1756075471161
13 210.49154618702676 115.44577885403014
63 158.0679328865162 156.28864559001576
73 149.50236086133324 134.9271281636029
194 123.52147959898544 122.80686396414863
213 121.21047083147616 119.10649899038481
404 99.73334226004691 90.81550474209635
514 90.3906994037009 84.55258775601168
817 75.00433651889617 68.41755929719862
1180 74.10081956021574 74.0281250393956
1401 72.74500171034467 71.52820677742865
1814 65.19610039544213 63.74569630761207
3267 53.225347504214184 51.42592663643654

11 197.730572937723 73.19041028071906
12 197.730572937723 175.0446360298802
13 197.730572937723 172.6197532402017
144 139.73815064020837 59.979573297256344
234 120.35355877836548 118.95964629401408
324 114.42574157226066 111.2964856598779
334 111.2964856598779 92.51379655751337
485 90.86679273361756 84.06590682088765
636 68.89294233959043 61.03741724645343
646 61.68163984165248 56.989523152261384
1078 60.04622883427964 31.535510257031348
1553 59.553203551173105 58.12870996360172
2864 50.08369092913128 48.70144603116756

23 184.4587782634206 174.4282795669823
63 175.9896119144647 158.47394254470453
73 170.213806712999 163.34289508856656
83 163.34289508856656 140.35814114307215
93 158.47394254470453 149.42943520392225
103 149.42943520392225 141.58723163902079
113 141.58723163902079 125.10395992425266
123 129.95979294526194 126.76170732964275
163 126.76170732964275 125.98689001464619
173 121.8415052519443 118.50792903630423
384 113.91007976131186 110.24428662510013
565 100.32713594963992 94.6321455984295
604 94.6321455984295 94.14781184179586
705 80.53788305320234 76.90179454467669
1350 73.52953438738129 59.92758598074183
1652 65.13939954478573 55.391642506820645
2469 57.115484575293344 53.552222862552455
2721 53.75207888740583 44.0288257855392
2852 50.17062054536461 49.42360414240847

11 189.7587402333595 188.42501422280017
12 189.7587402333595 179.30933381408607
13 189.7587402333595 145.10605591028454
22 188.42501422280017 182.32503534610902
23 188.42501422280017 188.20391022228188
62 186.89711211394393 186.84413319806845
63 186.89711211394393 184.82586069643588
72 184.82586069643588 163.26229807722123
73 184.82586069643588 176.3850383908641
143 143.32593819477512 128.14544890348643
182 139.41840863913592 134.86786048851457
445 107.37175800884899 103.0686054151663
596 104.47865842984503 99.21894615337995
1150 93.02365516849831 88.485762216154
1300 87.23261026773552 83.74919969527747
1502 84.52612038849027 80.33926978867999
1935 75.38258641293999 69.76977988457962
2631 64.87243583741864 51.37886790287585
3125 62.64933034888681 61.50767184459175
3335 61.50767184459175 54.68624276832177
3336 61.50767184459175 61.0200953927955
3467 57.16776782432659 51.07983089782402
4173 50.987232752018 49.565344281667606
4798 47.02140080562338 37.55613683571585
5635 36.70245819571601 21.508772021926205
6159 31.97899009376644 24.540737517465672

11 186.003489862354 137.37700333623957
13 186.003489862354 156.9863886857782
43 179.5909100972213 174.4378049656845
63 171.08000799430698 163.01543739821986
93 167.22984792113044 165.61302273081898
103 163.01543739821986 149.976060413145
112 150.41555774178124 142.35949355737768
132 147.3371977322724 135.79204791958412
223 134.6288044400668 119.37820381495644
263 131.11534350520296 124.59341524015517
344 120.62957602991266 109.5400584206755
475 110.3421278674883 92.07552055106166
727 105.47846475161548 99.89238649413969
979 99.13680051495163 97.38446341625625
1372 93.1463664659105 85.32943045729951
2128 73.13635694768232 70.78696594029785
2481 68.85428853383635 67.13972760375798
4085 62.17976310718616 55.00429830231545
4115 55.00429830231545 25.54866954557596
4185 53.75314548924501 49.60318824044463
5446 49.77139049029769 47.138254976383536
6354 47.78923240528768 37.44238840974698

11 207.31179859205272 180.73673069682408
12 207.31179859205272 204.914255530609
13 207.31179859205272 155.29008303765772
23 201.64801817695832 190.9788852272303
43 197.81074850422064 196.41819541938008
73 191.29051331338087 173.44142314138216
122 168.22146168791744 163.98408613075637
132 163.98408613075637 154.2276040841255
133 163.98408613075637 162.39637246091718
141 159.65505983973478 145.98990960996466
152 154.2276040841255 150.14948342219958
153 154.2276040841255 151.04955462964978
162 145.98990960996466 141.12695707534476
163 145.98990960996466 138.8504220336614
172 139.73462242831175 129.53292218974502
183 138.6713424524093 138.65789844230974
193 138.65789844230974 131.70966396759758
273 130.79553631115812 121.0284770148454
555 92.97449670806978 81.87841162161324
676 87.2542830619258 84.26753844502885
1150 82.72664625584167 78.6301023034407
1422 80.26973181474632 73.609568447575
2278 61.17103565173582 59.06589678396138
2763 57.91411295428964 52.179679495286095
3499 57.05398050649004 48.69549643190615
4467 54.5618177464584 53.125738897363945
5405 53.728673782275195 49.56920359647799
6545 50.15949539332571 47.90062515607832
7745 36.81400560615997 32.61767859414053

21 204.01893559551894 178.70856281662742
22 204.01893559551894 191.19052821413447
53 178.70856281662742 170.79198871315833
63 170.79198871315833 166.1098084806448
73 164.54078050487416 146.2192695130011
83 160.9374134075003 149.57774092718716
183 145.59279282034055 133.30441446302189
223 128.37088258443552 116.54236988765369
434 105.2599841809044 93.76910468310041
444 103.9511159770183 94.9055806861277
452 103.13762774668798 95.28684417737391
544 97.50952065657023 95.56350768251188
806 92.40180752927452 89.4637364563159
1209 68.17906119028224 57.22309131939699
1329 65.94675869419429 65.83679579401593
1915 61.657291189758546 58.30715842559181
2621 60.02558038166758 57.15158285418623
3709 52.78810836553127 48.09114025480796
4244 45.55904955695465 35.668963043027546
4738 43.71806045134995 41.754269621576356

11 223.0812169466494 214.1960302987114
12 223.0812169466494 192.01686592173303
33 196.574701625569 194.303167369263
73 188.14804879424855 172.76232691935087
113 172.76232691935087 170.62648852342977
143 161.11373493149682 161.08244331481313
152 161.08244331481313 142.28182938847903
153 161.08244331481313 143.09614620275806
213 147.81802549724972 140.1978999582385
223 143.09614620275806 138.2208271769732
273 134.46302569452226 116.95714707804134
303 120.13549565819717 112.92114360639316
363 114.76320094096873 114.22674868163217
453 112.48042398646807 109.72488000280734
463 109.72488000280734 106.8878188751292
473 106.8878188751292 91.85782889006755
512 100.19115280868279 97.75357447693774
644 91.51189757510927 75.78597826754454
793 82.489029792322 64.0521700863571
1198 74.88786691644992 67.89110133783711
1368 74.27181494797182 71.923801252977
2226 65.19117795678997 64.41552678385247

13 147.06386655498193 130.85171329375964
33 186.36524766645186 177.77805556294825
43 177.77805556294825 170.31078941588302
62 166.83286258678706 149.4577815051485
113 150.98224642226216 143.80014475153078
183 137.19836256310387 128.5989483636587
253 124.896473373357 124.37242443146576
283 121.26894191704207 118.61286120154544
293 118.61286120154544 117.86775703329153
303 117.5444461664736 114.86917411309116
332 114.86917411309116 106.62715687729501
454 97.29592657496552 93.78329865907823
464 95.92028344448767 91.83467656898947
473 93.78329865907823 83.5683564973909
484 91.83467656898947 87.95742489223015
675 78.98304838731733 78.57587393031216
774 72.7070794594922 67.57701385855204
1400 68.7795666418505 66.22439038877442
1550 65.93050669512573 42.332868252975146
1894 56.65181203976147 30.709259149492766
2367 53.064433116739245 22.679732404270837
2488 52.09046588342482 42.21664399866904
2489 52.09046588342482 49.86706454091337

11 229.09008526592808 138.23504363077618
12 229.09008526592808 162.1005187178533
13 229.09008526592808 161.33469541670587
43 177.03671785774316 176.8748629555443
53 172.09419439455638 164.54483416814787
92 165.2929990624715 161.73092952125558
143 152.82680042772486 149.04561271760798
213 152.61725978239048 152.34884752158752
243 141.06732953692136 138.87105411049538
262 133.80510207237728 120.19517957362247
334 120.19517957362247 107.08914259485636
525 95.69860295428529 95.52722183004917
535 94.6968822883476 86.76106511191004
676 85.42578724326475 80.44576251550008
1632 77.10204690746788 67.6564103533315
1946 70.70658312443767 62.33340947525366
2672 68.48557844649281 67.46323725955904
3075 63.847393935073654 59.63663874341772
3801 51.53614755242337 50.205809478660235
4174 48.799077889936044 46.65572780584894
4860 43.29036616785111 40.32721597290072

93 175.7400911566451 172.42947554014913
141 160.28501988954952 100.98097296285427
264 144.7951984796806 129.19087348385915
304 135.75485115578658 124.21825855630692
455 113.9301138505431 103.32701705725644
495 103.32701705725644 103.00421326237995
636 99.41781214552611 98.76220409015183
646 98.76220409015183 97.80306199969324
656 97.80306199969324 93.40011601576687
787 89.02796312513038 82.34283849528882
968 80.99798176336763 79.37257074751508
1108 71.66866118459049 64.29801124972965
1300 68.75656570405073 68.53417489635132
1441 67.97051365529654 67.89096698782336
1602 67.86131196827954 67.4636127670438
1723 67.26233809378618 67.22941870429048
1873 67.22679115918947 67.21468905257412
2509 57.20096826396085 46.78993628950103
2599 49.72337105015529 26.85386749349675
3002 47.989366773937505 37.45476433800639
3405 40.142871819415305 35.418693418811074
4494 30.872584772338044 29.49963329312311

92 156.3928412024635 140.55956906959887
93 156.3928412024635 150.45154394415624
154 133.44969382998391 131.50638326701548
164 126.06560930814898 116.11892521008707
254 116.91106923041653 105.11728961596535
506 87.91323593903181 85.98375815511596
696 78.16265848316452 76.02307618411439
1180 75.99176316598594 71.79904202285753
1361 72.16253743238425 72.11498154733218
1382 72.11498154733218 72.10156983253839
1472 72.05945800331318 56.13472252793188
1784 62.54701225755143 50.566440599230745
2480 60.16066500771968 44.50336890386776
2954 54.791421693777636 53.86738302645737
3458 50.956527492070634 33.12714321014384
3486 49.065088653111296 30.00593614542359

11 230.5541293938305 162.59418777502742
12 230.5541293938305 125.90671395076436
13 230.5541293938305 158.50028257616535
113 174.20903752971336 171.5505678177134
123 167.83491237060554 159.9242424352954
193 146.63277065577634 141.27793947216247
194 146.63277065577634 146.48366840896108
203 141.27793947216247 134.82534207402762
213 138.45965147049822 135.7610211388573
224 135.6892752610967 131.62826013308438
233 134.82534207402762 126.74105998173849
455 104.8339888275705 96.8106629635226
727 84.75717264123116 79.1978860482609
777 71.77803118474509 71.07162098359767
787 71.07162098359767 61.39945296717072
807 69.11869512992476 69.0068276349507
817 68.9560719526164 68.83036725993537
1079 67.02914772816956 60.071174297136906
1623 59.680882711713515 53.5512623339027
1915 57.63667807486131 56.31832306543234
2409 53.147210798162654 48.9254739365328
2963 46.85620626255738 42.74975481137871
3356 38.97809640240143 38.776254585944805
4899 34.606440223319964 30.212080067741425

11 231.47347048499722 119.82498989720852
12 231.47347048499722 199.53484215767878
13 231.47347048499722 189.6395198226042
33 189.6395198226042 184.79710750530919
83 175.50226932316784 169.27043877542894
93 169.27043877542894 148.54427046277533
103 164.48279090845594 156.9736568810543
113 156.12724893939293 149.38051204587492
123 149.38051204587492 147.48273397444387
153 146.139166785008 132.58607382825477
415 101.60065357085435 84.21124073195753
493 89.88034463765895 88.05967482120512
686 84.60635813184464 79.31947900222914
1109 74.56384612096326 74.35925448852191
1119 73.00316269513812 70.0857461211445
1492 68.09632102179405 53.16319956334428
1985 66.56519064193611 56.24792386717928
2136 64.85314466324203 64.45201755203442
2742 59.17893759425311 54.87238886492109
3700 57.38681264545418 56.784562846805386
4154 41.16182814200493 39.05157336659455
4668 38.36734426882818 36.3622821363394
6413 36.882472323914705 36.60718111646827

63 167.46458292302523 163.9908961393709
72 165.2252305536419 161.47231188612534
83 161.47231188612534 143.59430565976743
172 136.91912098047317 127.32641032619404
182 129.76778494933242 103.3308776516605
193 127.32641032619404 123.41242566658622
203 123.41242566658622 112.73333113215668
223 118.55537238647639 115.38593044509653
263 113.35363823011616 101.33394740564117
384 102.5302192543579 99.75111419802784
464 99.95676415201538 80.91787131794558
544 95.42163399531744 65.56968160053525
796 89.37385262634496 79.89316744377317
937 83.70096729334867 78.07241423378059
1653 71.15479200277137 68.70297505864718
2086 56.16850682571875 54.18755756612877
2529 53.469617041893905 46.44814351575503
2932 47.389963816909614 46.59429290932444

11 198.85733078122541 185.36054892894538
12 198.85733078122541 197.10712607240012
33 190.4697774918195 185.00228564051156
92 167.75242118973506 164.99798689344658
103 164.99798689344658 162.38006178281344
113 162.38006178281344 153.08637546817744
133 147.93092471158818 135.51253590497015
193 146.12417993237668 143.8244628294555
404 119.06950600322948 94.30259969059603
414 115.13249626923785 114.36716317047686
464 111.64499371050181 64.44570252241033
514 99.5493240592056 93.3651362534938
725 84.43686763909182 81.36599345265756
1017 76.60712994579487 74.09305532011231
2954 63.15032331719507 57.39103438499544
3174 57.39103438499544 45.73329799904237

13 159.59119918178237 154.76652758372884
21 192.96119947574488 188.51121200579252
22 192.96119947574488 184.64333066821595
43 180.78336851376338 172.5310722401124
72 170.07257815506034 151.77431321875554
73 170.07257815506034 169.2896566125035
81 165.54045176104177 156.95277990291697
82 165.54045176104177 163.28203752521392
83 165.54045176104177 148.52113317103596
93 156.95277990291697 147.20884476285022
103 154.41080115687464 144.4340753418441
264 131.34347826718036 125.4029184616636
344 120.02503959923959 119.2745434545071
354 116.33246198804066 112.76955891836003
365 114.5365005821415 107.61506091439477
445 98.21129237389025 97.68899579735536
677 85.30988831174254 82.40803158458617
937 75.69942506462073 50.73744007206614
1816 72.16891418659341 70.55651093391548
1936 69.51554654393007 66.79579205064422
2078 66.79579205064422 66.68449572394522
2410 62.47208696587747 53.67248748426235
3207 61.847208066893884 54.56182306947706
3538 58.97527290662026 50.94287007195263
4033 52.82198875905654 48.60899922244767
5213 49.45602534148882 47.97003431655781
5403 45.15025196321226 35.24341668156352
5696 39.52136982094486 39.447867628097924
5756 39.447867628097924 39.44257137332022
5897 39.41900040547392 38.91385658584857

11 256.92791988718204 167.118758017489
12 256.92791988718204 207.00566140840317
13 256.92791988718204 160.7060725874436
22 222.9414910601522 208.86927412231188
23 222.9414910601522 206.1459269518412
32 208.86927412231188 198.74217826524256
33 208.86927412231188 194.65307663718662
42 202.08299527372668 198.1143941144744
62 198.74217826524256 196.22944284371852
71 198.1143941144744 192.29445472209702
73 198.1143941144744 195.35297985644672
82 192.29445472209702 186.07717055666683
123 178.27979451416817 168.11384685642162
242 145.39554573363117 145.24402084146993
253 145.3076959808833 137.4841148199279
344 136.30801512993023 127.29200382385073
452 126.55277460750969 92.83318428009312
524 124.14745609432035 110.71889415353333
613 120.28409391860302 120.21419926715892
614 120.28409391860302 119.71639940279509
775 118.37617121832706 100.592951320915
1017 90.27772477914522 82.7063589800083
1410 84.31833175479314 75.87588388250046
1430 80.35897354633437 52.3786450427771
1621 73.95011297831981 73.78137554358119
1751 73.78137554357207 69.49069634345734
2650 62.41066990091435 60.45057356562767
15102 47.75785841850811 46.29036478792477
16282 46.29036478792477 39.70500515050078

11 252.5646943230018 231.74250367150745
12 252.5646943230018 154.75077885499587
13 252.5646943230018 187.19397743917017
63 172.28290453675078 161.3691890330125
163 161.07386075783833 146.84066314671173
183 148.2288744503883 140.9065821403506
314 123.85831960793408 118.98088950520153
324 122.10395065074346 120.97049341108097
455 112.7259470322603 110.53843745583907
636 105.41376947493522 104.85527868857268
646 103.47168064661241 97.23544775559832
786 95.84775280692827 83.85663800294881
1866 92.6473850183625 90.27133381038581
2027 89.7913049673337 88.83123558058755
2136 88.8334418794632 87.72378767787671
2924 71.7737538905397 70.51882261473342
3186 67.6699895063909 48.71500861723202
3418 62.44035593244108 60.79626250132492
3993 54.487937419936 53.28805961595254
4719 51.60821120568346 48.88790534786342

11 229.92925649485588 206.1382834493963
12 229.92925649485588 179.73846145423528
22 210.43338182590236 209.0158888868233
43 209.0158888868233 203.42157407781292
53 199.08198305007014 191.8658196684337
63 191.8658196684337 176.76242140604484
73 176.76242140604484 160.60475719485046
93 162.1615092470543 152.24193926531365
133 148.58636149478792 146.73675660803025
203 147.4484108479934 147.2936370952524
213 145.44961930930504 127.43875357799904
223 134.8080085094707 131.93109328290925
344 124.19062471782271 121.47617011479747
524 96.01360356919749 79.74237540656489
746 92.99141165577716 72.07875846920797
897 88.75404855439965 88.73433524318246
907 88.73433524318246 88.70244986200892
1270 87.89441120032927 84.74493818958001
2117 65.93502577696839 65.86509302726654
2127 65.86509302726654 65.82780789564919
2470 65.39325677240004 62.635459127274196
2601 62.635459127274196 62.12621515608062
2761 62.35503608458161 62.06403771622684
2821 62.06403771622684 53.10928702782329
2832 61.365723983949 57.806171578548074
3326 60.80737688239347 53.48781610455093
3535 53.48781610455093 29.173925024780985

43 203.18848717433315 199.93819800047334
53 199.54761829963672 187.47447072984613
83 189.43063049827146 182.21253371381187
113 182.21253371381187 179.76995649442472
133 179.76995649442472 173.408362919976
213 161.1554573152277 147.5794300994055
333 133.55631281553644 132.66678283160098
374 105.75544747496635 104.82869065010658
505 98.90118499253097 97.22536994236967
515 95.69141463846341 94.43441879204804
787 79.78693937036309 79.47534881835853
846 79.47534881835853 70.41994667250273
2501 65.52398847647267 49.74817225145633
2550 62.27443929638095 58.54995809227442
3055 54.06896447937082 50.949045711733994
3659 52.51488414747248 39.9506330742569
4285 43.62637807182613 37.03886842945687

11 209.72407577724792 180.79388697321693
12 209.72407577724792 178.55383054323465
23 203.57262186210707 191.65741353363487
33 191.65741353363487 188.13226463079963
43 188.13226463079963 179.04033703632973
53 182.6800548904177 167.44433795770203
62 179.04033703632973 149.51005930209044
73 167.44433795770203 166.75014926551472
123 166.21680366043768 160.0724997624087
211 144.44648749435845 139.39849669581042
213 144.44648749435845 140.6048679483629
313 132.808165682023 127.37481103766484
323 127.37481103766484 118.7996680752942
474 105.03596532610098 92.00124259331571
655 95.92981482272238 81.20921042001001
1280 71.87196997389762 71.69682476508737
1591 67.90526395498031 46.11451676894272
1824 63.63748791582883 53.05661883817136
2043 56.75466266701787 33.099032528186015
2741 44.950859264400506 31.1128629907858
3901 34.357293359634724 33.543941540263376
4173 33.16998718255776 33.155349961897144
4183 33.155349961897144 33.14785390092932
4213 33.08839297345865 32.73079407267238
4243 32.984124123564015 32.9614379407607
4334 32.65158546998049 32.57877416967021
4414 32.578302285862506 32.56463759000384
4575 32.40401594234494 32.27147577064031
4685 32.26781115028369 32.26169712522079
5512 31.929026566725213 30.659205513670344
6561 29.944762049379207 26.544055695726527
7882 28.854651042138585 24.134995732420066
9274 26.884848644247157 25.20031024446679

11 198.04958113256902 176.8474949657279
12 198.04958113256902 148.41566254314083
13 198.04958113256902 167.93248004115844
63 168.7722214457424 168.40107698512446
83 168.40107698512446 155.62791764916852
93 151.53172269558075 146.7673361426911
153 139.18142628555086 122.27596239615364
434 123.02781262440818 119.95455967347435
445 119.95455967347435 119.35817896205126
455 119.35817896205126 117.84262475328092
495 102.31298520385343 99.63737621402603
737 88.66922367155279 82.57949868261124
1069 85.28467428709308 79.41568058050446
1644 70.74967883941311 65.48685542538799
1976 61.828232700335974 60.94692448275215
2369 59.52837883807753 39.837279866331535
2510 57.11292167813298 56.729331156743626
2691 52.3516260876423 27.218908370703332
2852 51.56807106943886 42.90912774656371
3568 42.9658405706064 40.63995087419938
4910 33.57535647135796 26.009190287577894

12 187.2449990975274 182.47960621664873
23 204.39334901957756 202.46773061815685
42 199.75035475083945 188.04809740901294
43 199.75035475083945 195.26361144590902
51 190.6671679192753 177.38130062768843
52 190.6671679192753 189.66064357166215
53 190.6671679192753 188.58713765071158
62 188.04809740901294 184.42592909160206
63 188.04809740901294 187.2243152876474
73 176.00766773684012 159.71920222957596
81 173.82890312531492 171.49647245077904
113 171.314303776113 168.52815772203707
284 133.00255639388564 131.73982240283883
505 119.47976476327916 111.4179428050686
595 111.29483568883253 100.24752310919911
675 106.12519005806536 105.2109309710426
685 105.2109309710426 103.9094706456111
695 103.9094706456111 102.41935154512305
705 102.41935154512305 97.49260475993145
987 91.81198223114333 88.51429341486747
1085 91.56481784262463 89.21337848454083
1147 88.76499052282425 88.57355438542295
1661 82.26523266272571 80.07545419760501
1870 78.01004692249379 25.8327658763029
2225 70.49044584073296 67.68154595686883
2759 59.68782471632557 41.228306010501285
3262 55.687333601606035 53.491992827622525
3575 50.41943456152891 41.03891069428719
4099 42.7932925061442 41.564076947800615
4391 39.26059243910343 29.24055334040618
4653 38.323300456370326 34.39405938741001
4762 34.39405938741001 19.038818183908973
5307 29.162341658654043 28.818383564044552
5548 25.81932560477209 25.782138791831613
6336 24.88035498867312 16.82554519600511

11 194.65812543739926 186.68839144064964
13 194.65812543739926 166.23566362603233
23 194.65812543739926 187.11796258511328
33 187.11796258511328 184.1973833440951
53 182.8272483088664 182.75636966058846
73 173.8097339691857 159.68237269976837
143 167.20789988549927 146.57464775158758
354 119.03009863642617 116.81834279546129
374 116.81834279546129 113.94207913224703
423 109.33987507574008 108.35778496625734
424 109.33987507574008 104.61314258731673
523 102.78122772625393 88.18775472529124
724 88.18775472529124 87.54654322528044
735 87.54654322528044 80.47585398839087
926 84.07357287560549 82.75914929179827
2863 61.758844848900225 57.42868283757919
4053 59.697520345082374 58.723962979022026
4174 58.74181090957791 39.23569363840902
63821 56.712459392245485 53.01553148171942

11 218.484272416429 120.79952210953832
12 218.484272416429 150.8256160184152
13 218.484272416429 192.26803186473737
83 157.02809958516923 121.304212721223
143 123.32580452110642 114.5372277936158
153 120.4362600708809 108.25237989162582
163 112.20713706994691 108.21829445782922
212 109.48176356889081 104.98015298046242
323 105.79464676777376 104.22596480907737
353 104.22596480907737 98.49480990029627
363 98.49480990029627 91.8028776292017
383 91.8028776292017 87.69974851746554
393 90.23325885170371 87.13448355742045
473 87.80110573875933 82.1424706066457
886 60.06476466676747 54.120452309354846
1430 57.007400911141126 54.24032248702373
1520 56.21897639380743 56.155156063019184
1530 56.155156063019184 56.13577346085284
1540 56.13577346085284 56.07219812016341
1570 56.07219812016341 56.07183690251584
1580 56.07183690251584 55.97971297405054
1760 55.022808496133344 53.16852587427087
1841 53.16852587427087 53.11227578674293
1851 53.11227578674293 49.58242198348325
2436 51.81521879899005 50.60983854640094

22 191.78195912527468 180.03866719711075
83 164.28646295026724 163.28508243120726
112 163.28508243120726 161.63836302871184
204 131.33833761732174 111.08148029192398
214 129.09018198542955 124.84609430245963
274 124.84609430245963 122.92461609505887
405 94.12217887440804 92.93437820447583
505 93.19767597669897 91.78313505114825
938 86.60159998425264 70.74024338232465
1250 78.46076423097598 77.14753425745968
1401 77.14753425745968 77.06961192789437
1663 76.01409164259356 70.80268537163413
1895 61.11298114711964 51.66885160863921
2640 51.34638206372514 49.508673238834305
40734 38.80330262692051 38.46521144557661
41480 38.46521144557661 35.53259174449056

23 197.91116924998596 191.33588047571592
53 182.01997332081544 152.09272853249155
93 162.63497588967076 161.92331599280573
192 154.06011960730402 152.6643094377104
203 151.52100100366386 136.28568368929746
253 138.51787195747661 127.33746105373727
323 119.32967826033834 117.33461581295356
333 117.33461581295356 116.93757054915201
433 110.47218093823254 108.62314121303856
634 96.9336519310005 86.22579668123953
936 84.6581642314282 76.9254491871589
1067 80.14908940710659 64.46465363943926
1167 75.69926368670434 75.6269809967558
1177 75.6269809967558 71.91915284617308
1237 71.31491731302768 59.410498784099616
2104 64.93480042469295 56.09879461542028

63 200.13329723662886 198.76847090694974
73 190.54807021538937 163.68739678569435
83 184.0513869707047 182.42174558139862
102 182.42174558139862 179.86163964254155
122 179.86163964254155 81.27644980887851
213 132.1080639199447 112.7223854695792
243 128.55727736476183 127.31482461971913
374 121.91255340479995 102.84031733208096
553 102.09194506415884 32.82891751803595
665 88.06279039058411 82.59822418860472
836 66.78300359649586 60.65526438652658
1389 59.35495760893318 56.8472490655144
1390 59.35495760893318 54.176113746611584
1823 52.138573949735694 48.44012112365736
2034 49.29208749195115 49.26699256206578
4212 48.861039494873026 48.62885771035906
4556 48.62885771035906 39.268806846081375
5050 40.238567926357284 38.83760546561287
5181 38.83760546561287 38.68993466996076

73 204.99775897837236 193.02249277307845
102 193.02249277307845 192.39371929415572
113 188.71783062431098 183.8910677462675
123 183.8910677462675 163.7338902546956
183 169.17318940503483 166.14680726029883
193 164.86062506915775 153.40178899352304
302 147.05281779766887 138.36843338382556
424 129.2217241443535 119.37928378091212
453 125.58483802664185 124.36949872824327
706 117.92125746750172 107.50260605796602
827 104.61230010405016 104.35476343827958
1008 97.8961128996859 74.68409106958117
1179 84.3222011083007 76.14228270956755
1622 71.96995652649568 70.3929718966091
2086 69.56880753182188 60.27436785413449
2237 67.37246167276719 67.22441053261508
2267 67.22441053261508 67.19358012977028
2438 62.46265822870907 59.413820544877076
2448 62.01662776706664 61.411338835454984
3436 57.09569869191754 55.902345057083366
5383 53.72787571145214 53.36688615302549
6392 47.29667500944092 45.741889455733165
6513 46.4991036769534 46.23428393252997
7340 43.77802901511258 38.45560401461947

11 198.19920966320535 165.10897660879013
13 198.19920966320535 171.554362473134
43 192.48104523561108 187.74706707406165
61 173.08839846868887 161.83478365529803
83 164.8927447800657 157.7606026674935
113 162.05019559469196 147.60893315132955
141 157.7606026674935 152.60357545417818
153 152.60357545417818 139.97060616420558
163 139.97060616420558 119.3930793261458
565 103.22026132454795 100.92687328099012
566 103.22026132454795 102.12635285784152
798 94.64509559600896 87.50449028178613
897 93.17438849993968 89.88700765415305
1119 88.8891568741244 83.31788156208586
1593 84.33821400950093 76.00618876176546
1702 79.56300255510742 78.65485832515529
2358 77.68344688977004 75.49536297503765
2963 71.695586932477 69.12785014189116
3215 67.97114105264737 64.38226400367563
3810 57.28975214545429 51.28730601040659
4445 52.67694684763094 45.5815664990027
4757 48.754078526524054 46.18247276441532
5160 47.64381355501824 44.76361798534444
5583 40.482611728647385 40.39735752964916
6024 39.85803956869361 14.081652188710336

12 233.15712627666875 189.74658590535495
13 233.15712627666875 186.66262531029614
83 162.70416213513911 159.05914046471793
192 147.65079838579285 134.7051245179759
193 147.65079838579285 132.7852542210474
201 141.89049840381847 141.65151497073623
212 141.65151497073623 137.65462766517538
293 128.21299784128362 122.02993956960708
414 105.28763049336465 99.76103808313118
735 85.58918515702203 85.16628420801527
978 80.70881544899989 76.22945488875624
1522 76.65670644584915 68.869882152683
2175 72.34830498918674 39.651000469322
2419 67.35409127270148 62.98844996488366
3226 63.86483853609421 62.76250864786503
4154 55.770902118341695 54.827811937902744
4314 54.827811937902744 53.064200975900576
4325 54.46219855228746 53.87573370706815
4434 53.064200975900576 34.189225801548886
4828 42.80149966189401 40.35932236456372
6310 41.88441516041994 41.643878371491205
6613 41.643878371491205 27.06436257671406

11 165.78455846024804 150.71487404479942
32 185.976475845619 181.94763176612923
63 181.94763176612923 179.3789780542927
133 154.09805345908384 147.28850204022083
182 147.28850204022083 134.52356135730358
183 147.28850204022083 145.1153422414691
273 132.70617487111588 110.08568471331355
484 112.52448335185967 101.85799786768288
766 87.72233159198059 84.68232691554277
967 87.35467456552084 86.50305457159118
1370 85.10459991401356 75.40290743759641
3365 63.64243902531087 55.861423580730886
3366 63.64243902531087 59.19459159216441
4194 56.994499678233765 56.539175428903505
4344 55.76403006778749 52.785688415776725
6120 53.88307324990126 43.724912631988204
7066 52.73253034331974 20.271970761112627
8097 51.94236281110735 48.58426589388597

32 205.77167219857395 195.42350922079086
33 205.77167219857395 191.3301910483971
53 192.80915118938512 188.49614031697698
113 184.72485547703235 173.1611890947849
153 171.06762716313293 170.72303930943988
162 170.72303930943988 154.4860362228912
163 170.72303930943988 159.53012735565176
183 154.4860362228912 154.3339921587554
191 154.3339921587554 142.89969116440545
193 154.3339921587554 150.9976589578562
233 149.27367895410183 142.75971079525362
312 133.69627545112402 115.3723438402948
323 132.97186568806194 127.83601876240657
454 115.77919493698992 112.58140983806216
484 111.0374849986237 110.24681481208309
494 110.24681481208309 99.4494904766687
695 89.26206492040096 75.1658414944149
1128 78.2921383665813 63.93017910752559
1349 75.31504678822695 60.04369567653644
2327 73.7285426329265 73.11834373911006
2728 70.1483419206332 70.13632850961002
3870 68.0094655116333 67.11145738295016
4121 67.11145738295016 54.65356517085092
5110 64.63460202252317 63.114325041567305

11 231.15871955144925 220.90398564050142
12 231.15871955144925 225.6229648223651
13 231.15871955144925 179.2780919166252
22 209.90438440933258 202.47431433465448
43 202.47431433465448 201.9373317239957
63 177.83123359190148 173.37929921806995
73 173.37929921806995 171.43140794509577
83 171.43140794509577 168.25565054429273
93 168.25565054429273 162.06672426826856
103 162.06672426826856 161.0468418901263
123 161.0468418901263 137.2225879276129
233 133.17183612078392 116.1352269609992
263 127.95087166855771 123.35580070910186
373 114.89256072904588 114.1049433844356
402 114.1049433844356 102.10106492347462
413 110.90505022622463 110.30852597990756
503 106.15161839199234 98.53874853986113
1036 92.77723943607567 91.90551711402395
1309 80.41596971817707 79.64155334816019
1338 79.64155334816019 70.79319300630895
1418 73.92134628215021 69.02494504394583
2226 47.211257219256744 44.03093601066082
2468 45.96596410917419 43.79788061275267
2730 45.561002465000925 37.44316018450466
3385 38.98683696198129 38.4195302783831
3899 37.47089062942024 25.877662005782128
4786 32.91971964920647 32.022954247058465

73 158.42397328243226 157.5454375005534
82 154.36301616964244 146.5255466907931
143 139.79244664261353 139.44154748364477
192 139.44154748364477 137.76143419948264
193 139.44154748364477 119.00299832612814
303 115.75917777490338 106.17933146086222
313 106.17933146086222 104.26948724427524
322 104.26948724427524 98.88062301404224
413 94.11615141760137 87.5538112262261
685 85.23127880186239 83.76926507030088
1028 71.40708882301604 64.46980048563526
1219 59.793294938940456 56.421880974422486
1804 56.8905544473645 52.70651568173513
2409 55.11683086566565 50.60558398236969
2792 48.931985688601706 48.01414773406823
3316 45.999878654727546 42.97936358976633
5080 38.054137855358235 25.70887384599945

11 180.47282090577556 136.4047919571088
12 180.47282090577556 144.9773407410557
21 189.6899629279369 182.8270818054835
23 189.6899629279369 183.47288290074403
32 182.8270818054835 167.63660837372242
33 182.8270818054835 168.95610670096403
73 167.50402250739475 161.00051351017896
83 165.67682973691086 160.7904749705407
102 161.00051351017896 158.58246218723497
113 158.58246218723497 153.52205697208163
123 153.52205697208163 144.17132220798828
254 130.87352090472731 129.96203225734968
263 129.33807143232605 123.9083601960486
264 129.33807143232605 127.42098205998072
284 123.9083601960486 110.61166576730854
576 99.8482261170229 98.94892903078257
666 95.06012509476774 84.4468025201765
676 94.90342863582615 87.63771853988197
816 92.13467064543126 80.71551389354936
1432 85.78624407464592 82.42611037253221
1501 81.44621215292774 79.67326670801489
1774 76.45806844169093 73.04475376126987
3055 59.102126067736 57.25497353780964
3114 58.67751072181707 58.619366582634356
3720 54.12674335295932 53.853992315037594
3809 53.853992315037594 51.77353788932301
3879 51.77353788932301 45.32504208499965
4192 45.542648186420266 41.26860884997054
4736 36.82424523672391 32.52885318930271
4997 34.747169458947894 22.15891024953075
5016 33.78504225434159 15.913336303754477
5784 30.749401447303228 28.462135552552496

11 171.1829742494563 163.73138875338327
12 171.1829742494563 160.29649494941788
23 225.66237842805566 207.8059430554518
92 173.43162786694006 172.71152266939677
93 173.43162786694006 157.7703115385002
102 159.84125605461043 158.8063159924846
103 159.84125605461043 158.23495612952578
112 157.7703115385002 146.47380435885586
183 142.26765256423738 120.97982310258467
273 130.1017874277312 129.02029182401895
293 128.35768519044794 124.57842594917517
353 124.57842594917517 111.27048149504091
392 106.17532858496989 102.04296442231238
393 106.17532858496989 97.47423178340112
403 102.04296442231238 87.5252622997865
604 83.83512008550238 79.10448065747923
643 79.10448065747923 78.17056576690418
785 73.62509059208725 68.91983134742685
795 70.87231614448217 69.20243165548723
1269 64.5588328316553 64.5463884980619
2207 62.34066030003919 62.337408960992995
2227 62.337408960992995 62.329980392847006
2942 62.080445908214394 61.50431349573403
3073 61.50431349573403 56.898449604345544
3113 61.34279939134525 50.338143199968485

13 182.18997114437667 165.2343644726659
22 186.17992405791458 181.64081238947927
112 163.38386304135196 157.08869317185204
113 163.38386304135196 162.94841440018683
293 137.1707177663793 126.12777631974367
394 117.27617485405213 88.27552117395318
575 103.17153610045047 94.02501263883416
695 99.40552036991618 82.65546268485221
1160 89.28022541703336 85.59828898959208
1503 85.36613506886836 84.83635754735602
1643 82.64497293963058 82.0295315727325
2269 73.7265356273662 66.94596191887561
2612 65.1835034974788 63.22922340935991
2872 57.03692351536 37.660205381924385

11 202.47418217374153 186.2427789317973
12 202.47418217374153 120.34577022789685
13 202.47418217374153 191.84149368129783
23 191.84149368129783 188.93360550139312
53 188.93360550139312 188.59562982406308
83 170.57763575993707 163.81773643536468
92 170.34883764258058 169.3297850844566
123 163.81773643536468 156.54880853783692
133 156.54880853783692 152.8845981189301
243 129.7362919716459 125.87591105456634
324 124.0827937733882 108.67947699816096
374 120.79803563743458 118.89188522712905
384 117.99719989660579 103.42034073623229
727 96.27076170890535 94.19649645422767
938 89.76499237242857 86.76640822580808
1270 77.40791737699713 72.81856519391536
1885 69.87980345293633 66.44118080421704
2217 61.35036532201417 53.78260514984997
3014 47.7149440204644 42.047100675392095
3246 46.76874322319803 39.007276843908954
3589 46.1036831458768 34.578108160548666
4315 43.10638465170817 37.25437630271398
4869 36.88893677879303 33.95466706912819
5079 33.95466706912819 33.47165340364354
5110 33.47165340364354 31.0889559721776
5634 31.101224901923715 24.988039099619897
7268 30.843686789380058 23.421062877282225
7820 28.854078596103932 20.912494568644263

