pass_rich_rastrigin10_step1_poor10rich0
eval_cnt worst_rich_fitness new_rich_fitness
11 189.820560906427 120.07547746854372
12 189.820560906427 186.77946646844094
13 189.820560906427 154.14603857851114
14 189.820560906427 170.21664881556347
16 189.820560906427 177.03664101830566
17 189.820560906427 127.65170696817768
18 189.820560906427 184.73925688763927
19 189.820560906427 159.6934686965056
220 103.05495132919276 99.70899679812682
361 83.04437228646263 80.11772147553452
371 80.11772147553452 79.9806570229683
391 76.48496074981898 76.09006421042443
401 76.09006421042443 71.93880650402161
411 69.47333893792631 67.87423479415489
430 67.87423479415489 61.49822372814228
622 48.13346827955432 47.493060492510196
642 47.493060492510196 46.474662374216294
769 44.80184170327332 42.972158961381076
792 42.972158961381076 40.93088435179381
873 40.93088435179381 35.5779877120534
892 35.5779877120534 33.884266088419366
1002 28.376713094420197 24.560987216472853
1013 24.560987216472853 24.359048346635547
1030 24.359048346635547 23.09752352984576
1033 24.359048346635547 23.401623079968005
1042 23.09752352984576 20.303560712973436
1092 19.808488769211507 18.533638691202086
1103 18.533638691202086 16.894928992458432

13 186.09869304444578 177.1233392180486
14 186.09869304444578 183.46641031288203
16 186.09869304444578 140.15778522313872
17 186.09869304444578 114.12482280688731
18 186.09869304444578 158.0805059273931
19 186.09869304444578 182.02974336542292
503 56.45781834717994 46.111552854239406
642 39.54359365945501 33.22466581314765
835 23.380537378975816 22.549452435308467
941 21.523660558154845 20.558124383655638
979 20.558124383655638 15.579764002292052

14 161.36391649437851 161.15415456556238
17 161.36391649437851 143.2101232111935
18 161.36391649437851 128.5032282978857
300 90.44011691539164 85.5020081711393
442 68.8471683658789 66.02288132634436
563 55.19287474712775 54.03697941487469
573 54.03697941487469 45.453891811028754
672 38.5951920859555 32.920292636804746
673 38.5951920859555 37.45731069248467
873 23.90553838553444 22.712768428396927
894 22.712768428396927 22.626789366078796
930 22.626789366078796 17.574588166824356
932 22.626789366078796 21.74315125297872
994 17.574588166824356 17.52461718934032

13 191.1701981220441 186.6119953973958
14 191.1701981220441 182.93315835116718
15 191.1701981220441 121.23952204763239
17 191.1701981220441 190.23910099137444
19 191.1701981220441 155.72158984256563
532 78.53273804632681 78.11641456838473
621 68.62173753886786 66.11782041352596
631 66.11782041352596 53.55601030810896
822 51.50290537975498 47.66690972153907
834 47.66690972153907 46.43511206314281
934 33.286139429556684 28.64083371395418
952 28.64083371395418 27.956518259721662
1009 25.543821542310937 22.129221876489297
1034 22.129221876489297 19.982080567939818
1041 19.982080567939818 15.903687267249396
1173 15.903687267249396 15.80655386404446
1194 15.80655386404446 12.835629807883294
1275 12.835629807883294 11.725371783113332
1294 11.725371783113332 11.056918199633714
1315 11.056918199633714 10.553677266924396
1375 10.553677266924396 9.644571184271328
1385 9.644571184271328 9.577952957149492
1395 9.577952957149492 9.40483367932491
1425 9.40483367932491 9.319411950299951
1455 9.319411950299951 9.278831843217944
1465 9.278831843217944 9.189506633293945
1515 9.189506633293945 9.162646846627226
1656 9.16014870700404 9.13595078107312
1787 9.135160648366224 9.110826888956595
1908 9.110826888920968 9.083195362567679
2129 9.074167788100723 9.059148659963355
2270 9.057891548310039 9.026896320663283

11 223.74822811301505 176.92779617097432
12 223.74822811301505 179.82263423872212
13 223.74822811301505 150.81861011924613
14 223.74822811301505 208.13008557569373
15 223.74822811301505 163.29178729582995
16 223.74822811301505 150.225714221096
17 223.74822811301505 188.12259076691723
19 223.74822811301505 170.88784821955286
29 150.225714221096 145.52639537960113
48 145.52639537960113 144.47115962560989
58 144.47115962560989 130.11575403034539
59 144.47115962560989 143.7613741264713
79 130.11575403034539 124.31728490359095
89 124.31728490359095 118.91299149207647
99 114.58779700036327 103.23009567372361
300 88.74939005631957 79.28966677848845
330 76.33194098104235 75.23219517068358
440 68.28270066555878 63.61458441599617
621 40.16849376491686 35.3664417931607
893 24.981462025319004 24.01314429785802
1113 19.27299184697354 17.874977718438373
1114 19.27299184697354 19.06404175982081
1123 17.874977718438373 16.14315204250289
1133 16.14315204250289 15.77528295190092
1144 15.77528295190092 14.751882762910327

12 221.61098745549975 183.59334130051298
13 221.61098745549975 186.4183045464727
14 221.61098745549975 207.7466431488824
15 221.61098745549975 177.22955212118802
16 221.61098745549975 165.79681489359953
18 221.61098745549975 219.76407482866503
119 142.14323284629063 140.84923796946285
129 140.84923796946285 131.2339620678548
139 131.2339620678548 127.6280758323318
310 115.29898492553957 112.08941635973287
319 112.08941635973287 105.6506348721023
803 66.83031774689621 55.0828316010963
901 53.034356729944086 42.33235754292343
994 39.83376419285857 37.25518657935888
1023 37.25518657935888 36.661876166865085
1155 36.661876166865085 31.028673291874668
1204 33.07100028604063 27.783860467556423
1255 27.783860467556423 26.707512451713725
1314 26.29947546429588 26.05650729325656
1365 26.05650729325656 25.98985355062132

11 184.66587540173123 183.63329169472138
12 184.66587540173123 146.77738999310262
13 184.66587540173123 161.2555245996681
15 184.66587540173123 148.91441283642217
16 184.66587540173123 142.90102340421083
17 184.66587540173123 137.25035042678616
19 184.66587540173123 125.99907796603779
321 97.98955253118413 96.06918244045806
351 96.06918244045806 95.50589806249022
431 78.28206018829299 76.86271096620978
540 69.59060842182058 62.30554147667805
561 61.03975559761033 57.788373922916364
803 44.86132740615876 44.0294801861924
907 40.45912661283742 40.32414906650404
1012 36.22925697783584 27.869650108399
1053 27.869650108399 25.877396574982683
1054 27.869650108399 27.515528345125404
1175 22.575661466524352 20.839036025070712
1272 20.839036025070712 20.54808923698556
1314 19.433043030797393 19.312340825554045

12 209.68099740974463 191.00252821199862
13 209.68099740974463 206.6014656610579
14 209.68099740974463 174.2523909698877
15 209.68099740974463 141.33524662971348
16 209.68099740974463 185.79971500676268
17 209.68099740974463 163.65886459180746
18 209.68099740974463 196.92805564557779
79 137.9963075201476 136.85903167233684
139 130.20446094966712 127.10477892895136
270 113.40995053876635 110.38962559934505
330 99.66085742825283 96.61058216273243
340 96.61058216273243 92.62004742093009
350 92.62004742093009 88.43608251054967
531 72.65381541588914 65.23371998537021
823 19.96142940931 19.305541409482856
833 19.305541409482856 19.054661560246544

12 182.1507086729273 171.17881645698426
15 182.1507086729273 166.75375246209398
17 182.1507086729273 157.44555358880746
19 182.1507086729273 152.64181501435036
29 152.64181501435036 147.808698290066
39 147.808698290066 147.47973899187497
58 141.7071052586719 136.1720705415745
59 141.7071052586719 137.32370168466156
69 136.1720705415745 134.6598190211712
79 134.37896934693993 127.68050124568941
354 61.403714100910626 59.8445805186999
381 59.8445805186999 55.90117617280335
491 53.94347892655725 50.58012375856451
541 50.58012375856451 48.00536753296695
601 48.00536753296695 47.704371605766795
620 47.704371605766795 47.51923104330928
631 47.51923104330928 46.282547153244494
668 45.657687620900475 45.01308452697678
670 45.657687620900475 42.843585245595705
831 39.09918137117708 38.24572115898677
911 37.66142322364392 35.81147224438729
941 35.10205151774005 30.614485721448105
1201 26.832717744649514 25.698662302980537
1223 25.698662302980537 25.451971243474745
1224 25.698662302980537 25.42716705007929
1233 25.42716705007929 25.227651351081917

13 145.95291649420355 129.05880240335253
220 86.45477578098706 86.31332072454269
240 86.31332072454269 85.4238925880932
653 51.0150713847744 45.36479669651818
784 45.36479669651818 42.588562446035354
985 36.68086917118 31.40351238181583
1093 31.40351238181583 26.176323862955172
1094 31.40351238181583 30.061813098988992
1155 26.176323862955172 22.29261056359489
1195 22.29261056359489 21.777271232298574

251 88.39937042984147 87.57618357820778
261 87.57618357820778 84.88617634533769
402 75.75323597744364 69.18564012881218
411 69.18564012881218 65.0871621628971
572 51.70226502714133 49.19062209362505
573 51.70226502714133 41.43366377526826
583 41.43366377526826 41.35073649205302

11 159.56430105248126 147.46894816552665
119 122.61805273009529 120.13311459745998
129 120.13311459745998 114.5120116476391
139 114.5120116476391 111.73994213926511
149 111.73994213926511 107.77368866417615
159 107.77368866417615 102.63504896818276
169 102.63504896818276 100.9207813351911
179 100.9207813351911 97.70581287342948
189 97.70581287342948 95.85498534649665
209 94.12084481840054 93.86593547661501
219 93.86593547661501 88.6882094002547
400 70.19772548333592 66.9848211661712
782 37.43732322996774 35.963433805753255
964 31.47627434384225 27.6857589728979
1073 27.6857589728979 18.190444590634144

11 230.81056748508996 164.1811328414281
13 230.81056748508996 224.42340428154859
14 230.81056748508996 193.98454993550314
15 230.81056748508996 140.34458459369824
16 230.81056748508996 137.34347044258575
17 230.81056748508996 153.27832002451322
18 230.81056748508996 197.3752016509594
318 72.07374197035422 70.43574944152229
382 66.52902262540661 65.43250090383864
422 65.43250090383864 64.16484894022885
441 64.16484894022885 63.38504917745753
782 44.85274515321868 35.38638457197162
999 28.012101060887005 21.247126018199538
1004 28.012101060887005 27.29049973428303
1045 21.247126018199538 17.206348641925075
1049 17.206348641925075 17.068045025672376
1066 17.068045025672376 16.177051115909293
1398 15.015396327725995 14.245687155948474
1539 14.245687155948474 14.219206600401264
1549 14.219206600401264 13.043977026802125
1589 12.910659389748503 12.712763266152578
1599 12.712763266152578 12.51321407593781
1619 12.51321407593781 12.23486397214485

11 217.733662666031 210.04555639172042
12 217.733662666031 176.48434877254132
13 217.733662666031 212.136836106646
14 217.733662666031 142.93162969721604
15 217.733662666031 185.42295390646592
16 217.733662666031 149.59868290887584
18 217.733662666031 175.57295645524138
19 217.733662666031 97.36586499022084

11 235.41852146194847 186.97211123431026
12 235.41852146194847 175.87051840323818
13 235.41852146194847 182.0644562152972
14 235.41852146194847 150.24169371305038
15 235.41852146194847 137.59663953414938
16 235.41852146194847 172.07520786096626
17 235.41852146194847 207.62895126013484
18 235.41852146194847 187.99429448339563
19 235.41852146194847 155.77064121000583
220 111.31506255204988 109.30548141717122
400 84.38496062457176 84.19720681349209
401 84.38496062457176 84.06935680336649
410 84.06935680336649 82.21163165027215
411 84.06935680336649 77.71596725028718
571 70.44910982914739 70.28571872135161
601 66.79065693829578 65.32570246176076
612 64.94643117510104 61.94502173988181
682 59.59888173810026 51.346637395767814
690 51.346637395767814 50.433772607177175
782 47.01972208549654 42.81425338765564
882 32.25584810145202 26.406400644608468
932 26.406400644608468 22.76074795267425
1010 19.11286667151309 17.172021274063738
1121 16.825766343485384 16.649058723343344
1132 16.649058723343344 14.869288913870747
1221 14.090817120995695 13.68738429147841
1302 13.68738429147841 13.287216244300552
1372 13.286376387221338 13.098598036852707
1553 12.248417032739454 12.231121965260115
1623 12.231112169692494 12.220589706250095
1744 12.201734505273606 12.145980245265847
1885 12.145435260234393 12.13883878166267
2056 12.133664057049586 12.024443176545958

48 132.0422988751299 131.10526927683054
49 132.0422988751299 131.7996267470586
58 131.10526927683054 128.56428260521074
69 128.56428260521074 119.1125833201741
89 119.1125833201741 116.72604241099555
99 116.72604241099555 108.20419959331713
472 89.52085892498084 88.45337154416488
480 88.45337154416488 79.25186631483686
482 88.45337154416488 85.503041031275
714 53.935133822641134 53.584143261307446
724 53.584143261307446 48.64282777161401
783 46.349417972977804 36.2506129411151
834 33.903789329025315 33.47828107845618
1020 28.731516796348515 27.28484784031346
1135 27.28484784031346 27.281684721316182

11 199.2003075752565 147.42434012869236
12 199.2003075752565 197.0417944291392
13 199.2003075752565 148.9109625744778
15 199.2003075752565 175.30023609462853
16 199.2003075752565 151.25764659007774
17 199.2003075752565 161.34151386431418
29 147.42434012869236 145.42743202139127
199 111.60388772950343 110.99035955146202
351 96.49658993223849 95.90313664502678
411 91.16157860533775 90.12657079926139
500 85.94047850031943 83.64081015346457
509 83.64081015346457 76.61169839278321
524 76.61169839278321 72.09316026303264
532 76.61169839278321 73.07455305740581
561 72.09316026303264 55.85867960093646
591 55.85867960093646 48.70706849034011
733 34.90547551091551 26.388840042776934
743 26.388840042776934 24.977641635379527
773 24.977641635379527 23.637078073134575
792 23.637078073134575 23.1414720799023
803 23.1414720799023 19.167128655745188
1013 18.305863510627276 17.020391394656528
1024 17.020391394656528 16.160430768310945
1214 16.021896721292507 15.525663411484189
1313 15.525663411484189 14.160091112782169
1431 14.160091112782169 13.8924464838328
1445 13.8924464838328 13.852821336835305
1556 12.832313694952205 12.753608460383944
1677 12.753608460383944 12.653977893407443
1808 12.653921607834235 12.58700031794568
1939 12.556548080619507 12.444289246136591
2070 12.443407140287292 12.438276258531957
2090 12.438276258531957 12.437887598557609
2251 12.424948697247999 12.406539017050477
2422 12.33548054222284 12.29485673283466
2633 12.2866555471104 12.264502940829189
2824 12.182738687820517 12.172674947274729
2975 12.17243633594721 12.165924429015035
3055 12.165743916345747 12.165653482430628
3065 12.165210588523266 12.165032693261125
3075 12.165032693261125 12.164605860135694
3085 12.164605860135694 12.16445866879127
3095 12.16445866879127 12.162939649646063
3115 12.162939649646063 12.162708046923314
3125 12.162708046923314 12.161405799164868
3145 12.160410104881322 12.158950607093388
3255 12.150058447706627 12.149629133595937
3265 12.149629133595937 12.14726240576121
3275 12.14726240576121 12.14525222928819
3295 12.14525222928819 12.141191550929733
3325 12.13973639501964 12.137970332577908
3335 12.137970332577908 12.137238871496237
3365 12.135472298088288 12.134707450244122
3375 12.133586177109649 12.131881064196463
3455 12.124237839208135 12.121949765796003
3485 12.121949765796003 12.118201980291303
3495 12.118201980291303 12.116045175208228
3505 12.116045175208228 12.109948145625992
3575 12.101393634230476 12.100009918833507
3585 12.097193161248242 12.095295077765911
3595 12.093534114693469 12.092428403104975
3796 12.060629735765843 12.053381307860647
3806 12.053381307860647 12.04801420860828

11 254.90421040987434 157.6221954082972
12 254.90421040987434 219.96097455438218
13 254.90421040987434 190.28416988375403
14 254.90421040987434 231.91974838126978
15 254.90421040987434 246.58053362196543
16 254.90421040987434 153.59982267502
17 254.90421040987434 191.18299179474872
18 254.90421040987434 188.30846566075678
19 254.90421040987434 158.48361397105495
79 145.06982664840154 141.73826918449677
150 126.15832939749357 116.84498640043687
170 116.84498640043687 111.14472202103131
180 111.14472202103131 100.77248436783958
210 100.77248436783958 98.93224696834524
220 98.93224696834524 98.33744910783679
381 93.06542821215672 92.86291759625666
391 92.86291759625666 90.59495676863193
401 90.59495676863193 84.32657428011981
552 65.4344973426119 63.19938174305692
582 59.340127527296104 58.50951084331358
622 56.6630336089837 53.40713898052361
632 53.40713898052361 53.12698062005721
642 53.12698062005721 52.357441801220816
662 51.1874131083313 49.022984583274415
682 49.022984583274415 45.63612009632102
712 41.945461216041565 39.61858284521023
742 38.89363163909608 35.61699604178827
842 33.27101579925889 32.00466455551614
851 32.00466455551614 31.575687877870877
1013 29.488905639448333 28.60677470959118
1023 27.402951758227545 25.808735880671108
1043 25.808735880671108 25.017501898176164
1053 25.017501898176164 23.12222693178714
1063 23.12222693178714 22.74888857456358
1073 22.74888857456358 22.084905905994162
1113 22.084905905994162 21.149198166687924
1123 21.1056085561883 20.455438627626805
1140 20.279597701858876 18.078621396843687
1149 18.078621396843687 16.120654114422393
1150 18.078621396843687 16.250369305226442
1152 18.078621396843687 16.056732911177377
1309 15.038474376457728 14.107011018259414
1324 14.107011018259414 14.10341811285933

11 182.41474320486444 148.8091749971846
13 182.41474320486444 180.4332700913819
14 182.41474320486444 152.64993838460117
15 182.41474320486444 129.54790152948112
17 182.41474320486444 163.63252624759798
18 182.41474320486444 131.0647615347216
118 121.05306337481562 114.88872111060569
300 80.22316047334438 76.34914027742168
319 76.34914027742168 70.02724134392577
320 76.34914027742168 71.73649494446113
329 70.02724134392577 68.69077735259216
330 70.02724134392577 67.93920494072742
339 67.93920494072742 64.671970170775
340 67.93920494072742 65.29683804239548
358 59.6310683802727 59.21553815618564
370 53.50105143969948 51.55468313305809
380 51.55468313305809 47.13197544682398
571 40.11846889098409 36.125677161402265
702 34.56394246022707 28.38688727072318
902 26.338046025767937 25.79818690923355
922 25.79818690923355 25.150027060085336
1013 24.7692028526902 24.633036746815606
1050 23.32879655751229 22.853280491613532
1064 22.853280491613532 22.786694798010117
1074 22.786694798010117 22.238827371895297
1275 21.915327840876003 21.77505275336081

11 213.45730237368977 153.87448926975898
12 213.45730237368977 156.7798082516956
13 213.45730237368977 141.42336829004944
14 213.45730237368977 212.31399121219582
15 213.45730237368977 125.79814647709671
16 213.45730237368977 194.57988540308367
17 213.45730237368977 139.97144546779464
18 213.45730237368977 209.29420557747227
19 213.45730237368977 176.5552602251675
39 125.79814647709671 125.68982103716647
230 112.63254118729878 102.77326139560878
240 102.77326139560878 102.32474666226955
250 102.32474666226955 96.34185234824324
300 96.34185234824324 95.40149887582035
310 95.40149887582035 94.68876085671282
320 91.19880475999433 90.76704381640738
330 90.32359584828386 87.39229798908943
420 81.77020365001594 79.92800888947876
470 76.35200088461477 62.334526406119764
733 41.02962945309329 38.36002277395354
942 32.728601371027196 31.623580326522614
954 31.623580326522614 29.314842535599112
964 29.314842535599112 28.85145782551895
974 28.85145782551895 27.140880914810225
1109 26.01529817942938 25.786407653237603
1123 25.786407653237603 24.88042993646377
1174 24.88042993646377 21.808229116970608
1243 21.808229116970608 20.600578090314727
1516 20.600578090314727 18.277578223272286
1557 18.277578223272286 18.076472028807785
1789 17.95551883029465 17.94682183891517
1809 17.94682183891517 17.945087413416232

70 128.43671396681532 113.34900236768875
231 106.35960141556255 104.98770919395415
281 97.17569393811165 91.75060368576678
291 91.75060368576678 89.47893338993637
301 89.47893338993637 85.92493094206272
311 85.92493094206272 84.51029514670418
533 62.10616144177545 58.42855168899701
553 58.42855168899701 57.82369069836199
653 44.7514397698498 38.4211579260063
865 38.4211579260063 31.80501757453598
873 31.80501757453598 30.850624362288173
905 30.850624362288173 30.721415646293067
972 26.447486631941686 25.319230289489184
985 25.319230289489184 25.222264096220414
1010 25.222264096220414 22.761015312186146
1055 22.761015312186146 22.483233179998223

11 193.43695869834727 121.5702377499727
15 193.43695869834727 163.5426207150432
16 193.43695869834727 169.8844924855922
17 193.43695869834727 163.4328492393622
18 193.43695869834727 172.85911972867507
19 193.43695869834727 175.37267479991985
462 58.77949255208923 57.944922725047164
613 56.51290730339067 56.37902014042757
633 56.37902014042757 53.765226361534786
780 44.620340014094396 41.48615032197562
802 40.04102880469703 34.72005144405787

12 203.83456083717203 181.90593471170206
13 203.83456083717203 167.34397342842323
15 203.83456083717203 178.59101036893054
16 203.83456083717203 121.81118142718442
17 203.83456083717203 177.1376929422205
18 203.83456083717203 187.74797199820188
19 203.83456083717203 166.596408658334
451 57.89276801663191 57.226052772849435
541 55.83896424947842 55.50814062562265
543 55.83896424947842 54.48997777679453
612 51.75124248870408 48.05654022241647
633 48.05654022241647 45.47413488606415
680 45.47413488606415 42.33301409279694
753 40.26454465952773 37.72823700255682
782 37.72823700255682 37.54176201813554
801 37.54176201813554 35.266065869960656
833 34.812460144625035 31.673654131662204
911 30.88637844626726 27.906464320438957
913 30.88637844626726 25.71690265210391
933 21.141662864045244 19.91585724595285
942 19.91585724595285 19.651310119427407
1031 17.373093865024046 16.41774952195769
1110 16.41774952195769 16.200633914156725
1123 16.200633914156725 14.494553558544666
1128 14.494553558544666 13.094230018781303
1153 13.094230018781303 11.837878132967688

13 180.46127554282182 158.99215423574276
14 180.46127554282182 148.72713720916585
16 180.46127554282182 157.48766213924984
150 107.80899492196838 95.16587445417207
543 49.99721626675448 49.75916250625637
553 49.75916250625637 48.123399990498775
592 43.53757787320278 41.28850098978336
783 26.868790094110963 25.887082475042902
794 25.887082475042902 20.476253303676486

17 173.19375554402478 142.99111125486252
19 173.19375554402478 101.19212607649092
79 96.58938051940211 95.859025397707
119 91.64821047691514 87.4684047596461
129 87.4684047596461 84.95931115233824
139 84.95931115233824 79.6389807099748
159 79.6389807099748 76.67721733951512
199 75.88959694501857 69.54048204739323
219 63.1969024990028 60.65365732599539
279 54.49772750851457 51.942194408498665
288 51.942194408498665 50.40706916500982
672 38.13585958114638 36.01922781976105
702 36.01922781976105 35.058792662222146
832 33.415103803628384 33.37572507640411
842 33.37572507640411 32.659860068978375
852 32.659860068978375 31.13233687281128

12 214.73289985271478 142.44927980242238
13 214.73289985271478 179.53885451211337
14 214.73289985271478 206.43843693196666
15 214.73289985271478 164.43102198926726
16 214.73289985271478 166.19045436832505
17 214.73289985271478 196.72700035009677
18 214.73289985271478 144.62915816407298
19 214.73289985271478 153.58076649514663
29 142.44927980242238 138.04707984257237
49 134.00574538481203 133.83739979442572
119 119.12831302031358 111.91812910794937
270 70.25401884790705 68.10777657020772
582 44.821013766582794 39.105735650180826
713 39.105735650180826 32.20243283746798
983 16.230921702326086 14.335659427669398
1035 14.335659427669398 13.304873280008124
1071 13.304873280008124 12.937817536150831
1094 12.937817536150831 8.453737401241412
1095 12.937817536150831 11.149195410816489
1115 8.453737401241412 7.981388203087022
1220 5.9942989144184935 5.744096651711487
1346 5.744096651711487 5.495249968374424
1627 5.158651193071648 5.143378376995997
1648 5.143378376995997 5.141819275064606

11 183.32102138288388 161.83597534841448
19 183.32102138288388 156.6449033615453
140 145.28717186951602 137.87117197258996
461 96.99264665626713 95.52772637747053
471 95.52772637747053 86.56807713147853
482 86.56807713147853 80.28053883341823
492 78.15742807517742 78.1420940640972
542 78.1420940640972 70.60190060060307
853 40.098647072401526 38.305648306790374
874 38.305648306790374 37.89019821531856
904 36.34829956659162 34.38923239624458
1085 28.341588301085295 27.455414588949182
1135 27.455414588949182 22.865072791152173
1163 22.865072791152173 22.175023090099288
1185 22.175023090099288 16.679254791701183

13 189.58080589245606 188.0163860867367
14 189.58080589245606 170.55216660621224
15 189.58080589245606 182.02771233635548
16 189.58080589245606 171.95476669630432
17 189.58080589245606 174.55303016031206
18 189.58080589245606 126.96987620264107
19 189.58080589245606 154.02709332263987
301 95.44955839493207 87.33825486611306
401 85.65846012712291 83.65235479781032
411 83.65235479781032 75.53642837459161
592 62.54753560532876 55.096550321875284
743 53.588057593112154 53.46094562584997
793 53.46094562584997 45.46469789790756
1004 38.77853978747085 33.73110310346182
1231 31.445669412161095 31.314906496120045
1357 31.314906496120045 30.291196250120336
1376 30.291196250120336 29.57661902317423
1387 29.57661902317423 29.066147418759286

16 152.96416079544844 140.98170015390104
69 127.44487492586029 122.69953751238094
99 120.96759021477897 118.744552588034
119 118.744552588034 116.34079376733408
129 116.34079376733408 110.31517365068646
149 110.31517365068646 106.91611247790456
159 106.91611247790456 101.37633797763182
199 100.50276311940752 94.21540015007523
209 94.21540015007523 90.57118866238832
460 73.74795552330826 58.99212471826722
772 48.13642111209549 44.78970619985699
773 48.13642111209549 45.32801823597494
872 40.63790255142954 39.842562887316284
983 39.1167109363362 36.97504326055151
1043 36.97504326055151 32.357502825401866
1300 22.550342908243167 21.208267784622166
1688 20.711561499390058 20.616500394733592
1748 20.616500394733592 20.600288330601416
1778 20.598469054316993 20.583249371699864
1899 20.54666998171048 20.366633144154818
1909 20.366633144154818 20.33794583602547
1929 19.8754306012426 19.735912576742166
1939 19.735912576742166 19.48907968896455
1959 19.48907968896455 19.262689544768875
1979 19.262689544768875 19.18343119025424
2100 19.182782901115814 18.830378598052206
2241 18.83008542880154 18.662821941756917

13 151.9557538653993 91.62970277935344
311 73.07838677176369 66.2447157857449
452 64.3401899238078 46.93333222147799
684 35.59354855825178 34.354432486725315
754 34.354432486725315 33.81964225798134
764 33.567552737788304 32.80680450867831

11 211.73587633663044 177.2673127389324
13 211.73587633663044 191.34981996754033
14 211.73587633663044 163.40810431188976
15 211.73587633663044 168.7458867676192
17 211.73587633663044 128.07608043331632
18 211.73587633663044 101.93047505330973
19 211.73587633663044 180.56814281534372
372 66.10237456440314 65.58016295402331
392 65.58016295402331 64.50772995142144
481 51.67147318967897 51.310048993703894
491 51.310048993703894 51.016861069218024
492 51.310048993703894 51.18815962512975
501 51.016861069218024 47.300998924565796
511 47.300998924565796 47.11409228027561
649 22.7487878039002 19.897743209567295
652 22.7487878039002 22.41916876108526
713 19.897743209567295 17.693651569845073
761 17.693651569845073 15.573066351385691
873 15.573066351385691 14.155200644613231
932 12.41603736000404 11.579108238932406
953 11.579108238932406 10.734204039172553
1053 10.614302427293879 10.378968432986184
1083 10.378968432986184 10.12647597180279
1093 10.12647597180279 10.015998069729648
1224 9.855112335480868 9.707075583880538
1345 9.679750286526485 9.563517853321258
1486 9.562095909880014 9.531924751870093
1607 9.389732073509037 9.347984555351175
1748 9.347412673755883 9.31964172404031
1929 9.214915016134526 9.165570711533135

11 215.18845973017426 195.21234434170398
12 215.18845973017426 196.25990808542247
13 215.18845973017426 198.57591652932635
14 215.18845973017426 212.44187027393744
15 215.18845973017426 199.5042932736522
16 215.18845973017426 187.77443628832935
17 215.18845973017426 152.72935377754956
18 215.18845973017426 161.94573175112475
19 215.18845973017426 131.3709337393405
473 69.48104148960692 62.49732001101021
714 32.95242445791 31.742724730727673
725 31.742724730727673 26.506951302022358
775 26.506951302022358 23.05337454267881
981 23.05337454267881 18.760275729408733
983 23.05337454267881 21.630245118087473
996 18.760275729408733 18.231692791317244
1005 18.231692791317244 16.146283483989166
1085 15.717337626914912 14.878017173891152
1096 14.878017173891152 14.399223836963003

11 192.21102060552184 134.0494657105124
15 192.21102060552184 152.10099755207372
18 192.21102060552184 173.04006473922158
39 134.0494657105124 132.0220584769478
119 125.68375662531051 125.12222859534243
129 125.12222859534243 121.21903068392535
460 100.36778422703966 98.48414144130669
461 100.36778422703966 81.41302493448853
622 73.68400748698426 62.23744870033534
894 41.181210215432976 40.87594411496534
904 40.87594411496534 40.418953584864646
940 37.60630138965473 36.94062648533347
963 35.362002024906204 34.74265425241725
978 34.14056458890735 33.8102309202408
1001 33.44930321069734 30.23475346700434
1051 30.23475346700434 26.811543799942527
1170 26.237301302289225 16.638714955578934
1172 26.237301302289225 25.481590037416254

201 99.01039290277755 92.98212281691032
351 71.89553513211183 70.7901805378461
362 69.62915242268116 66.05324875008733
401 62.31087637672265 61.213479656057864
462 61.213479656057864 60.36995113991516
491 60.36995113991516 55.179249262675114
530 55.179249262675114 48.58701953117053
651 43.114042940312935 34.51244030516513
773 33.93925402250309 26.825770427143794
874 26.825770427143794 25.222612787637615
934 25.222612787637615 23.919039371425825
944 23.919039371425825 22.07644630625876
1013 19.876178697689824 19.274123031699133
1175 19.117264962040863 18.998783969173445
1185 18.998783969173445 18.226894719461882

11 244.7682321626757 168.60379926941073
12 244.7682321626757 199.83492853644105
13 244.7682321626757 150.06183215329315
14 244.7682321626757 159.70597897685693
15 244.7682321626757 178.83080634958588
16 244.7682321626757 162.63518404713682
17 244.7682321626757 186.68459646220973
18 244.7682321626757 213.28799382569753
19 244.7682321626757 210.4170309292726
49 149.7122630668528 147.34642591773493
88 142.459114074044 140.16918097269922
98 140.16918097269922 138.13382311865377
99 140.16918097269922 132.6037706499796
108 132.6037706499796 129.2647181608798
109 132.6037706499796 119.89408038432697
129 119.89408038432697 118.80652059214876
139 118.80652059214876 105.8514329819617
340 78.07421356791403 71.82721290452109
702 47.46969976373497 44.79996711998572
912 41.64351403520784 40.71933369230112
1024 40.71933369230112 40.22807344239509
1051 40.22807344239509 38.500848074754025
1073 38.500848074754025 35.63801726893608
1104 35.63801726893608 35.57228796089531
1123 35.57228796089531 33.20480513787308
1134 33.20480513787308 32.048723272587694
1156 32.048723272587694 30.937732578179507
1164 32.048723272587694 30.55488592815948
1193 30.55488592815948 30.462987631826977
1393 28.843581906438402 26.845624185953156
1485 26.845624185953156 26.79566089421226

15 176.8808779843672 161.17259662223807
16 176.8808779843672 169.22466484285798
18 176.8808779843672 168.36138116399687
19 176.8808779843672 151.74470516128636
39 151.74470516128636 145.38917361134338
59 145.38917361134338 144.91742510728017
138 128.87289675787252 113.98255367273546
139 128.87289675787252 121.92061196880559
149 113.98255367273546 108.50505969003545
480 88.25726657027735 86.18117453404254
481 88.25726657027735 78.60325955792607
501 78.60325955792607 73.20322659393963
611 67.79927011530977 64.35534550980542
762 40.52957126087394 39.520736775912056
772 39.520736775912056 39.07912695053616
802 37.83030287105389 36.57005656521187
1034 30.023079774003193 30.00634244284936
1044 30.00634244284936 29.11265015013359
1053 29.11265015013359 28.84437600750367
1064 28.84437600750367 27.958226170960614
1219 21.92232332152554 21.800577035027686

13 151.37903068408468 136.33376846376308
18 151.37903068408468 147.34137661557614
119 115.51033353970557 111.09326005214513
129 111.09326005214513 107.09901497801215
139 107.09901497801215 99.26291572806988
189 94.316918576061 92.4331401327898
199 87.01052065667932 76.82256187597079
552 65.18428443644808 62.16751534251176
873 39.56548840900348 34.219753678843446
874 39.56548840900348 38.527405133180686
954 34.219753678843446 33.24017722539911
983 33.127502078338395 32.92252698066838
1003 32.92252698066838 26.84179025933804
1044 26.84179025933804 23.04573720869395
1254 19.757447735857056 14.838520431040138
1265 14.838520431040138 14.511562505404171
1507 12.776916765236152 11.253536603739718

11 217.91277862756849 161.5715261092448
12 217.91277862756849 186.7154936228979
13 217.91277862756849 190.49676381788717
14 217.91277862756849 217.5418964488969
15 217.91277862756849 140.06041932866614
16 217.91277862756849 182.44152892505412
18 217.91277862756849 134.11806948955262
19 217.91277862756849 207.9821711434038
49 134.11806948955262 122.72471341132743
260 95.13787737698993 85.3150118190628
460 71.16329211961514 67.70360241761003
611 55.58633865434976 54.34287907683333
612 55.58633865434976 44.98016317293573
894 38.33292537450244 38.08005962347798
904 38.08005962347798 37.30136982252498
961 36.28091800781972 27.67811503675121
963 36.28091800781972 34.18996977266568
973 27.67811503675121 27.411270470750424
1044 27.411270470750424 27.011892108124428
1215 25.40514755098566 22.516513513072496
1302 22.516513513072496 21.3183928323231
1333 21.3183928323231 20.284317836825707
1334 21.3183928323231 20.30402998682777
1343 20.284317836825707 20.0331753962069
1486 19.59858597143557 19.165957015583643
1496 19.165957015583643 19.043614531324536

12 170.33075721742273 166.97884268845536
14 170.33075721742273 155.1649932882261
48 151.686845196084 148.26413089559236
49 151.686845196084 133.9549086759076
79 133.9549086759076 126.07241505728136
89 126.07241505728136 125.47886583961497
99 125.47886583961497 122.25061519131656
109 122.25061519131656 119.53492355589886
341 68.30201256211927 64.9502194430861
381 63.83470446978889 62.86013549311661
391 61.69782875276161 55.308082395424776
401 55.308082395424776 54.90465201916968
431 54.90465201916968 53.216653815091675
461 53.216653815091675 52.07317234247854
481 52.07317234247854 46.86261852723004
491 46.86261852723004 45.569353688270496
521 45.569353688270496 45.419431621260756
531 45.419431621260756 45.03082115118323
551 45.03082115118323 43.30449638412212
571 43.30449638412212 43.036656625240695
621 42.89388299059998 41.979545537160135
631 41.979545537160135 41.90147150630062
670 41.832416789250225 41.81036809723391
832 32.29325058022974 31.663131837213598

11 194.85350115686524 157.5327286128845
12 194.85350115686524 167.56691902123953
13 194.85350115686524 178.82095511132007
15 194.85350115686524 192.59484452627595
16 194.85350115686524 183.76891920014046
17 194.85350115686524 146.5952974971503
18 194.85350115686524 179.42715924147558
29 146.5952974971503 142.74642494779795
200 121.71145782417543 112.98762636057671
260 105.0850252643917 101.84922173999009
360 87.30182515047724 85.11364527206673
380 82.8380930492902 74.89588050209183
381 82.8380930492902 79.22881076130545
391 74.89588050209183 74.71698512151337
401 74.69480935398161 71.20779685421594
451 53.08012693707505 51.94061095552117
460 51.94061095552117 43.163399293236814
561 36.73344220976685 36.014273506337325
729 32.71385572085012 32.065462823223825
732 32.71385572085012 27.825071875259653
751 27.825071875259653 27.427235143531234
802 27.427235143531234 26.02606537903152
812 26.02606537903152 24.077017118579775
900 23.655936649630775 22.87307270421023
911 22.87307270421023 22.79083672031659
921 22.79083672031659 22.42501148112386
951 22.42501148112386 22.01251970096986

15 195.65086129149307 158.22907880275915
17 195.65086129149307 172.60835644239052
19 195.65086129149307 149.32928198819602
109 133.73524201356722 131.66858447138546
129 131.66858447138546 129.4435722836297
178 124.63036485680912 123.13676160569901
189 121.86381779211129 110.73535331673389
370 93.46726271476588 87.33478386627758
390 87.33478386627758 86.81758414318301
429 81.1233441560261 77.18556531698638
440 71.13173086940164 66.37383059614046
762 49.15745995778021 45.76624952898508
861 45.69810129873301 42.82955761827571
1104 35.22410786743433 34.204634771807974
1114 34.204634771807974 32.51428474133397

11 231.38119420953032 158.42042849019427
12 231.38119420953032 210.25973765435185
13 231.38119420953032 227.94725181271332
14 231.38119420953032 168.6636495344275
15 231.38119420953032 168.28270783723048
16 231.38119420953032 205.25721795319163
18 231.38119420953032 164.27140917115233
19 231.38119420953032 179.35433398151736
79 147.133970785388 147.0675352495504
89 146.77294832393522 139.2014258505625
99 139.2014258505625 129.90244068649756
109 129.90244068649756 128.26820715278546
139 114.37732277847071 113.62422607378444
482 60.995987971967395 60.989716312172106
492 60.989716312172106 59.97453427588253
502 59.97453427588253 48.857536425152205
763 46.23575890154256 45.099764274106484
774 45.099764274106484 44.36750829118952
975 40.03012014421282 39.26470954299003
1124 36.89406101981849 36.3738595087996
1145 36.3738595087996 36.14522128256027
1162 36.14522128256027 35.539268576737726
1235 35.539268576737726 34.79412108846125
1306 34.79412108846125 34.5883033730785
1346 34.5883033730785 34.32968278593397
1517 33.87145725725942 32.98101390286284
1769 32.09737426312384 31.903384902789327
2061 31.766598519956446 31.752154457954575
2101 31.752154457954575 31.75199629012829

12 192.6536367750121 155.6847781371118
14 192.6536367750121 178.8767611682821
15 192.6536367750121 188.2587165067245
19 192.6536367750121 165.98194005842393
68 149.70025653783205 147.75465445497227
210 134.17357375230893 131.0295463074085
220 126.99592222745555 117.08597926425405
230 117.08597926425405 115.83558909240868
239 115.83558909240868 114.27672952861104
411 93.92967163799821 87.00330137855603
451 86.73503171016026 86.41113844876764
532 81.82319158747787 78.17896536893169
542 78.09075143694606 67.6408188076239
663 58.324310831612124 57.644069258201036
673 57.644069258201036 56.14259032022051
693 50.967756107024975 45.5117757070758
823 31.823629912459367 24.321392220484555
914 17.361815137266376 14.030476485182703
1001 14.030476485182703 12.877499617382767
1012 12.877499617382767 11.909122365499044
1135 11.909122365499044 11.081204582932983
1145 11.081204582932983 9.335913695443338

60 151.19188591743617 129.30615925815317
211 107.87816406240631 106.55964942212901
430 79.26561700490056 77.95969830062697
432 79.26561700490056 77.62641754205197
441 77.62641754205197 73.70395215768588
531 70.9088425656522 67.24737941649698
693 58.800765358278625 53.91109663669217
803 49.437853613517184 46.15308270706542
873 36.27748970528119 33.557388136171426
1044 31.61806928253857 29.70282293207063

79 122.73146231483582 114.77566167359488
189 108.43906080100577 107.92849935579052
199 107.92849935579052 103.42281467571884
209 103.42281467571884 95.70533211242389
651 42.969239219233714 41.518233737450416
652 42.969239219233714 42.841231581853584
760 38.88468959555908 36.77581503579648
982 30.129902716243436 27.85958324119818
1003 27.85958324119818 26.78625658180978
1032 26.78625658180978 23.63033358583445
1053 23.63033358583445 23.457890461384835
1079 23.457890461384835 19.31782557374666
1083 23.457890461384835 22.84182082525291
1199 19.31782557374666 18.166875057355767
1214 18.166875057355767 17.755677921825097
1324 16.78647469228703 16.69454882481905
1334 16.69454882481905 15.938906114679597
1434 15.909241665191487 15.171201394038292

15 166.80578251209258 157.93000205977813
69 145.91675887113837 143.8793433768792
78 143.8793433768792 142.9892636670262
79 143.8793433768792 137.26746663215732
99 132.4816365480956 120.64756651394238
361 80.49937334821236 80.46401745290711
391 80.46401745290711 78.37418879778161
441 77.6717935310034 76.342445640625
481 73.15303104154202 69.10876934645346
491 69.10876934645346 68.31033262902879
500 68.31033262902879 66.16446700854749
510 66.16446700854749 63.60865094970569
531 63.60865094970569 61.82295955520235
671 47.32897115871028 41.45912408450748
692 41.45912408450748 40.19669298653398
853 32.79167092571575 32.222988206659736
973 28.471376718694202 26.20783474945054
1095 26.20783474945054 25.71515214587754
1102 25.71515214587754 25.06613763744447
1105 25.71515214587754 22.787848081182076
1121 22.787848081182076 21.021858168710892
1162 21.021858168710892 20.216319449497206
1171 20.216319449497206 18.913178918998057
1195 18.913178918998057 14.854816449039248

11 196.3949538245343 181.0742133512441
13 196.3949538245343 180.9840073818944
14 196.3949538245343 179.69779781003905
15 196.3949538245343 165.4043884207909
18 196.3949538245343 160.86488653941
160 121.25355452082576 119.3045651865903
220 101.1598876469476 93.81462470448025
441 80.27501738481595 79.47588240105918
600 67.18533656950251 64.50692454659443
610 64.50692454659443 62.36039833558237
622 62.36039833558237 61.436228424742914
632 61.436228424742914 56.11923201697225
732 51.7007112378912 39.99596346580179
762 39.99596346580179 34.65576419763147
903 33.70646848825611 30.9147202494201
933 30.9147202494201 30.748830775788107
963 30.748830775788107 27.028430706650326
1013 26.584513118085624 25.628811198663044
1030 25.116631018334203 24.990312567732175
1031 25.116631018334203 24.896909529464722
1032 25.116631018334203 22.81657991562679
1033 25.116631018334203 23.31457061209997
1053 20.73478065232021 16.705221673688783
1083 16.705221673688783 16.113163245378757

11 207.44702686839753 166.08901901837098
12 207.44702686839753 192.02984414770907
15 207.44702686839753 159.75105205136938
16 207.44702686839753 142.61158947777588
18 207.44702686839753 177.90355238836804
19 207.44702686839753 182.85949293526335
160 105.40137724582782 103.96780111279422
170 103.96780111279422 102.32855928577781
180 102.32855928577781 99.28643205618059
200 99.28643205618059 98.07898674146038
209 98.07898674146038 96.53107356075418
210 98.07898674146038 95.27944046765079
220 95.27944046765079 94.5497468288061
230 88.97145159855901 87.15037370324772
482 56.45319937215059 55.5802098402344
492 55.5802098402344 52.668614273051716
683 49.970853011071384 47.7947548827715
804 41.48756020869122 37.6400992790545
824 31.892678935054434 24.879294643727206
834 24.879294643727206 24.501261087933642

14 162.5728396915558 152.52071355973388
15 162.5728396915558 130.95681902167465
16 162.5728396915558 128.89514369555855
18 162.5728396915558 162.2043973964124
170 117.11610138343318 116.84279475302384
200 116.84279475302384 108.86098816745204
230 107.72868759260845 104.7802370384393
341 87.57613370999012 85.61747185045891
451 81.13265037461008 79.67601947124528
531 73.58241559792901 72.33971031013192
611 63.13774505067341 56.07109587122624
651 56.07109587122624 52.91615780782741
971 27.08968856852718 26.921235109638445
973 27.08968856852718 24.71999049272361
1013 24.71999049272361 21.08473299077187
1018 21.08473299077187 20.8067094615502
1213 17.917174066621143 17.865838100308906
1241 17.075944634555654 16.8059438830238
1254 16.8059438830238 16.705791394357533
1294 16.705791394357533 16.437658222271168
1415 16.373421155822612 16.129753976066254
1536 15.514183617990014 15.436735470310254
1556 15.364196334152155 15.259826095165863
1576 15.259826095165863 15.136621245279656
1586 15.136621245279656 14.998712651130631
1616 14.998712651130631 14.914691410288242
1626 14.914691410288242 14.805531702959442
1646 14.805531702959442 14.785285104363439
1837 14.29470311025409 14.136718799365099
2018 14.06552178993968 14.046400934654628

12 176.05561849492807 138.69234816187594
13 176.05561849492807 162.08527759589316
14 176.05561849492807 138.30790486455209
18 176.05561849492807 135.2497764364596
28 135.2497764364596 134.64692130928833
401 64.36697306129582 63.86478042847142
481 60.855062866498194 55.09239729904582
681 43.453117685922834 39.1567749226531
684 43.453117685922834 42.81255178284377
871 36.46920893167972 35.05698487790471
905 32.8065694493401 31.86587697041547
924 31.86587697041547 31.65471686902734
963 31.65471686902734 30.78584436311334
1049 30.78584436311334 30.198150922561453
1053 30.78584436311334 27.567644610253282
1101 27.567644610253282 26.570832257345927
1466 26.17183905503721 25.062024121975313
1609 25.062024121975313 24.909913824135828
1639 24.323116095054445 23.794488013524642
1699 23.794488013524642 23.78291235252469
1830 23.780219928523877 23.71095593643274
2021 23.435693515285422 23.435515065095217
2051 23.433714726621716 23.373050244653683
2151 23.182205052751044 23.179504221874012
2312 23.160879180591735 23.12346928934609
2463 23.122488356737136 23.110882209924256
2553 23.11064730377356 23.11015319977092
2563 23.109499191662493 23.108934461467385
2573 23.108934461467385 23.10851831307302
2583 23.10851831307302 23.107486163529828
2593 23.107486163529828 23.107323195776473
2613 23.10648768333148 23.10624735242874
2623 23.10624735242874 23.10499705680452
2633 23.10499705680452 23.10463602273964
2643 23.10463602273964 23.102273405939883
2653 23.102273405939883 23.101550415281423
2663 23.100607720092057 23.099323784118823
2673 23.099323784118823 23.098028800424117
2693 23.098028800424117 23.097264262867796
2703 23.097157889686898 23.095660483906613
2713 23.095660483906613 23.094085695282132
2803 23.086335163532965 23.086042392113967
2813 23.086042392113967 23.0810962758614
2984 23.04807817812683 23.02559780972969
3014 23.02559780972969 23.022064016909198

11 194.75668095588748 187.35402173317067
12 194.75668095588748 166.4946775368382
14 194.75668095588748 127.64773706526836
15 194.75668095588748 173.1119965287328
16 194.75668095588748 136.7294111558246
19 194.75668095588748 164.4004465885647
290 90.9948698651245 90.46140096296163
381 74.36230236172358 72.03400282853505
391 72.03400282853505 71.94566372387459
522 63.26411288663599 58.17329744393814
531 58.17329744393814 54.67436378025688
532 58.17329744393814 57.48107137010111
541 54.67436378025688 48.912866374472635
542 54.67436378025688 52.24591023656248
612 48.912866374472635 47.50968912323936
793 45.48584148112519 44.4836861840982
884 44.4836861840982 37.11591831419545
991 37.11591831419545 33.14285905422433
1100 33.14285905422433 32.806771358952446
1262 29.675692048428203 23.69176320918021
1493 23.288925787233794 22.365592049539543
1587 22.251461825068702 21.863196238423512
1607 20.36055892010627 20.21812151599366

13 179.21699649385135 165.7297682967195
18 179.21699649385135 151.69980456054492
39 151.69980456054492 150.97485658968162
190 124.94080124561842 123.49551784259731
653 64.54543854806023 57.0082634456082
775 38.04928094178147 36.47908933453837
883 36.47908933453837 34.27735044468248
892 34.27735044468248 32.06656611603924
904 32.06656611603924 26.216050546083665

13 200.1437497076928 184.7130703264663
14 200.1437497076928 161.80104097430205
15 200.1437497076928 195.33167479449526
17 200.1437497076928 195.18041639727932
19 200.1437497076928 198.82268208606087
119 140.84225536387092 129.84010416843606
491 61.87495048553264 61.49056449437637
502 61.49056449437637 60.71602910599162
512 60.71602910599162 59.341399948207034
545 59.341399948207034 57.16242852666139
571 57.16242852666139 53.15709063739133
601 53.15709063739133 51.23151899285503
662 46.41506097107964 45.0492438843213
671 45.0492438843213 41.17876923635421
803 41.17876923635421 41.08986638201711
944 34.95859542964668 34.88896075200253
974 34.88896075200253 34.460124336846775
984 34.460124336846775 33.0710301881586
1000 33.0710301881586 31.00705536715165
1014 31.00705536715165 30.700994305518662
1024 30.700994305518662 30.515792516455605
1043 30.515792516455605 30.219759168473786
1215 28.24472800774751 28.23348164931234
1245 28.23348164931234 27.974087656915444
1285 27.974087656915444 27.360091099239952
1456 26.646881420749693 26.59735496930753
1466 26.59735496930753 26.385189967354364
1476 26.385189967354364 26.362514718384745
1496 26.260035950137308 26.243352723172777
1506 26.243352723172777 26.17051132445326
1536 26.17051132445326 26.13237216272131
1546 26.12432514453387 26.069787010802713
1576 26.069787010802713 26.055071174101982
1626 26.055071174101982 26.02406807324897
1767 26.020543118423745 25.985929260218313
1978 25.982727767677403 25.961327193953522

13 192.06243099123387 165.86523238798327
15 192.06243099123387 187.65479017018941
17 192.06243099123387 158.71968773734739
18 192.06243099123387 165.60340448887305
19 192.06243099123387 176.6886208440232
39 158.71968773734739 155.2551431445723
49 153.03910621856687 145.80084113862586
89 141.24525308797047 139.6509068142006
98 139.6509068142006 138.05106733828703
99 139.6509068142006 139.07024513291978
128 135.00821250005916 132.09533129181477
139 130.3055833362284 129.155098823618
149 129.155098823618 121.71270854231649
159 118.274218061711 115.52569327346552
169 115.26605610386426 114.13236339840621
179 114.13236339840621 111.14309437121774
269 82.93803839803584 78.94430149614351
551 69.3881671685433 61.772694015096555
641 58.65443351821109 56.7820754597959
822 37.50075489939002 29.698004958278375
930 29.698004958278375 28.083626331988583
991 28.083626331988583 27.24920081449035
1002 27.24920081449035 26.619616608446464
1012 26.619616608446464 26.29436590625349
1018 26.29436590625349 25.82839513007987
1021 26.29436590625349 26.272371086966032
1062 25.82839513007987 21.8393259381928
1082 21.8393259381928 20.368608814173612
1192 17.49489280627256 16.17664945540959
1302 14.376255147035124 9.704273886740324
1372 8.599710074149115 7.947991836673097
1392 7.947991836673097 7.898885129419384
1523 7.898885121121765 7.479690949457321
1548 7.479690949457321 6.402244170991551
1660 6.402244170991551 5.6656019199947565
1761 5.6656019199947565 5.642140038949236
1807 5.642140038949236 4.846051470017414
1993 4.846051470017414 4.560503498323541
2054 4.560503498323541 4.471795382875982
2094 4.471795382875982 4.342405190456219
2225 4.340893059837512 4.31276028052136
2255 4.31276028052136 4.278516599305476
2426 4.269833752215689 4.165297303070361
2557 4.165096703809269 4.14986382281343
2698 4.148630452922092 4.141582597307064

11 198.54171585102125 187.03513985212194
15 198.54171585102125 156.57566417399266
17 198.54171585102125 170.49695646608384
18 198.54171585102125 146.39601692091765
19 198.54171585102125 153.88093184424127
503 67.84536355648193 63.84721964817168
522 56.22529090922411 51.56714542106714
855 23.866810296434053 23.817832021623587
983 23.817832021623587 22.126633951367452
1093 22.126633951367452 18.482420346451306
1094 22.126633951367452 20.664354857395764
1096 22.126633951367452 21.292813648966955
1105 18.482420346451306 17.966902833126056
1126 17.966902833126056 16.373538844639427
1136 16.373538844639427 15.564750278627741

12 171.3130956226608 150.37586721172346
15 171.3130956226608 124.8539352673757
16 171.3130956226608 156.19681439792816
17 171.3130956226608 154.16000233291436
18 171.3130956226608 148.82046396900344
59 114.02735933771032 113.80892835365384
69 113.29882543977459 111.40047387175835
240 91.19141395039271 91.1612907940426
492 53.27432799495212 50.74656482223933
502 50.74656482223933 49.86842580386726
732 28.988789023041065 27.92845830592705
813 27.92845830592705 24.868173511318616
943 24.868173511318616 24.23955831553178
955 24.23955831553178 20.99239662943637

11 203.85343990432474 190.8908600510968
13 203.85343990432474 167.06577394453257
14 203.85343990432474 159.17522034547744
15 203.85343990432474 150.81223691202197
16 203.85343990432474 173.89854146544747
17 203.85343990432474 183.5158051883227
18 203.85343990432474 190.83515966036202
19 203.85343990432474 192.81875581094857
33 142.40100519756655 138.6194414274838
79 129.34615446650264 129.10699198023957
109 125.81295724663404 122.19590141048471
139 118.14380506502798 116.44924215149037
189 115.32587996021492 114.29177788013475
229 114.27722439479965 112.34346248970778
269 108.63809742541466 105.31436459798697
430 84.56890898575597 76.23481817530306
462 76.23481817530306 73.57798551023988
520 73.57798551023988 71.5386546844634
550 71.5386546844634 70.24171738605966
600 66.42522915955702 64.40121797345786
610 64.40121797345786 63.96244778200876
620 61.764307381121554 60.5402796476409
630 60.5402796476409 60.41223523719255
660 60.41223523719255 59.25258751356059
679 59.25258751356059 57.111057286977584
831 44.27172791817096 43.041399785418584
850 43.041399785418584 42.2504037436927
881 42.2504037436927 41.76446806650096
911 41.76446806650096 40.64726711792336
921 40.64726711792336 39.977018175222085
951 39.977018175222085 36.84676788851906
980 36.84676788851906 33.40650251345946
1472 23.50132920665142 22.21769966863158
1524 22.21769966863158 21.7324941749103
1656 21.7324941749103 21.003281766389804

12 187.3539936499871 154.24100663045795
13 187.3539936499871 154.57630005551997
14 187.3539936499871 187.06870317723934
19 187.3539936499871 160.30107998473687
69 145.76185790319846 140.0160126048611
79 135.22700494622637 130.91886674173168
89 130.91886674173168 130.57266955013205
99 130.57266955013205 118.19995801244863
169 112.01577909226968 111.90693981962278
179 111.90693981962278 104.03832569067161
199 104.03832569067161 103.89196075513644
209 103.89196075513644 100.05756838636871
219 98.18204739870032 92.87635077704763
239 92.87635077704763 87.86153759478775
370 62.75518712004346 50.16031050545058
692 35.06636777621644 29.948964131526324
833 23.302259694368956 20.898037084802368
873 20.898037084802368 19.951067891138337
952 19.951067891138337 19.50795301754836
963 19.50795301754836 18.71617323372115
1043 17.346628069223996 15.140879900632271

12 179.16104928699048 157.06954883037446
15 179.16104928699048 104.61908342686422
16 179.16104928699048 130.5493867779787
18 179.16104928699048 154.08879874096053
19 179.16104928699048 163.67727722159012
351 63.72491602367583 62.25587966548464
623 48.61127657701627 44.092226297050445
822 43.660149903093135 41.531530642407134
854 41.531530642407134 36.936323275474656
873 36.936323275474656 34.33883209108808
903 34.33883209108808 33.47865425566064
939 33.47865425566064 33.399569677620946
954 33.399569677620946 32.17039535422916
1014 31.034631140299 29.852291585748006
1083 29.852291585748006 22.999245631024806
1084 29.852291585748006 29.571883373159807

12 199.09498286857016 193.05203805470848
14 199.09498286857016 178.86038418103374
15 199.09498286857016 122.00710244729328
16 199.09498286857016 194.61175837060716
17 199.09498286857016 157.61732669269162
69 119.92286163851445 117.50164984437711
99 117.50164984437711 114.50735939092904
139 114.50735939092904 111.2414186995058
229 99.51415448782596 94.8887088347108
641 69.1782582638143 67.7631955431533
681 67.7631955431533 60.396877389940954
710 60.396877389940954 58.2492813777373
761 52.27089046669384 40.703084450593614
772 40.703084450593614 39.667470326217405
822 39.667470326217405 33.306734510044365
832 33.306734510044365 32.2380994513199
841 32.2380994513199 31.412682863876142
852 31.412682863876142 24.912344129847284
922 24.912344129847284 24.561445185877034
972 24.561445185877034 24.022730306361808

11 192.72012708146696 137.948930839159
12 192.72012708146696 158.51039475246813
13 192.72012708146696 114.35221994204966
15 192.72012708146696 163.03836733911265
17 192.72012708146696 159.7370319326185
19 192.72012708146696 155.3197702196146
311 88.10061015234557 81.40989103115379
431 79.81022721366728 76.23836847870928
452 76.23836847870928 68.5032181246528
724 25.832003860503477 22.44191920969446
792 22.44191920969446 17.81046967771786
904 17.81046967771786 17.294488047848006
913 17.294488047848006 15.624870171398868
914 17.294488047848006 16.99411690165138
1074 13.905649121566839 13.710815997432036

11 177.1584147881864 88.19283746506669
12 177.1584147881864 171.69376093389297
13 177.1584147881864 176.48480624117585
15 177.1584147881864 162.66676924985933
16 177.1584147881864 137.029557558144
18 177.1584147881864 151.07139980025156
109 77.60742487362526 77.1522091236901
119 77.1522091236901 77.05107306492079
209 65.43380548819721 58.269859712637704
269 52.837716772506646 47.96925697715534
309 47.96925697715534 46.306531131313534
369 42.06144392901631 41.43882958611318
438 39.168283706071946 37.372453663021766
448 37.372453663021766 36.71096618603826
479 35.915378516646385 35.612447426857585
508 33.571198374350104 32.66517918585471
529 32.66517918585471 31.49885574351707
538 31.453127201396057 29.935724488136742
569 29.935724488136742 28.723133145610547
627 28.542111235013834 28.315914749277084
649 28.315914749277084 28.180517977113198
930 27.76638391624276 25.9654110393475
1543 25.817186845518407 24.72756867202017
1685 24.72756867202017 24.712890136724965
1707 24.712890136724965 23.969003458072535

12 176.60730577151776 173.61990829289576
14 176.60730577151776 154.08284276730848
16 176.60730577151776 170.68194615302906
19 176.60730577151776 162.66545339591886
39 154.08284276730848 148.82994046574885
148 130.39506194087662 127.84550339625162
160 125.57473350898869 121.40029750089873
381 94.54443987264185 88.00423030538305
401 88.00423030538305 84.42880089498335
411 84.42880089498335 80.00183589418694
612 47.40538162204851 44.23841274384406
961 32.36704308378536 32.19155777251267
975 32.19155777251267 31.922992293127436

11 204.0377968772324 196.29295058566976
13 204.0377968772324 144.31726947472782
14 204.0377968772324 195.74352994371554
15 204.0377968772324 192.88173441680175
17 204.0377968772324 146.33653220506784
18 204.0377968772324 112.12017502495016
19 204.0377968772324 173.2127773546517
190 104.2919130581418 102.33937922270675
200 102.33937922270675 100.24504101663928
219 100.24504101663928 99.81329105944111
220 100.24504101663928 97.02540114688999
240 97.02540114688999 96.76852772062036
300 96.7562802041188 95.47844486142267
329 95.47844486142267 94.75859337466026
589 72.20464549827398 69.55264840325852
592 72.20464549827398 66.62100103205564
671 65.01763594055967 64.41968296934644
682 64.41968296934644 61.063439864652395
702 60.57361779830812 59.24571692157931
952 30.96077719504649 30.582213923923973
1003 30.582213923923973 28.635067582805974
1053 28.635067582805974 26.319218980303944
1062 26.319218980303944 24.47306902440873
1170 24.47306902440873 21.53996519883617
1230 21.53996519883617 21.392146618948075
1242 21.392146618948075 17.364691857183814
1324 17.364691857183814 16.134925726801825
1646 15.165045911344535 13.262461244470458

11 177.92282650162338 150.7411824519716
13 177.92282650162338 150.8170643924774
15 177.92282650162338 176.614028518915
18 177.92282650162338 177.24205844938064
19 177.92282650162338 173.77041074645462
129 134.6683347278805 133.09799949499612
139 133.09799949499612 127.77125500137956
169 127.77125500137956 123.179138705752
300 108.32886951138651 107.04476387097469
316 107.04476387097469 103.57447358593744
320 107.04476387097469 104.01535579981051
328 103.57447358593744 101.2262785511316
330 103.57447358593744 101.15798893879573
388 99.406003031623 95.7229761854837
410 95.7229761854837 95.71554298610394
440 91.57042141917479 87.57393209772275
460 87.57393209772275 80.49463217476273
611 68.35919448744399 63.00289141044756
631 63.00289141044756 62.740396504791214
671 61.27632401446055 55.76184034379538
701 55.76184034379538 55.37236819383836
731 55.37236819383836 52.89596908095378
761 52.52332495524823 51.94114754635433
771 51.94114754635433 51.085069669580804
841 50.40579264078544 49.72615742910431
861 49.72615742910431 48.785456820645976
880 46.586286127485735 43.6376886837418
881 46.586286127485735 46.49668380536281
890 43.6376886837418 43.19049545277782
991 36.697670300339524 30.821631352208314
1201 23.464726702284935 22.857049784842772
1202 23.464726702284935 22.227303441397737

11 206.9119357700579 199.9609385322969
13 206.9119357700579 160.10284118717482
15 206.9119357700579 206.74672094959806
16 206.9119357700579 175.20127118939627
18 206.9119357700579 149.74157131666274
19 206.9119357700579 176.87159506085715
69 132.80415256326023 129.04297619667574
79 129.04297619667574 122.1157955665584
89 122.1157955665584 114.28868212440504
240 91.79447685484728 89.60242053204715
663 41.545788321665555 34.497199440926366
792 34.497199440926366 29.166450117222766
844 26.96525315706954 26.045501471224682
853 26.045501471224682 21.050746277502938
920 21.050746277502938 20.52608103282995
923 21.050746277502938 18.40050637945636

12 204.01893559551894 178.3411458062482
13 204.01893559551894 165.02446520009042
14 204.01893559551894 119.5547068531124
15 204.01893559551894 171.69076543399495
16 204.01893559551894 203.14853915806538
17 204.01893559551894 170.13714245709343
18 204.01893559551894 163.18951641651165
99 119.5547068531124 111.45831326802805
289 99.87967436102676 92.64075348326166
293 92.64075348326166 86.71753685090921
300 92.64075348326166 92.17432951143935
310 86.71753685090921 82.54234334950752
501 63.938823984427785 63.710590703789606
510 63.710590703789606 61.68212989724175
560 61.68212989724175 61.53301273580652
569 61.53301273580652 59.55040517887878
702 58.44731138384125 46.87027304178399
843 43.84172059157524 42.121105994021995
1082 34.02965873243511 30.522985565531172
1313 27.65945601101717 24.11068711118166
1327 24.11068711118166 20.613497170189888
1346 20.613497170189888 19.856556971662513
1356 19.856556971662513 18.45377307977067
1413 18.45377307977067 17.98170895746631
1451 17.98170895746631 17.74792670170467
1487 17.74792670170467 15.195876541348014

12 211.85149280172197 185.84825243284058
15 211.85149280172197 161.83744134197008
16 211.85149280172197 195.7021912476412
17 211.85149280172197 146.3891792646694
18 211.85149280172197 167.5319575168037
19 211.85149280172197 163.30468757930976
239 112.41120472444962 112.25858484337357
381 103.028785797959 98.29888671188161
391 98.29888671188161 97.3664224253964
431 87.05563262323442 86.04824639968689
531 67.03383436242922 62.3554804718585
843 32.6081579992167 29.301186735477643
1054 25.17329399450577 24.938579727801567
1064 24.938579727801567 22.61874971116434
1072 22.61874971116434 19.6857690530031
1082 19.6857690530031 18.27977519599625
1084 19.6857690530031 17.82894700925013
1092 17.82894700925013 17.50807830966862
1104 17.50807830966862 16.93155922251482
1114 16.93155922251482 10.257298963660844

13 177.1757668177557 133.2101685491827
14 177.1757668177557 147.10833508729718
18 177.1757668177557 175.56065540846896
119 123.08764400046798 112.67064209072224
300 91.10613053735337 89.47920109547019
310 89.47920109547019 88.67872026199929
380 77.62771225442714 74.06787072962187
410 74.06787072962187 73.2944593823249
480 70.59610209236777 66.54861421601763
550 53.77812124765655 50.25242756560145
881 41.706101187789514 38.15824619490197
1092 28.840445118793667 26.897903070347255
1100 26.897903070347255 25.55125049652446
1102 26.897903070347255 23.282224165611098
1143 23.282224165611098 21.60351641272358
1150 21.60351641272358 20.98447545824706
1162 20.98447545824706 18.953551586778048
1163 20.98447545824706 19.093071190718035
1183 18.953551586778048 16.706106266899937
1394 16.173137687092563 15.704419187146812
1404 15.704419187146812 15.43804339369558
1434 15.43804339369558 14.62493780581579
1585 14.623652136799123 14.610828602223336

11 266.5118822121877 170.25929850049405
12 266.5118822121877 160.53407548032558
13 266.5118822121877 171.4739757898247
14 266.5118822121877 230.26210244054153
15 266.5118822121877 179.21493716762689
16 266.5118822121877 178.6564973178571
17 266.5118822121877 176.97206770504852
18 266.5118822121877 174.07870086843837
19 266.5118822121877 165.1974959780291
29 160.53407548032558 159.34434728455585
49 152.5966792026438 150.5542986355647
58 150.5542986355647 147.9350088236115
59 150.5542986355647 148.81289498423922
68 147.9350088236115 140.97150337367086
79 140.97150337367086 140.80706489409206
89 140.80706489409206 135.86237525682373
98 135.86237525682373 134.45711272491386
99 135.86237525682373 128.7789318674081
109 125.23651602889143 119.29900846698605
482 78.38861870367009 77.83606075577681
582 59.29526706281212 55.18806967230981
734 39.97543994537302 39.85601314810158
915 39.85601314810158 34.85055147986829
960 34.85055147986829 30.54935084555244
962 34.85055147986829 27.227725229209796
970 27.227725229209796 26.022400187745447
1062 26.022400187745447 25.463713083766194
1105 25.463713083766194 20.767851800388357
1124 20.767851800388357 19.400372097381677
1325 19.400372097381677 18.38678513431904
1356 18.38678513431904 18.379390772743776
1376 18.08240167092508 17.959073410313366
1386 17.959073410313366 16.949230376168714
1476 16.948740229394943 16.905711099551553
1607 16.630210493414694 16.379873759067948
1627 16.379873759067948 16.25021526973171
1707 16.250215269243256 16.178604287673764
1828 16.176526063113528 16.102472478063135
1979 16.097045850465975 16.070225570068473

11 209.48119078220262 162.43646396204514
12 209.48119078220262 161.36048461822128
14 209.48119078220262 139.57609092738102
18 209.48119078220262 148.80217306297232
350 92.28680630231216 88.90925333218239
362 88.47379713842183 86.24470994481037
370 86.24470994481037 82.63585698123066
372 86.24470994481037 84.45232612290957
382 82.63585698123066 75.09951956939095
402 70.85290263883542 68.4855433314051
442 63.49701533922308 59.89112637233949
641 50.253979020276475 45.42997032068729
723 41.137476480874355 40.43549034087569
733 40.43549034087569 38.273999747125636
763 38.273999747125636 38.26632492773291
791 38.26632492773291 34.88841207207288
802 34.88841207207288 33.23229155015265
913 30.25849648697296 28.6230683337169
1034 26.617822609546266 23.053280968222495
1044 23.053280968222495 21.60347758464721
1123 21.60347758464721 19.53491196069929
1233 19.53491196069929 17.810952256323958
1293 17.810952256323958 13.665094257776886
1392 13.665094257776886 13.159020089550339

14 162.71751312691498 147.88903563040748
15 162.71751312691498 121.93518651723986
17 162.71751312691498 112.95135741340553
18 162.71751312691498 138.94107783362114
19 162.71751312691498 135.68530900821185
119 111.4928632889146 111.31942453937084
188 102.69913814329152 102.38649455110337
340 81.94736426791535 72.07969860818656
670 32.83500773387895 32.72216040252944
682 32.72216040252944 31.136726844858828
1003 30.163495072501007 29.889712577723714
1215 25.10837535408018 23.486750145014184
1235 23.486750145014184 23.02055226397269
1328 21.812602437571115 21.045067634746516
1345 21.045067634746516 20.087128078907128

12 159.05912390457064 136.95043426295587
18 159.05912390457064 132.6224109456487
19 159.05912390457064 154.72172448152554
150 127.3283702754462 121.46575825908029
341 80.22431634423734 79.04214338261355
351 79.04214338261355 77.92223203961902
431 72.49799297582533 66.20035660098283
692 45.922472704692126 41.844203776714856
693 45.922472704692126 42.163824010608316
702 41.844203776714856 41.71784103533825
713 41.71784103533825 40.20421316537548
831 31.90488662204163 30.743968017646765
843 30.743968017646765 25.460171011030553
904 25.460171011030553 23.089891666708866
924 23.089891666708866 21.668676122995038
982 21.668676122995038 14.960895246047059
1012 14.960895246047059 13.035404565254396
1079 13.035404565254396 12.624536093205506
1097 12.624536093205506 12.494129296917635
1109 12.494129296917635 9.547057197692595
1110 12.494129296917635 12.38649133876035
1270 9.547057197692595 8.457733007367409
1295 8.457733007367409 8.22880714746006

11 193.8499234208059 111.2058593372818
13 193.8499234208059 193.5847204367667
15 193.8499234208059 167.17401750324592
16 193.8499234208059 170.3697952767506
17 193.8499234208059 154.06861019892514
18 193.8499234208059 177.1027386748758
19 193.8499234208059 129.9817019278384
220 83.61238725604235 79.6834213786849
230 79.6834213786849 79.45545696456718
240 79.45545696456718 77.94063387193972
250 77.94063387193972 77.72358924728535
472 47.07603330404777 41.65768910072424
582 37.66499024996583 35.88970656343113
964 22.775128815734178 20.195440901967586
993 20.195440901967586 16.847589105764428
1035 16.847589105764428 16.82143580427909

14 180.25959102257912 134.11095085773036
16 180.25959102257912 144.03071807169178
17 180.25959102257912 166.94007376658257
18 180.25959102257912 142.8901701113414
19 180.25959102257912 174.0726973967927
29 134.11095085773036 131.32495785276845
341 97.79997205577715 97.76868960741066
351 89.29139588842517 87.10373056338481
411 83.86029254947826 83.7570059176935
492 71.28100753908244 58.05940661040914
623 45.64405115722768 38.3778695453414
662 38.3778695453414 34.93602987685276
702 34.93602987685276 33.60409742292751
924 32.7995388152428 26.59538293850325
1124 26.59538293850325 25.634982838896093

11 191.35612254793529 161.79797186056757
12 191.35612254793529 182.6435461885414
15 191.35612254793529 159.03686954305581
17 191.35612254793529 149.80471721400352
18 191.35612254793529 137.10256031257853
19 191.35612254793529 177.58483990062703
39 137.10256031257853 135.97666047019388
200 110.59298700524262 107.2872543342722
329 97.38502079541891 96.80583312651667
351 95.37601886181852 90.2422596876746
572 61.073306196654215 58.62609990101771
822 26.388003665827384 26.089441112677562
824 26.388003665827384 25.732366121444457
954 23.328513067745632 22.52246938657464
1122 21.891520312846268 17.224402246573902
1247 15.983864593344151 14.251759812855326
1577 11.839441311217868 11.781725376202559
1619 11.781725376202559 11.765738855868065
1628 11.765738855868065 10.839059232226091
1678 10.839059232226091 10.102343643559706
1870 9.754168872429986 9.75179908671086
1910 8.903201554539905 8.858720825497215
1930 8.858720825497215 8.710461289289896
2040 8.489507748374677 8.20288928110429
2050 8.20288928110429 8.167140089491056
2130 8.167140088978769 8.132909727080616

11 154.12666117827214 153.92264995410562
16 154.12666117827214 131.63050695015872
49 131.4365904049273 128.19640593032096
109 128.19640593032096 126.3720032885926
129 126.3720032885926 125.91941114547637
290 94.71092086705575 90.6075737888747
471 62.02233786483118 60.707204016313966
901 30.312164296568653 29.54878757814089
914 29.54878757814089 28.615145211569697
962 28.615145211569697 24.64930842317709
1011 24.64930842317709 21.502718797936836
1201 21.502718797936836 21.243867464229055
1211 21.243867464229055 20.32227314547002
1215 21.243867464229055 18.677811060575152

11 222.22222552356988 167.98730065718308
12 222.22222552356988 200.5056558316662
13 222.22222552356988 150.3088426381725
17 222.22222552356988 198.71668299558337
18 222.22222552356988 220.39673059085405
19 222.22222552356988 193.42158226490128
149 135.07382326770437 126.10566203525926
150 135.07382326770437 120.92342264907012
160 120.92342264907012 114.68339715222042
291 107.54790375768081 100.43917011985818
310 100.43917011985818 99.51698834143319
321 99.51698834143319 96.37354782919414
411 80.15862784803872 77.143249508786
572 66.89947819823243 65.22367000131797
582 63.63357193452717 61.29684078537856
883 39.55410158616514 33.84022760329401
970 32.58362944616458 31.074426278737477
983 31.074426278737477 27.638270952691173
984 31.074426278737477 23.96730812405582
1100 22.95402155065119 17.526431612497504
1164 17.526431612497504 16.748673618963664
1183 16.748673618963664 13.940736737772966
1194 13.940736737772966 13.733278854233802
1264 13.733278854233802 13.290936921783128
1304 13.290936921783128 13.217731618455971
1315 13.217731618455971 12.896985000427918
1335 12.816425837296237 12.057859004874757

11 226.66446601381676 220.88293951541485
12 226.66446601381676 161.23658715001753
13 226.66446601381676 201.0326515857122
15 226.66446601381676 185.5802512381055
16 226.66446601381676 137.29078622805798
17 226.66446601381676 197.87948199998664
18 226.66446601381676 153.79606966844378
19 226.66446601381676 189.3062085999802
170 127.32486937217217 118.87798295454591
351 86.90721949222129 80.38086889739367
542 67.73270574563959 51.50245419705868
622 38.99390057777748 35.39521181733198
632 35.39521181733198 24.44021471486417
642 24.44021471486417 23.001034453884586
752 21.779958919677966 19.975169550955655
772 19.975169550955655 19.287208438240754
972 18.92608999259329 14.049870184420044

110 115.72699519461457 100.53862079463438
473 64.72650465342399 45.57269714957802
543 41.63342237459756 38.59501620833352
602 34.51084570207708 33.55012953590412
613 33.55012953590412 33.13405524952938
623 33.13405524952938 25.64029689647346
812 24.16853180092467 22.040932018379692
822 22.040932018379692 21.528968371577506
844 21.528968371577506 20.83649329983291

90 137.29154092800457 128.14011468758696
120 128.14011468758696 120.0218332214036
331 87.29748038401502 86.23386969225557
341 86.23386969225557 83.08678292651449
351 83.08678292651449 82.98863532612947
512 58.950166935711955 55.44153934241562
642 51.02704259048271 46.846996880962976
693 46.846996880962976 40.48605967668958
762 40.48605967668958 38.8460271771937
793 33.88963927649617 20.030064312162793
954 18.426814512949903 18.12714118001516
964 18.12714118001516 15.99137639038885
992 15.99137639038885 14.782281400248053
1014 14.782281400248053 13.991130783218452
1339 13.634625756004525 13.486263651798296
1386 13.486263651798296 13.480521000038806
1420 13.453044545874675 12.806249197102488
1658 11.887094115361307 11.777068736977299
1779 11.723777827467387 11.370536950960897
1920 11.370536949373616 11.173628369960213
2041 11.007349943876036 10.539800527385452
2212 10.442104414939635 10.382868398048316
2333 10.382136817791533 10.26579164463783
2504 10.115332867712368 10.092524991135349
2685 10.088790051731564 10.061025039316078
2896 10.058966705135262 10.02869630525555

11 188.57224676986647 174.25098611351714
12 188.57224676986647 168.75568013651213
15 188.57224676986647 161.1749383239123
18 188.57224676986647 132.3946963484311
19 188.57224676986647 186.38748269420438
49 132.3946963484311 121.41333226410288
230 98.00593446823956 95.94408815173907
240 95.94408815173907 90.86395397881107
330 89.7876005289462 85.30852994651114
471 74.46634276984014 69.42568862669346
581 54.289984770182485 52.19025277234472
591 52.19025277234472 50.16804007195246
597 50.16804007195246 46.74822926542424
601 50.16804007195246 45.75261023750743
631 44.22413341414309 43.848004824337735
731 37.95266562656039 37.49816134775552
751 37.49816134775552 35.8346324319745
841 33.25782410702881 31.834608767513814
851 31.834608767513814 30.898201217963646
880 30.898201217963646 24.32732610397521
881 30.898201217963646 30.135919117069164

12 161.21275742349258 144.50048567602389
16 161.21275742349258 133.728681965222
17 161.21275742349258 141.43094462956694
39 126.65575269865238 123.74437962648096
49 122.39128324099816 118.99245816018734
402 69.659799031719 59.03296656822563
422 59.03296656822563 58.77782876045116
462 53.74175813317049 53.47764339760269
492 52.66491213943654 46.70000025617679
600 42.38168403158988 41.005989499696184
612 41.005989499696184 40.30677345984375
631 40.30677345984375 39.75430390227466
711 39.75430390227466 39.606430516439545
722 39.606430516439545 39.434790263262784
732 33.63388632291448 29.526320118635127
762 29.526320118635127 27.043547965781528
781 27.043547965781528 20.945705231882926
810 19.257580386901537 16.40615278840619
821 16.40615278840619 16.286526363885855
822 16.40615278840619 13.326951261845679
832 13.326951261845679 12.257218739475803
1153 10.064567796108548 9.137256238869966
1315 8.96447461411914 8.778985440513566
1325 8.778985440513566 8.705270657254047
1456 8.702440896433515 8.64463574345281
1607 8.639711958831427 8.576155692601105
1758 8.44422184253456 8.436870781743067
1899 8.201610317317929 8.165084845711732
2090 8.160125621746744 8.160009969395091
2100 8.160009969395091 8.157893135502562
2190 8.150378533154452 8.135494410044572
2250 8.135494410044572 8.133740369410845

11 208.994531697392 200.47513388730405
12 208.994531697392 171.07385151848774
13 208.994531697392 196.56396528485118
14 208.994531697392 181.47216835115398
15 208.994531697392 190.2487469235084
16 208.994531697392 203.80860653355148
17 208.994531697392 165.69354870501095
18 208.994531697392 207.50406284377277
19 208.994531697392 201.87929796388977
29 165.69354870501095 157.19032990853174
49 157.19032990853174 150.5111792863998
58 150.5111792863998 149.55925385498915
59 150.5111792863998 144.34838436759145
68 144.34838436759145 144.08601633815255
69 144.34838436759145 139.17122543908144
79 134.18481855337575 128.83702125787414
109 125.18435810013031 124.36654050737789
159 124.36654050737789 123.71560862806291
340 89.19035024255263 88.51400426003094
350 88.51400426003094 81.60950436749846
360 81.60950436749846 80.56340612326011
712 47.57036511740022 40.67848433240127
833 40.67848433240127 38.56353339660727
944 38.56353339660727 33.38420204674985
974 33.38420204674985 32.6788258586724
994 32.6788258586724 25.922850742266462
1094 25.922850742266462 23.26730789406416
1119 23.26730789406416 21.44723793469717
1144 21.44723793469717 18.713225157267544
1221 18.713225157267544 18.626939574995674
1223 18.713225157267544 18.481432759783686
1264 18.481432759783686 17.700289456476312
1284 17.700289456476312 15.71289169975023
1314 15.71289169975023 14.973362962757847
1334 14.973362962757847 14.632177701542176

11 230.22538565171175 203.69019870243895
12 230.22538565171175 195.2456016937503
13 230.22538565171175 169.2932613368044
14 230.22538565171175 201.38013594573738
15 230.22538565171175 139.01328189479665
17 230.22538565171175 156.88319913751954
18 230.22538565171175 185.5979921784047
19 230.22538565171175 148.46513458902498
229 88.14944728192154 85.95690116834214
250 85.95690116834214 85.9411801113412
462 70.3353628300614 66.63604957086216
600 56.88815984571194 50.49456244408942
603 56.88815984571194 55.867735380820896
612 50.49456244408942 49.98150956435127
623 49.98150956435127 47.99672562744091
719 47.99672562744091 45.116660635337865
733 45.116660635337865 45.105736228767654
742 45.105736228767654 38.35757688876492
823 38.35757688876492 37.70516356808661
893 37.70516356808661 35.202695189111665
903 35.202695189111665 32.13555518127457
968 31.821090841195186 31.530213355294606
970 31.821090841195186 31.445689394964177
983 31.445689394964177 30.789615183013225
1000 30.789615183013225 30.184056203246683
1003 30.789615183013225 28.90598304292351
1032 28.90598304292351 28.56008278133295
1038 28.56008278133295 28.002040861560758
1039 28.56008278133295 27.57505758283685
1120 27.57505758283685 27.09664071808659
1126 27.09664071808659 26.192360975265416
1254 25.270375833809624 24.507959524564527
1323 24.507959524564527 22.771989877719136
1409 22.771989877719136 21.167841112201458
1424 21.167841112201458 20.872434469499268
1523 20.683465025872493 20.632420785848197
1564 20.632420785848197 20.621149225751324
1571 20.621149225751324 20.46409222267843
1574 20.621149225751324 20.44150678883051
1583 20.44150678883051 20.310550598886522
1601 20.310550598886522 20.25521688270598
1604 20.310550598886522 20.264846561743852
1613 20.25521688270598 19.717827139662887
1674 19.71715487347751 19.6637108386105
1713 19.6637108386105 19.347891532973023
1845 19.340330616952244 19.225608190923595
1996 19.225305627050147 19.191807697785563
2117 19.1887880068697 19.168329076941802
2288 19.166416747070002 19.146799737500288
2489 19.14361828587893 19.121215806781706
2630 19.12074471921011 19.067844260280438

89 112.90953187445696 108.74212713086563
100 107.1134791450862 95.74087482532119
321 74.23127354875608 62.62399931070251
521 51.155717304648974 48.06356139234463
522 51.155717304648974 50.04971593259793
541 48.06356139234463 45.43933120519215
552 45.43933120519215 44.60764331129219
582 44.60764331129219 38.133358720495295
692 24.077399950623843 23.470239444830312
802 23.470239444830312 23.178409857377673
822 23.178409857377673 22.56139410697179
832 22.56139410697179 19.36719224243322
912 16.943745971151372 14.618354592584083
1002 13.52475919153629 12.992419684155777
1012 12.992419684155777 12.411257601596233
1058 12.411257601596233 9.624559924075683

11 223.8759927645002 190.43956891706262
12 223.8759927645002 200.73013155727307
13 223.8759927645002 148.03827565662408
14 223.8759927645002 157.4398224632473
15 223.8759927645002 175.10982083491433
16 223.8759927645002 206.97266832944672
17 223.8759927645002 170.0118035390259
18 223.8759927645002 167.30719370776222
19 223.8759927645002 148.96836811485895
29 148.03827565662408 144.93184311370993
48 139.23595897928942 138.2446173033568
261 103.41229924365292 96.4636727891214
301 96.4636727891214 85.64285876390744
381 83.22306199659096 79.53707076311981
391 78.73266687132349 74.64418766303574
572 48.78729171749736 44.10731035702008
582 44.10731035702008 36.330970313079376
602 36.330970313079376 33.22256844722111
803 25.401735455578006 23.6447491300556
921 23.6447491300556 22.822715971225946
923 23.6447491300556 23.490863280781227
1030 22.822715971225946 21.666763677490763
1034 22.822715971225946 22.5288746461559
1194 18.08424295582681 13.38871137052655
1367 13.38871137052655 13.342922853820639
1477 12.803086989261388 12.76498203567941
1688 12.290399761210736 12.236907067680093
1839 12.220425286145883 12.199096745185514

18 152.65765147499195 107.48429135324886
179 86.46373810335088 78.79608771865111
230 78.79608771865111 75.75136346131168
250 75.75136346131168 70.15390094401715
310 67.95093206698975 60.66986030472423
330 60.66986030472423 58.87256703458834
350 58.87256703458834 57.69563532522141
400 57.69563532522141 57.24406259420899
420 57.24406259420899 57.169758411103
450 54.90765502424156 52.91295240949056
782 33.26760551539445 32.73749832852472
863 28.838109686329645 26.613692953142575
953 26.613692953142575 26.591627899689172

11 159.71209384738398 145.5986400437861
14 159.71209384738398 104.58674688400325
16 159.71209384738398 124.6814241489609
150 77.87320739522471 77.42304214267018
412 50.769919438777094 40.87501778794734
532 38.04131981339727 38.03977425639548
714 20.603949881615236 19.79372253500577
734 19.79372253500577 19.43696622135826
744 19.43696622135826 18.517764171860833
932 14.421965077427387 13.187482676555177
945 13.187482676555177 12.329160510540305
1176 12.263672177982215 11.08731215881032

11 237.5489569162795 181.37124632180496
12 237.5489569162795 226.40290648314607
13 237.5489569162795 227.13307294513766
14 237.5489569162795 177.82349450536648
15 237.5489569162795 183.6886505188587
16 237.5489569162795 171.52331550448713
17 237.5489569162795 175.76148147543398
18 237.5489569162795 211.86263163400008
28 171.52331550448713 169.17031829610818
39 165.52266408867015 163.2336459232654
79 162.90692364026805 161.2842922851727
89 158.00741645093194 152.7810297783736
99 150.5052089690883 147.79585797273705
109 147.79585797273705 139.72175497877058
119 132.78568436283518 129.14325969485378
129 129.14325969485378 126.2633782052642
139 126.2633782052642 118.20488538264945
149 118.20488538264945 108.58129532886292
159 108.58129532886292 95.96418014765125
461 90.57773043989017 85.52513447260523
479 85.52513447260523 78.69838205443654
481 85.52513447260523 81.49038378681064
491 78.69838205443654 58.00429882461766
551 57.774918231056574 53.495214202475125
561 53.495214202475125 42.449047539607385
712 35.36070611469178 33.912872845226744
722 33.912872845226744 33.852185459890265
851 28.620175657930986 26.862058064742698
853 28.620175657930986 28.468383806075252
902 25.58906660369837 19.568870785205775
942 19.568870785205775 18.436177569833276
1001 18.436177569833276 16.942602303175775
1028 16.942602303175775 16.357682821361777
1033 16.942602303175775 16.237141682783772
1151 16.237141682783772 15.259301011150129
1164 15.259301011150129 14.693955392748094
1228 13.802936258547462 12.919312518122098
1284 12.919312518122098 12.53721748857393

11 201.08716980853237 177.16276372252048
13 201.08716980853237 162.42461243282003
14 201.08716980853237 191.72235479287315
15 201.08716980853237 173.59450498188346
18 201.08716980853237 131.39965849292352
19 201.08716980853237 157.95197206108008
69 120.73082505999493 120.14916119097283
270 84.4895696373727 70.84188081997632
633 42.088751221492146 40.37049289543703
754 34.96338685158024 26.938611076906696
850 26.938611076906696 25.956735847539335
864 25.956735847539335 22.625328902630343
874 22.625328902630343 22.23792223727277

12 183.0524183691985 181.20873101367104
13 183.0524183691985 175.13182410306328
15 183.0524183691985 170.82464430067859
16 183.0524183691985 174.93166551513784
17 183.0524183691985 145.6448883385583
19 183.0524183691985 166.0999087687946
150 127.74137113393152 110.52029157388934
230 104.71466816359118 100.74617838580266
240 100.74617838580266 87.29211331072003
270 87.29211331072003 84.70709467935009
290 84.70709467935009 77.8070204366542
434 68.87427340599521 67.96736858989603
451 67.96736858989603 63.291593573144425
501 57.220579607889064 54.07881610564558
622 49.50122602357722 44.48965260446316
672 44.48965260446316 43.42406279422317
772 42.32880379876601 39.746998315370746
792 39.746998315370746 39.64444926277006
850 39.426333999952284 35.9939936188095
1073 26.781542278616485 25.50734714125612
1083 25.50734714125612 25.279062254014903

11 147.98393999415146 139.90660461668847
29 139.90660461668847 139.86291625765548
69 136.69942066001798 133.79232726238635
212 116.19206297975126 115.08005776952979
220 116.19206297975126 114.83566615442912
230 110.12334802891917 106.41014881264316
361 85.28299402745601 84.58767343800413
381 84.58767343800413 84.37294173121272
390 84.37294173121272 80.09012205145856
451 80.09012205145856 78.78933077737622
461 76.73263763032301 74.87088164857647
491 74.87088164857647 72.37299350913045
510 62.46408232549379 60.35394640108767
521 60.35394640108767 53.48707844776043
531 53.48707844776043 53.40260942910294
601 44.70790696484261 44.414080630618365
670 44.414080630618365 44.38317953351576
671 44.414080630618365 42.29201023295171
681 42.29201023295171 41.68760336242626
699 41.68760336242626 41.26382018897952
700 41.68760336242626 36.62743155036336
1043 23.233388673501054 21.95759703977096
1054 21.95759703977096 20.334201388137686
1202 20.22428501006428 20.217048593339584
1215 20.217048593339584 20.20728215133053
1325 20.14929017665054 19.787246472332782
1435 19.787246472332782 19.780495719713258
1445 19.780495719713258 19.30539205087298
1586 17.529176443759866 17.260296480924296
1606 16.926251583413347 16.875508907405987
1656 15.761325900341234 15.730240206798072
1696 15.730240206798072 15.654333135180067
1817 15.64879088691383 15.629873325334671
1958 15.47064111067445 15.410482938494994
2038 15.410482936793201 15.38349120566356
2199 15.375809654482609 15.366453852838845
2299 15.366329930006188 15.36446540331076
2309 15.36446540331076 15.363100686835367
2329 15.363100686835367 15.361946328681569
2440 15.347394993679444 15.199849094607785
2601 15.176114537192888 15.141400847610043
2732 15.136338094946638 15.042572611866618
2903 15.036329953095333 15.015694619369413

14 203.1682832076817 167.93563213422237
16 203.1682832076817 181.0994892056953
19 203.1682832076817 193.07298453278702
150 123.59177267523566 122.00275594900242
361 110.9942301455109 107.02411930744469
379 107.02411930744469 106.36772794504445
380 107.02411930744469 104.19160819438555
391 100.43111206240135 96.41099184501245
451 96.41099184501245 81.28108643629695
691 53.59969776521023 44.37574924363171
824 38.05589790339327 36.45934558224421
914 27.178975982483124 22.091555946279755
1044 20.233684919241 19.068514585101198
1071 19.068514585101198 17.586721138538238
1111 17.586721138538238 16.72126002727255
1124 16.72126002727255 15.061845942185414

160 115.83687552779526 110.27469436358554
372 86.27094191289602 78.13462084989006
442 74.7245662781331 70.5610050077466
542 70.5610050077466 70.33006184626689
622 64.3589218914565 50.87890594935078
764 50.87890594935078 46.39292788785688
794 43.89010650273564 35.77759985479446
803 35.77759985479446 34.118013956813584
893 34.118013956813584 27.192779660707657
1035 27.192779660707657 25.941460043701596
1121 24.752634912474605 23.411551943339404
1297 23.170785198452023 22.901532049225125
1327 22.901532049225125 22.353954164577445
1337 22.353954164577445 22.30461052052243
1363 22.30461052052243 22.069453552810586
1377 22.069453552810586 21.078790101857464
1417 21.075930991685354 20.813320903552594
1689 20.140859601329794 20.136022188873667
1699 20.136022188873667 20.019439541989527

12 203.30891506905652 178.91202659632484
13 203.30891506905652 153.79789036521427
14 203.30891506905652 138.05340774005685
15 203.30891506905652 196.3463120406267
16 203.30891506905652 144.38587908865208
17 203.30891506905652 167.31222181569046
18 203.30891506905652 167.18253576643923
19 203.30891506905652 125.18206467061898
99 113.82501512812311 109.88303042835634
220 95.53191242474294 95.27401764760589
230 95.27401764760589 92.7089755171229
250 92.7089755171229 84.71569274058683
280 77.69455330353827 74.30420519375829
290 74.30420519375829 64.27413955999026
300 64.27413955999026 61.433168271688146
310 61.433168271688146 56.94025817742822
340 56.94025817742822 53.372500648483985
370 53.372500648483985 52.78248565473886
409 51.85482833969813 45.3552460654377
479 42.223364825408765 42.164878946047146
500 42.164878946047146 41.13906591830131
570 41.13906591830131 36.01939680429369
881 24.30115528686565 18.930056234020697
920 18.930056234020697 18.74227785615753
972 18.74227785615753 17.14085929398476
1193 15.52085370348891 15.457747170591034
1263 15.457747170591034 15.161903511570301
1283 14.900264324250415 14.731493118657795
1293 14.731493118657795 14.444977298755617
1323 14.263311801903313 14.19186433305103
1333 14.19186433305103 14.01831440721071
1343 14.01831440721071 13.680830606659455
1422 13.460431018175186 12.933594645611592
1423 13.460431018175186 13.298174409439184

11 196.910841773819 120.79013413822366
12 196.910841773819 142.64745073343065
13 196.910841773819 195.55843080137058
14 196.910841773819 179.70919504954716
16 196.910841773819 155.27423841588626
18 196.910841773819 194.6415688552039
19 196.910841773819 138.04698932070704
229 100.40741202647494 96.83445659552996
371 86.0914840643212 83.43382686192331
511 73.35444905578794 72.75798314954872
533 71.91924244004807 70.45406238506133
633 69.01041058494759 57.55789643629379
743 55.1198529615147 49.973540508655034
838 49.24550201685912 46.188929121429624
840 49.24550201685912 46.03288731088147
851 46.03288731088147 39.51655960732582
1001 27.429699962523728 26.638508222035668
1014 26.638508222035668 25.927304566002817
1033 25.927304566002817 24.095280186826542
1044 24.095280186826542 23.444102493105163
1049 23.444102493105163 22.770845243704088
1051 23.444102493105163 21.905289103730382
1104 21.905289103730382 20.921885114363675
1122 20.921885114363675 18.754954373414193
1254 18.754954373414193 16.631895438301854
1344 16.631895438301854 15.572548030776161

12 179.84393976499396 165.32538020831734
14 179.84393976499396 174.1226591643749
17 179.84393976499396 133.75634005004417
18 179.84393976499396 96.88800997220437
291 84.1950586101638 82.93148964664917
755 40.59905063694738 37.870032609354894
765 37.870032609354894 37.24546932980155
835 37.23918567294855 35.789579529849405
920 35.789579529849405 32.72173053257188
1061 32.72173053257188 30.745901908922605
1084 30.745901908922605 28.953907363700537

13 176.00568695332316 160.97559505365712
15 176.00568695332316 172.80924278346487
19 176.00568695332316 161.1634118973489
28 160.97559505365712 152.57742663368222
49 150.8855335777943 149.9750177065732
59 149.9750177065732 140.33664458887267
88 134.74830494930148 133.25374000497683
89 134.74830494930148 133.3135324579543
98 133.25374000497683 127.50524064396139
99 133.25374000497683 129.86642751443873
108 127.50524064396139 122.65238567988307
119 121.91444156274989 121.50816977707889
129 121.50816977707889 118.78169110231937
240 88.21925864218302 83.7023399552298
330 80.32529511704044 75.0006797318213
340 75.0006797318213 74.68784633705374
390 74.68784633705374 69.55067979902627
400 69.55067979902627 65.21338262164777
410 65.21338262164777 58.497913216226436
490 51.21691243399819 50.50757231734768
510 50.50757231734768 50.41756070890459
550 49.90996417701835 47.8271808972653
580 47.8271808972653 47.228229359766985
589 47.228229359766985 47.11061958015855
610 46.816068147293635 46.46078740606737
639 45.28033217542934 44.04997945111507
1002 36.0893568259794 28.395188487376117
1003 36.0893568259794 34.935657864037424
1032 28.395188487376117 26.990250056526392
1062 26.990250056526392 21.28739354501539
1697 15.881242502560141 15.7883172595172
1726 15.7883172595172 15.134399761639884
1728 15.7883172595172 15.759618595605161
1859 15.134399761639884 15.058287718010632
1899 14.979951477866322 14.471804665768516
1909 14.471804665768516 14.03492675814671

12 137.75379223421658 122.2764748531161
29 122.2764748531161 120.48247328437724
200 106.90309783253024 105.5960700779927
220 105.5960700779927 103.66949122517542
230 103.66949122517542 97.45020344525594
259 97.45020344525594 95.18136513473323
270 94.16005085015207 91.6497228460575
330 82.05267257170868 79.41223798935188
340 79.41223798935188 73.59157909989125
370 73.59157909989125 72.0854123618402
379 72.0854123618402 69.67339294449889
390 67.23263867104478 60.87452947971353
580 48.14063373053824 41.78317779782695
590 41.78317779782695 38.680293465685494
611 38.680293465685494 38.5654851731008
651 38.5654851731008 37.25873853044578
681 37.04977266559496 36.31475057805487
700 36.31475057805487 35.26856944578505
919 31.013914789856315 29.97212279025908
948 29.97212279025908 27.62425262100635
951 29.97212279025908 28.766815346803384
971 27.62425262100635 23.33640702323804
1082 20.994418107933427 19.924275803121304
1101 19.83843877641428 19.13097230895707
1112 19.13097230895707 18.104896815000103
1131 18.104896815000103 17.828009420692695
1151 17.828009420692695 17.03017478104931
1282 16.18503860857561 15.198348593187603
1293 15.198348593187603 15.181945734744403
1322 15.181945734744403 15.18127415842413
1333 15.18127415842413 15.180678284352012
1371 15.180678284352012 14.597820140610793
1644 12.589438290686488 12.55584622019964
1665 12.078322199908797 11.560173639418139
1725 11.560173639418139 11.434696790916703
1745 11.434696790916703 11.30541719003699
1775 11.30541719003699 11.127533116314197
2067 11.061726391254354 10.958070228867669
2147 10.958070228867669 10.948557598332613
2268 10.924503193547011 10.816253911482718
2389 10.454634765429006 10.403812449679492
2419 10.403812449679492 10.309807926821122

