pass_rich_rastrigin2_step1_poor10rich0
eval_cnt worst_rich_fitness new_rich_fitness
13 35.23410228994429 5.477896353309976
14 35.23410228994429 13.43166751449662
15 35.23410228994429 6.812455113852948
16 35.23410228994429 23.21520182654845
17 35.23410228994429 33.844128880730516
39 4.7320065774052615 3.5205636000921103
59 3.5205636000921103 3.5096237196492055
250 1.1005476593465566 0.9187623484751981
571 0.08794084944621972 0.015371776939488768
733 0.015371776939488768 0.012391871213914385
801 0.012391871213914385 0.0031097983055801137
837 0.0031097983055801137 0.0019251755897187195
1175 0.001503618819974406 0.0014033268176305569
1185 0.0014033268176305569 0.0012793180247960834

12 48.830612329990934 41.96300758536648
13 48.830612329990934 19.704638421631586
14 48.830612329990934 32.33712883170484
16 48.830612329990934 42.14802606277917
17 48.830612329990934 46.98394451889473
18 48.830612329990934 31.164895788507067
89 19.65474351059938 16.271600190342035
169 12.43920692347999 11.561960296688198
179 11.561960296688198 9.972525652816996
189 9.972525652816996 9.79151726526418
198 9.79151726526418 9.703448832216338
208 9.703448832216338 7.176490653248342
209 9.703448832216338 9.540918293513897
219 7.176490653248342 5.827168093075585
239 5.750134090832567 4.424747711282038
319 4.027062764408896 3.9807993405527142
760 0.10184695065894545 0.004095124806294592

14 42.127524620523616 19.973932388563238
15 42.127524620523616 2.2383939655069582
16 42.127524620523616 41.01129165825958
17 42.127524620523616 18.070379970743996
18 42.127524620523616 40.710338301002395
381 1.9959872491190112 1.1219321558291426
472 1.1219321558291426 1.098317453111779
490 1.098317453111779 1.0702633845989702
491 1.098317453111779 1.0319723456489243
519 1.0319723456489243 1.02343377519243
568 1.02343377519243 1.0130710033739376
609 1.0130710033739376 1.0126570592285802
687 1.0126570592285802 1.0068524774732985
721 1.0068524774732985 0.9971183284656213
6271 0.9949590574340696 0.004685303081764403
7037 0.004685303081764403 0.0019094216978210454

12 35.19470563669838 16.518819263838346
17 35.19470563669838 35.18040290404672
449 1.9901224561839115 1.280991844888561
581 1.280991844888561 0.8245295349073984
702 0.39981425346076094 0.041683550912104295
704 0.39981425346076094 0.2893973622645305
869 0.041683550912104295 0.03671179300385319
895 0.6617973247755877 0.022122852747330057
934 0.022122852747330057 0.009212005902057285
1035 0.009212005902057285 0.00707104310558293
1075 0.00707104310558293 0.0015351229348858908

68 20.800363564348775 19.944739226656715
77 19.944739226656715 19.941519396681997
79 19.944739226656715 19.203447619009246
88 18.78952554159816 18.7878198388061
89 18.78952554159816 17.91147365326558
187 17.91147365326558 17.16760537171586
239 16.332775103510038 16.21793530484032
249 16.21793530484032 12.64252303455287
259 12.64252303455287 10.14549339116091
511 8.973570821477718 6.338055148773833
591 6.312854615658146 5.895428139519499
621 5.895428139519499 5.548407504955808
631 5.40367987984601 5.281367992908958
661 5.091453298233375 5.002846007780516
700 5.002846007780516 4.602459177260478
751 4.602459177260478 4.105414582661902
790 4.105414582661902 4.095162470137014
830 4.095162470137014 4.0179281655025
860 4.00767006128264 3.9822168532349416
880 3.9822168532349416 3.373944636255519
911 3.373944636255519 2.4287207000135673
2740 0.9949590820485241 0.28288651039586554
2941 0.1527886507020817 0.04990897609970446
3103 0.04990897609970446 0.03799158591773377
3399 0.03799158591773377 0.00018261706236444297

11 44.6236403683174 37.062915761240845
14 44.6236403683174 40.936992878068544
16 44.6236403683174 36.28986369243128
17 44.6236403683174 43.423718806591374
18 44.6236403683174 25.55057174396476
19 44.6236403683174 38.29950754640574
79 20.444946811769114 15.983251521011907
84 15.983251521011907 14.407438463974366
93 14.407438463974366 11.350452936602146
96 14.407438463974366 11.888814390884487
108 11.350452936602146 10.563532939183805
109 11.350452936602146 10.61531999567416
118 10.563532939183805 9.610213847731222
129 6.929041326937725 5.768347926530261
148 5.768347926530261 4.539216987877971
320 4.024859076533339 3.6995608067822623
561 0.2450741764069022 0.07928700591083526
582 0.07928700591083526 0.061856161000541476
612 0.061856161000541476 0.04644987360515884
681 0.04644987360515884 0.01581984472566944
791 0.012890502410705551 0.008041794892385212
1064 0.007996670457636412 0.00437490427838938
1101 0.00437490427838938 0.0006921974834952493

11 36.56215972560944 32.3746866112821
12 36.56215972560944 25.830698858070868
14 36.56215972560944 33.77314007731993
15 36.56215972560944 34.506577778599045
16 36.56215972560944 26.308572652495982
17 36.56215972560944 27.213606017240124
18 36.56215972560944 26.747115153522024
19 36.56215972560944 32.12432775295372
27 25.830698858070868 23.215028967037966
29 25.830698858070868 21.06603238190106
39 21.06603238190106 19.185007393557157
49 19.185007393557157 16.88880976380316
68 13.728146219736399 13.178660530239299
79 13.178660530239299 8.645204279765847
99 8.645204279765847 7.8505748554894765
109 7.8505748554894765 6.652767177390565
250 5.609908588617687 4.1223669176247775
360 4.1223669176247775 4.070101135303705
390 2.6024923099025443 2.4261862021326444
391 2.6024923099025443 2.2118757944391376
401 2.2118757944391376 2.060822134834499
411 2.060822134834499 2.022623658628163
441 2.022623658628163 2.008054486187543
480 2.008054486187543 1.1139406343304614
631 1.1139406343304614 1.0527231365323466
763 1.0264490018578982 1.0156109582344968
843 1.0156109582344968 0.9997153006262103
943 0.9997153006262103 0.445050260155746
1041 0.136275467066568 0.09890575517558631
1069 0.03348313549017945 0.01710480648890922
1131 0.01710480648890922 0.0026647068327179113

52 6.214135141869502 4.449422469123217
70 4.449422469123217 3.2088794448513482
90 2.7240093754634813 2.2544343516614376
100 2.2544343516614376 2.062896775937304
130 2.062896775937304 2.023901601691744
159 2.023901601691744 2.0110923519166235
218 2.0104431968387964 1.497595637976115
401 1.497595637976115 1.4618834101903992
410 1.4520395774142827 1.422113391224464
411 1.4520395774142827 1.041766931604574
430 1.041766931604574 1.0067549945597136
440 1.0067549945597136 0.9976248204574603
6027 0.994959057785632 0.2048860202399041
6565 0.2048860202399041 0.17519640260422875

16 21.01339169570616 20.190813018226553
29 20.190813018226553 19.27797734922823
49 19.27797734922823 16.839074826746334
69 12.823726240751634 12.60890103625047
230 3.967008462628197 2.7567160055666378
240 2.6116779587801346 1.5531921103613158
542 0.025425213303101657 0.024400793553081
673 0.024400793553081 0.013368201808372504

11 35.001524966840456 25.620546289901817
13 35.001524966840456 28.694938880954115
15 35.001524966840456 28.685902815644486
17 35.001524966840456 23.37538617509727
28 23.37538617509727 23.148627973397126
29 23.37538617509727 19.939868342383388
58 19.939868342383388 19.26010487365444
67 19.26010487365444 18.600945378193785
69 19.26010487365444 15.173217121182166
269 1.0689039040611945 0.2583590759433676

11 30.163193832824042 23.356258314693186
12 30.163193832824042 16.17611923818321
15 30.163193832824042 20.569773767482722
19 30.163193832824042 19.418595625515188
39 16.17611923818321 14.05417824930495
49 14.05417824930495 13.385642708491485
59 13.385642708491485 11.20156867010939
381 2.0429817995660713 2.0115451203185373
502 2.0115451203185373 1.9912945739300554
608 1.9910812813993104 1.511419116692629
730 1.511419116692629 1.4884729805707337
742 1.216499235407717 1.0720659258046226
772 1.0720659258046226 1.0499970976218052
817 1.0499970976218052 1.0193774580236195
878 1.0193774580236195 1.0174248152285372
991 1.0174248152285372 1.0022354331421965
1121 0.9987962227999958 0.9973294761474563
2561 0.9949590586941355 0.40825362413039556
2608 0.40825362413039556 0.15733369039961786
2664 0.15733369039961786 0.09627968011197652
2849 0.0875886485539965 0.07801703692753392
3112 0.07801703692753392 0.002415749496513797

13 28.695476682530987 4.011181529936895
14 28.695476682530987 23.568093975589864
15 28.695476682530987 27.444339035844127
16 28.695476682530987 23.54820311392492
140 1.216238995819019 1.0612268355984682
160 1.0612268355984682 1.031353398010232
250 1.027340831457611 1.0117268366466696
461 1.001308945001739 0.9955490342291355
799 0.9949911652658585 0.6176078827190352
892 0.12459756199264405 0.10739184223514542
934 0.10739184223514542 0.059944962098882115
1134 0.05950960524926785 0.023077543632101793
1155 0.023077543632101793 0.012525804330913104

11 40.23215094330791 32.81966636677903
13 40.23215094330791 33.97596723901488
14 40.23215094330791 33.318032088292014
15 40.23215094330791 8.009209681880069
16 40.23215094330791 36.921726698219146
140 5.115561099830154 4.158504171077487
291 2.4831251324893913 2.0819276732552012
401 2.0819276732552012 2.079725650047809
441 2.079725650047809 0.9972960776603337
859 0.9962533659152584 0.13189078087295059
961 0.13189078087295059 0.0065897784370179124

11 51.72415309722783 30.246350031480574
12 51.72415309722783 36.359878146330416
13 51.72415309722783 39.266669433425804
14 51.72415309722783 45.93688038997672
15 51.72415309722783 47.06720329280304
16 51.72415309722783 22.784041349575478
17 51.72415309722783 24.41094460629535
18 51.72415309722783 33.70606029144891
19 51.72415309722783 39.57130577093679
39 22.784041349575478 21.00868331008928
58 21.00868331008928 20.392759574534246
59 21.00868331008928 20.047482467687566
68 20.047482467687566 15.641769231769535
229 5.197682760356219 5.10578650793625
250 5.10578650793625 4.985471093821145
390 4.984812206728375 4.230436377079265
512 4.230436377079265 2.3438719936829315
619 1.7701118024049336 1.2020547428453412
662 1.2020547428453412 1.0471991132185394
823 0.9996280717873134 0.9433836007926502
954 0.26843183025931694 0.07873625608162627
1023 0.07873625608162627 0.04617495442197139
1043 0.04617495442197139 0.012956961466819905
1275 0.012799436689999055 0.0019866689875840393
1679 0.0019031096418515858 0.0004688104966490414

11 49.014140368317754 20.556671726462355
13 49.014140368317754 46.434634341273004
14 49.014140368317754 41.603294172613786
15 49.014140368317754 12.566753817005653
16 49.014140368317754 15.96684831143725
17 49.014140368317754 31.088785328927862
18 49.014140368317754 40.32110748501971
19 49.014140368317754 35.077756142820824
251 8.048450611778208 8.012416492152738
278 8.012416492152738 7.931141452764212
419 5.735160403445565 5.569899971829145
540 2.1313493103820207 1.0897034867573794
680 1.0897034867573794 1.0846660055475184
694 1.0846660055475184 1.0556045139622228
700 1.0556045139622228 1.0473289520212816
730 1.0402022557994783 0.20352933273312956
804 0.07614417905605819 0.06194120147265636
823 0.06194120147265636 0.05794080462563045
909 0.03591012490649348 0.009627049520723574
1045 0.009627049520723574 0.006728170466580252
1251 0.0065801681291333125 0.0025993277919340585
1739 0.0020780423485007304 0.0005435135380444933

92 21.965932702107445 18.82958287032374
99 21.965932702107445 18.747109571600642
110 18.747109571600642 16.444825133189685
130 16.444825133189685 14.991740565705463
240 8.357019212859191 8.007418376155947
269 8.007418376155947 7.969127013434017
411 7.967324777353923 5.598199563457104
501 4.2108673649679815 3.9891313618477184
591 3.9891313618477184 2.6538344065575927
792 1.0492466945008516 1.0325346371634119
841 1.0325346371634119 1.0121135705125859
963 1.0121135705125859 1.0040384264703093
7098 0.994959057645314 0.06418833458505802
7935 0.06418833458505802 0.020492301991133388

11 29.21523686119867 25.484477003367854
12 29.21523686119867 27.71536253624523
13 29.21523686119867 21.507123580483572
15 29.21523686119867 28.89302681601098
29 21.507123580483572 20.21345564848725
69 16.49810021523911 13.281258244100512
118 6.125781174892005 3.714333822259775
129 3.714333822259775 3.410393694162188
138 3.410393694162188 1.6588174590411526
159 1.6588174590411526 1.0122073712105042
309 1.0119897809782827 1.001738566242068
451 0.9971444796665487 0.9967335994820914
499 0.9963068642074937 0.6242424755287601
652 0.14636355093227138 0.0624176414228117
682 0.0624176414228117 0.0014939097054451622

11 57.266325367746006 22.066686247507448
12 57.266325367746006 42.309287650994676
13 57.266325367746006 25.855454533217525
14 57.266325367746006 36.653642845986596
15 57.266325367746006 36.36287292337843
16 57.266325367746006 51.24997269582685
17 57.266325367746006 10.861387155033
19 57.266325367746006 29.67147417600908
372 3.994991026811384 1.3165022011592846
624 1.0048717312038846 0.4898236809290353
673 0.18937953519814243 0.053823159083897565
684 0.053823159083897565 0.011533004519421297

12 33.16271123299477 29.036215186119932
13 33.16271123299477 1.8402154234198775
14 33.16271123299477 23.279015332517787
16 33.16271123299477 17.089965653177515
17 33.16271123299477 18.020967736844312
160 0.005923935433216343 0.0005867531773589008
170 0.0005867531773589008 6.048237003142276e-05

11 29.04644348632336 22.624204223862908
12 29.04644348632336 10.767585849704403
18 29.04644348632336 19.1114149462094

11 40.38227869839717 30.083016402023365
12 40.38227869839717 33.94433567347022
15 40.38227869839717 35.73104762604564
16 40.38227869839717 30.22087405607776
17 40.38227869839717 24.782727485441484
19 40.38227869839717 17.10407920588501
220 12.966829844826266 12.96334452003399
268 12.96334452003399 12.338465878052101
269 12.96334452003399 12.938135798535608
411 9.130641305396443 5.662044365050459
809 0.05570386897485946 0.02987480551292876
853 0.02987480551292876 0.012879603141186635
923 0.012879603141186635 0.012726364644315424
1051 0.012726364644315424 0.008264848296796856
1061 0.008264848296796856 0.004191618918603979
1064 0.008264848296796856 0.002205462109909462

11 53.054222989069835 31.6952774531613
12 53.054222989069835 25.644697155480124
13 53.054222989069835 21.09047313820002
14 53.054222989069835 23.591932708765054
15 53.054222989069835 24.2687544930286
16 53.054222989069835 39.5228432925379
17 53.054222989069835 38.12695525998518
18 53.054222989069835 29.679863284241172
27 21.09047313820002 18.737633796782305
49 18.737633796782305 16.343729165955818
159 9.591066502873701 8.044645201338044
519 3.993494619319705 1.4818611880788382
660 1.3580475017247906 1.085821720081281
782 1.085821720081281 1.0386834815937007
839 1.0386834815937007 0.9999407073235531
840 1.0386834815937007 0.46446857544076536
862 0.46446857544076536 0.03272463154802452
924 0.03272463154802452 0.0011882915493117707

120 17.08106836978056 16.54688487652829
331 5.124831318647651 5.015127450287952
350 5.015127450287952 4.985080288301731
602 4.984781550406744 4.983128049744554
687 4.983128049744554 4.92524114285518
820 4.020842030836587 3.6606254659246957
1025 0.1658876379546257 0.10189757217471396
1070 0.10189757217471396 0.08511818161450435
1073 0.10189757217471396 0.03309052868430484
1122 0.03309052868430484 0.0016863987999542474

12 61.811411917843955 47.165247973275555
13 61.811411917843955 7.360851023792371
14 61.811411917843955 32.063500781142814
15 61.811411917843955 30.517745279598252
16 61.811411917843955 33.18468428878805
17 61.811411917843955 57.65875475679717
18 61.811411917843955 11.912529720009726
19 61.811411917843955 22.3648582282863
160 2.1162868095267484 2.0851721611697833
180 2.0851721611697833 2.0053222633776038
210 2.0053222633776038 1.9986341190146533
290 2.0011992191561134 1.9949094773290632
529 1.991584543478318 1.5403496787503315
601 1.5403496787503315 1.4895979791838485
631 1.4895979791838485 1.4717962279691506
642 1.4717962279691506 1.3813462151589597
669 1.3813462151589597 1.3496940412600296
678 1.3496940412600296 1.1403574256049893
689 1.1403574256049893 1.0948958140897531
700 1.0948958140897531 1.0479782932493187
722 1.0479782932493187 1.0108924283630927
761 1.0108924283630927 1.0028028443530488
1094 0.9990749796594685 0.9972273768750135
1204 0.9972273768750135 0.9959779217189464
4071 0.9949590602791325 0.11740217827176735
4474 0.11740217827176735 0.007582569938783479

11 44.82500866837997 43.63606181857415
13 44.82500866837997 27.16289513969076
15 44.82500866837997 37.36958312751495
16 44.82500866837997 41.883229443920825
17 44.82500866837997 44.016753656877924
18 44.82500866837997 41.83204855795931
79 22.97711679657327 22.94407081928772
89 21.55471289683236 18.64217628777876
99 18.64217628777876 17.60383714724272
108 17.60383714724272 14.064555723525874
209 5.050970396929831 4.833021606051879
219 4.833021606051879 4.106523899484905
229 4.106523899484905 4.105879679606055
561 3.9812972985149244 1.6200301257322707
611 1.6200301257322707 1.4872066822278285
621 1.326499949463809 1.0940275050522743
669 1.0940275050522743 1.019037056461407
709 1.019037056461407 1.006735677946601
800 1.006735677946601 1.0028329393682327
878 1.0028329393682327 0.8248763984718046
899 0.8248763984718046 0.06449247132320934

11 47.41537921059556 43.76815240665114
12 47.41537921059556 40.81273891594816
13 47.41537921059556 38.87676167732143
15 47.41537921059556 30.95484374877582
16 47.41537921059556 16.905488077968208
17 47.41537921059556 27.824175271471745
18 47.41537921059556 28.609243251151383
19 47.41537921059556 18.382224851786294
579 1.9933797529947235 1.0961304298740302
642 1.0399470003215896 1.017663530840771
664 1.017663530840771 0.17476775900934172
799 0.17476775900934172 0.05719863809340353
804 0.17476775900934172 0.02133080950808619
818 0.02133080950808619 0.016604733038953157
1036 0.016604733038953157 0.012473327431770542
1043 0.012473327431770542 0.003054283026528992
1251 0.0025975826093791454 0.001715763619912991
1255 0.0025975826093791454 0.001062878674190415

11 52.58361031794328 35.08779716365223
12 52.58361031794328 10.37971015879657
15 52.58361031794328 5.486710519242774
17 52.58361031794328 26.992055486824757
18 52.58361031794328 41.651507861216785
321 4.00163991455684 2.311793106168899
462 1.2762761721549793 1.0232639467882834
583 1.0232639467882834 0.20804521648778618
662 0.20804521648778618 0.02698489416138372
854 0.02698489416138372 0.02109616813057613
975 0.02109616813057613 0.014350965301680674

11 45.90569027764613 24.638528913203338
14 45.90569027764613 28.832747361596695
15 45.90569027764613 34.38432963945357
16 45.90569027764613 20.526049448606834
18 45.90569027764613 34.49032796003144
78 17.70002740408107 16.8506154279716
160 16.13061736597512 14.9679486858676
311 10.166620681546778 10.011280641526216
351 10.011280641526216 9.990652223916328
472 9.951866469784038 8.144937463348766
582 8.144937463348766 7.993346292756723
602 7.993346292756723 6.361463026649599
733 5.338955649718235 5.071710477207642
753 5.071710477207642 4.243107102280536
903 2.5468578164292737 2.0300313550290525
1054 2.0300313550290525 1.0989761457839364
1105 1.0989761457839364 1.0135846210685848
1292 1.0135846210685848 1.0087383067834637
1729 0.9989054735789722 0.9982891429570593
1961 0.9982891429570593 0.9959855573305632
2041 0.9959629243931012 0.9954726696944576
6934 0.9949590571302593 0.004351566989917899
7458 0.004351566989917899 0.004090231350652118

11 42.230000457600276 41.991216019927144
12 42.230000457600276 23.42972009301628
13 42.230000457600276 34.07851101331968
14 42.230000457600276 11.719876020844247
15 42.230000457600276 36.35484261632239
16 42.230000457600276 34.01701175063505
19 42.230000457600276 29.03191236835982
188 9.99175038544906 9.844371095667674
350 9.036021100487691 5.8145358643292795
682 3.9877762081223054 3.531180554938171
701 3.531180554938171 3.1087900378581423
742 1.6595892034813602 1.5852031232588644
763 1.5852031232588644 1.2468151314464393
801 1.2468151314464393 1.059283242037182
807 1.059283242037182 1.008660917620638
953 1.008660917620638 0.3544385675020436
1091 0.3544385675020436 0.2626177607964806
1122 0.2626177607964806 0.1660160273116844
1131 0.1660160273116844 0.012760812276901845
1557 0.009672621203872467 0.007802521694799225
1578 0.007802521694799225 0.007361138040984372

11 43.348779915062835 41.86538608907447
12 43.348779915062835 40.91366003883332
13 43.348779915062835 22.61717046902352
14 43.348779915062835 33.03088604795689
15 43.348779915062835 35.32230599247226
16 43.348779915062835 34.06126824746964
18 43.348779915062835 10.311306694450082
19 43.348779915062835 39.84923413256815
169 2.2381302100171503 2.2035577047462027
179 2.2035577047462027 2.0402466113847737
190 2.0402466113847737 2.0364826563005423
300 2.0364826563005423 2.014405802846028
320 2.014405802846028 1.990834908031914
487 1.9904637827316805 1.8714559735436538
7016 0.9949590576104157 0.7073060729546228
7183 0.7073060729546228 0.4464308768951213
7603 0.4464308768951213 0.14511778708563128

11 49.51022941363486 28.48527307991827
12 49.51022941363486 48.59750859248514
13 49.51022941363486 34.642238528765546
14 49.51022941363486 23.284215541806567
15 49.51022941363486 39.36567272524141
19 49.51022941363486 26.71848648121735
38 23.134899829912285 20.645943929761827
351 4.163670151335056 1.4522812378430388
704 0.04492559560019771 0.016269143867489788
855 0.016269143867489788 0.014400735881434201

11 41.27484883113511 41.063686862953325
12 41.27484883113511 8.320931726551095
17 41.27484883113511 39.32379224892528
18 41.27484883113511 30.395122645481187
119 5.474842950778946 3.6470474902384566
613 0.22800854740754062 0.1446283962656878
660 0.1446283962656878 0.046286526151867236
662 0.1446283962656878 0.0648120594320396
673 0.046286526151867236 0.003993123388724484
782 0.003993123388724484 0.003360015219001866
1004 0.003360015219001866 0.002436111174439759
1034 0.002436111174439759 0.0016958090140875015

11 63.62259310847472 37.981301008832475
12 63.62259310847472 20.431730293989343
13 63.62259310847472 16.332144999275148
14 63.62259310847472 19.583809223770174
15 63.62259310847472 40.25048833801788
16 63.62259310847472 59.53288408459182
17 63.62259310847472 40.24690594352405
18 63.62259310847472 47.355926800548644
19 63.62259310847472 49.055233227984644
471 3.979839299194907 1.0754159751220271
691 1.064203382145564 0.07199693649180006
802 0.07199693649180006 0.03320726886937564
833 0.03320726886937564 0.009394932165299963
998 0.009394932165299963 0.0027989950685096687

11 40.024335420092676 30.982400392550606
12 40.024335420092676 35.078575071687304
13 40.024335420092676 37.87923592010807
15 40.024335420092676 30.297167662016545
16 40.024335420092676 34.72299938736484
17 40.024335420092676 31.107164703791
19 40.024335420092676 8.17900497883825
89 8.17900497883825 7.587599613822228
98 7.587599613822228 6.153181039015802
280 2.143175087785224 2.0465036621908084
300 2.0465036621908084 2.0168844139448083
778 1.9915411112026504 1.2666955135372078
881 1.2666955135372078 1.238118927816977
891 1.238118927816977 1.0416384565806815
982 1.0416384565806815 1.0062526147818325
1001 1.8713140526129877 1.6058450997929299
1002 1.8713140526129877 1.8182698570636084
1014 1.6058450997929299 1.3827152220547774
1017 1.3827152220547774 1.0806464651109877
1022 1.3827152220547774 1.1460391989573395
1032 1.0806464651109877 1.0366804210882705
1084 1.0366804210882705 1.0067448850719245
1525 1.0006430388021315 0.9995006770178811
1547 0.9995006770178811 0.9994490855747742
2734 0.9949590718408423 0.7105084181034869
2791 0.7105084181034869 0.05054239029552576
2893 0.05054239029552576 0.04572428170786935
3115 0.04572428170786935 0.0007922568461076196

11 46.35512135502677 16.432449906023585
13 46.35512135502677 35.941807532737755
15 46.35512135502677 23.057294159882865
16 46.35512135502677 33.684642439987826
17 46.35512135502677 23.998989238073563
18 46.35512135502677 39.89307899985161
69 13.151805517513893 12.698668824674769
89 12.244174545973761 9.853003416975124
99 9.853003416975124 7.007177738919662
109 7.007177738919662 6.9043229247695415
674 0.9958730723311646 0.4908035244144351
773 0.26859462212829754 0.21358216426030197
800 0.21358216426030197 0.07531105359840495
814 0.07531105359840495 0.022363360869654514
889 0.022363360869654514 0.0001852371825847854

17 30.21715290175551 23.771406379169242
57 20.366307292101606 17.54737886428511
59 20.366307292101606 16.09109733312897
79 16.09109733312897 13.960841225733263
88 13.960841225733263 11.673433791055839
109 9.506531997788173 7.51349276338229
129 7.51349276338229 6.421528481828885
139 6.337302734733903 5.370687579221981
310 4.975536627997519 4.21303105519188
330 4.042083006958052 1.2305149234538604
420 1.2305149234538604 1.125480349101256
430 1.125480349101256 0.9950762431483255
529 0.9950762431483255 0.9309773010913744
549 0.9309773010913744 0.48286473046544387
560 0.48286473046544387 0.08496109858121059
630 0.0785229003768464 0.021483911659174737

110 17.027314134833663 14.379729157714532
241 8.152208396521662 7.520572420669449
249 7.520572420669449 6.5351324232653845
270 6.215813822119502 4.594349408048892
6174 0.994959057229849 0.6156546481326508
6440 0.6156546481326508 0.26883278232116226

11 55.49540933877449 33.933996982168914
12 55.49540933877449 42.60117504155666
13 55.49540933877449 34.853538920704445
14 55.49540933877449 38.641086031243255
15 55.49540933877449 29.536664607931137
16 55.49540933877449 6.867950538228925
17 55.49540933877449 26.80730778563514
18 55.49540933877449 42.527026957384535
149 4.982880366120467 4.7964388861469125
260 4.046061424578561 3.9892634000403717
358 3.9892634000403717 3.982386375936553
517 3.982386375773636 3.736604324911113
919 0.010445147720304249 0.002631742361717926
1095 0.002631742361717926 0.0015223984599366247

11 39.53748845725312 31.4165882873723
13 39.53748845725312 14.553563678799781
14 39.53748845725312 27.74168459422696
15 39.53748845725312 38.56023362178371
16 39.53748845725312 27.667087836611884
18 39.53748845725312 23.46123999131566
19 39.53748845725312 12.279687383673647
29 12.279687383673647 11.621466505929344
39 11.621466505929344 11.240323558895915
219 5.049149276457793 4.990052362319615
229 4.990052362319615 4.981768747882262
239 4.981768747882262 4.981425961258324
328 4.981425961258324 4.7362382283309366
481 1.162248525308872 0.19996030855462976

311 3.993880884603204 3.982887188373258
360 3.982887188373258 3.4530943569193226
482 1.5202364267763286 1.3950642765922368
493 1.3950642765922368 1.1542456509172112
543 1.068959162758695 1.0253719795187664
6423 0.9949590575005303 0.3156150320784903
6803 0.3156150320784903 0.13779125588149554
6822 0.13779125588149554 0.12143522518830352
7009 0.12143522518830352 0.017508104395769664

70 17.138588590961575 15.027236727258094
170 7.425828878709545 4.63163668763606
190 4.63163668763606 4.027277593435068
391 2.0071211611676283 2.0014792922717675
500 2.0014792922717675 1.9951310458667209
639 1.9951310458667209 1.177861724481538
732 1.177861724481538 1.0266223261057377
870 1.0266223261057377 1.0043432002320358
900 1.0043432002320358 1.0003803945057825
3035 0.9949590699300188 0.7325336633565058
3115 0.7325336633565058 0.6054269463207262
3138 0.6054269463207262 0.27511546825209976
3139 0.6054269463207262 0.19827427532523245
3211 0.19827427532523245 0.06505739844504888
3250 0.06505739844504888 0.00218900160006541
3806 0.00218900160006541 0.00028920374659335835

11 31.853727948647013 29.87191384751086
13 31.853727948647013 10.199264968015552
14 31.853727948647013 23.020804362977024
15 31.853727948647013 24.040977954310527
78 7.085272735354312 6.745403972521299
228 5.1079025916030965 3.837355642372838
682 1.0133023377346362 0.9952750166839124
5746 0.9949590628058829 0.4650008787818578
5822 0.4650008787818578 0.3256000257215135
6332 0.2292679945243492 0.21555113955230354

12 41.23971873986365 27.10022553029559
13 41.23971873986365 38.926514326073445
15 41.23971873986365 39.468136624819586
16 41.23971873986365 14.088999710659827
17 41.23971873986365 40.632345821453434
18 41.23971873986365 40.696537733069576
19 41.23971873986365 18.28871174637109
109 9.486036367173863 4.483047314774003
147 2.312079681662077 1.8516077809044376
169 1.8516077809044376 1.8509524657679286
401 1.009108159016332 0.9960376273404279
592 0.9959948955440652 0.9952034922859774
661 0.9952034922859774 0.09412542725916495
692 0.09412542725916495 0.07032450589369788
831 0.07032450589369788 0.052170192682858385
843 0.052170192682858385 0.025784900078591022
900 0.025784900078591022 0.014991130179716095
903 0.025784900078591022 0.019529138064079632
1024 0.014991130179716095 0.01329465107179928
1063 0.002872653512621781 0.00011222242632413781

13 33.686938871159185 23.962882466638696
14 33.686938871159185 21.807445060167552
49 21.807445060167552 20.57499117600801
89 20.226054789951007 19.80509022964807
99 19.634661969848096 13.886159353658162
209 7.53822167767972 4.71661121562507
239 4.71661121562507 4.6414664146465885
249 4.6414664146465885 3.287698747687596
253 3.287698747687596 3.0629654308011425
259 3.287698747687596 3.273856358722
289 3.0629654308011425 2.489263771523021
299 2.489263771523021 1.7640497143049103
319 1.7640497143049103 1.5377110993797132
339 1.5377110993797132 1.08037814111648
389 0.19155988274176394 0.0992969127601313
419 0.0992969127601313 0.0066887015995433785
489 0.0066887015995433785 0.0009098947537253821
559 0.0008480940185613406 0.0003166470121840348

11 24.298726116834402 18.165672662915455
17 24.298726116834402 11.498568028817772
18 24.298726116834402 15.032572248951656
39 11.498568028817772 11.343466966256658
49 11.343466966256658 9.759824203988087
59 9.444950480737793 7.747166023812289
371 1.0355204329356695 0.9973539011918078
400 0.9973539011918078 0.1190495637294191
580 0.03242127666658945 0.029009275607634777
640 0.029009275607634777 0.014890642436213852
803 0.014890642436213852 0.011871276936282982
883 0.011871276936282982 0.007047915363010304
923 0.007047915363010304 0.006050789374619114
933 0.006050789374619114 0.004294966406479972
943 0.004294966406479972 0.0015781603281297407

11 36.518689870794994 25.055966348924123
14 36.518689870794994 34.370587493048404
15 36.518689870794994 29.42974571063496
17 36.518689870794994 32.60253815042435
18 36.518689870794994 34.77324817407495
49 20.94429036598311 19.805921469530333
59 19.805921469530333 15.395860888732713
490 4.036606767350172 3.4345992897712705
672 1.2108684560975114 1.1441987838020289
700 1.1441987838020289 1.0378255269568228
759 1.0378255269568228 0.47694380818256477
783 1.2458345417885717 1.1968533562273365
922 0.14672054504016785 0.13609165496573183
951 0.1065986960445251 0.07283467404988286
969 0.06128657086311051 0.02094332256822895
972 0.06128657086311051 0.009493735027284345
1029 0.009493735027284345 0.007176376817565
1101 0.007176376817565 0.0011221447746940783
1124 0.0011221447746940783 0.00030643059715629306

11 49.818916232859706 17.370752614338627
12 49.818916232859706 31.436978698410773
13 49.818916232859706 21.97971221046034
14 49.818916232859706 47.68643657679141
16 49.818916232859706 31.871259179302044
18 49.818916232859706 43.768807946235455
119 16.98397251483715 16.36560415256859
199 16.36560415256859 14.426107936991059
542 4.046817620712529 3.995485859214149
731 3.995485859214149 1.8019228909698413
1092 1.0198222763117784 1.0051096785143336
1276 1.0051096785143336 0.9993890782582824
1277 1.0051096785143336 1.0036364314733
1283 0.9993890782582824 0.9678965943061826
1287 0.9993890782582824 0.9960907968315169
1385 0.35017032803877157 0.10805227734222456
1447 0.10805227734222456 0.07169227434786052

11 30.76882313857037 29.388797098521124
13 30.76882313857037 10.29596166282526
17 30.76882313857037 23.859440938365953
78 10.223196250157997 8.20361002602921
79 10.223196250157997 8.175621391048852
89 8.175621391048852 7.259102774174737
106 7.259102774174737 5.8933930869723135
108 7.259102774174737 6.497795531726563
109 7.259102774174737 7.041551914393441
116 5.8933930869723135 4.529980410021427
129 4.529980410021427 2.165044625427644
147 2.165044625427644 1.995436570445893
149 2.165044625427644 1.1125589173523487
158 1.1125589173523487 1.0806329149997431
159 1.1125589173523487 1.0254930307713188
350 0.11084501137997194 0.0469265286019791
380 0.0469265286019791 0.02337736380704314
568 0.008052582148060594 0.002804778111837436

12 39.82349080881599 12.323103859284286
16 39.82349080881599 38.99232253152615
17 39.82349080881599 10.715540692950185
350 8.96748143806788 8.961508376314372
390 5.803663045540771 5.72844284243865
401 5.72844284243865 5.029337164769757
490 4.980147637624825 3.219096924262754
622 2.3878881310826365 2.276518563516163
632 2.276518563516163 2.1855009887696255
809 1.996303012325047 1.6257370809000093
1176 1.0009053004864867 0.9997307764856345
1236 0.9997307764856345 0.9996743060300233
5185 0.9949590583792975 0.579229561167935
5220 0.579229561167935 0.035163637596646424
5491 0.035163637596646424 0.03084470243179993
5785 0.03084470243179993 0.007805481217374677

16 21.187487170253345 12.329346798933024
18 21.187487170253345 15.564365664372662
29 12.329346798933024 12.098153427753372
39 12.098153427753372 10.310311871105295
49 10.310311871105295 9.143300149655497
180 4.1875401673861035 3.8639519592073057
190 3.5541524241569675 1.9095257641088885
3757 0.9949590572922808 0.7042314185959597
3900 0.7042314185959597 0.3985884636546153
3926 0.3985884636546153 0.12583212327670168
4112 0.12583212327670168 0.05694332627435017
4194 0.05694332627435017 0.04348666713033822

11 22.44682068871782 19.932587069671996
19 22.44682068871782 16.615862727533653
251 4.9877018769411485 1.4266377446181977
320 1.2947488774917844 1.0754783802766568
350 1.0754783802766568 1.0120231762437655
511 1.0120231762437655 0.7919066563790622
703 0.017152503035426037 0.007983997128533815
763 0.007983997128533815 0.00798392735613973
793 0.00798392735613973 0.0015128269801074623

11 54.53989767667824 22.049779641655242
12 54.53989767667824 53.45153356339777
13 54.53989767667824 34.890858061765826
14 54.53989767667824 37.477580574030384
16 54.53989767667824 34.8894523074245
17 54.53989767667824 26.743513574090613
18 54.53989767667824 29.838410754377186
58 17.992463114641627 17.07984688614282
220 8.507714618649162 6.592383875822282
230 6.592383875822282 5.028959560465552
240 5.028959560465552 4.9809866092696655
340 1.1697685315510853 0.058005331167880314
763 0.006131369914641027 0.0043838450867781376

12 36.13240898720928 23.739139776718854
15 36.13240898720928 29.99753311167769
18 36.13240898720928 35.04797768514853
362 3.9833375247537504 1.952553569743607
412 1.2943515196242856 1.1466847431038083
462 1.1466847431038083 1.068296743165149
560 1.068296743165149 1.0203161250700248
591 1.0203161250700248 1.0147460434217237
599 1.0147460434217237 1.0064412068070894
720 1.0064412068070894 0.7917806859237722
763 0.7917806859237722 0.27330160950455706
793 0.27330160950455706 0.14272401276359048
920 0.14272401276359048 0.1124963253989435
924 0.14272401276359048 0.10940831033791198
984 0.10940831033791198 0.09178642577326457
990 0.09178642577326457 0.05027899095779986
1001 0.05027899095779986 0.01264677351378296
1004 0.05027899095779986 0.047809232275984215
1148 0.01264677324376251 7.02606565070596e-05

11 42.55197106822834 21.947023020772313
12 42.55197106822834 28.330073379079096
14 42.55197106822834 36.53703763968246
19 42.55197106822834 38.14109771632286
98 19.50809211115677 18.74453714245493
99 19.50809211115677 19.283868428777964
196 12.979544242334734 11.463022946483921
199 12.979544242334734 12.342282723704892
311 8.03160454784971 5.662807802817836
350 8.03160454784971 5.867967558674531
369 5.7583818629959875 3.222147371626839
378 3.222147371626839 2.3050370375201865
380 3.222147371626839 0.7243843472424416
400 0.4998647853430285 0.11956659335997699
480 0.09668432969241536 0.06539583804491045
510 0.06539583804491045 0.028484526459841675
710 0.009176480369106343 0.0066820829609106625
953 0.0065799038616241035 0.0027274910702956845
1094 0.0023167728341881855 0.0008780092305862297

12 57.73210945595601 27.523594686664506
13 57.73210945595601 47.74481820295555
14 57.73210945595601 32.99091942854763
15 57.73210945595601 29.215090722057454
16 57.73210945595601 35.069836846001664
18 57.73210945595601 21.18841291505607
19 57.73210945595601 22.8050164490475
39 21.18841291505607 19.05797061180559
68 19.05797061180559 18.565018754667275
79 18.565018754667275 18.169231252741533
179 5.139099710830706 2.4481808238359193
189 2.4481808238359193 1.2137004353107415
199 1.2137004353107415 0.6546978011142741
229 0.5999750967732069 0.38358401186098945
248 0.1591907977078293 0.10729377281657548
249 0.1591907977078293 0.023092582852960675

14 53.25428012843052 26.042831845411236
15 53.25428012843052 44.82813142010893
16 53.25428012843052 36.491619262332996
17 53.25428012843052 3.792234493854693
18 53.25428012843052 22.80757501017209
19 53.25428012843052 30.726506107177485
109 2.1849901956478988 1.9982632152649558
351 1.027356308683224 0.08057309726877548
490 0.08057309726877548 0.04163171287606815
542 0.04163171287606815 0.01711217137150811
752 0.009876276791935368 0.0067570565506045455
823 0.0067570565506045455 0.005553246813676083

11 61.78939528235597 51.73073912643355
12 61.78939528235597 20.340097795881647
13 61.78939528235597 45.45685028806393
14 61.78939528235597 19.11524348978398
15 61.78939528235597 56.00287636549399
16 61.78939528235597 46.33218247390669
17 61.78939528235597 34.722314703231746
18 61.78939528235597 41.88642758651214
19 61.78939528235597 28.928153364705555
28 19.11524348978398 18.051662432595183
190 10.546985836862474 9.742232935755702
210 8.001629515508032 7.907637267109868
220 7.907637267109868 6.523148561816722
280 6.523148561816722 5.37507897583102
370 1.0367205331460951 1.0099515230650837
560 1.005397217631419 0.6222448963343474
621 0.5095045478357889 0.03962125355417356
661 0.03962125355417356 0.03370820181385881
730 0.033594417038791846 0.02214388475076845
759 0.02214388475076845 0.006757032792808815
911 0.006712700736869692 0.005084660676374142
1022 0.005084660676374142 0.005040285794514432
1031 0.005040285794514432 0.0022347222333181094
1193 0.002058030587107851 0.0016076837631757712
1213 0.0016076837631757712 0.0015957916998914357
1243 0.0015782488701745478 0.0014333239196027137
1253 0.0014333239196027137 0.0013465647048924723
1278 0.0013414149671788778 0.0012317720626384698
1293 0.0012317720626384698 0.0011965254844987783

12 37.876038910232445 31.944028673036108
13 37.876038910232445 35.65872590544251
16 37.876038910232445 28.958829972004974
17 37.876038910232445 9.209769133659435
19 37.876038910232445 20.849629575098824
691 1.9900044256111542 1.8372116226189092
754 1.8372116226189092 1.5002258806873954
774 1.5002258806873954 1.4022637436902414
795 1.3936263215263196 1.277529091490706
832 1.277529091490706 1.0674890600284783
898 1.0674890600284783 1.0215942854238023
899 1.0674890600284783 1.0522825233120585
940 1.0215942854238023 1.0131219480144935
943 1.0215942854238023 1.004774806634444
4382 0.9949590580198979 0.013146590083277232
5303 0.013146590083277232 0.011244779787062953

11 30.29874317571806 19.32900505979144
14 30.29874317571806 28.56160009337616
16 30.29874317571806 13.42836361624761
18 30.29874317571806 21.909964919379796
69 11.036554008343527 6.507190156806633
330 2.008635075704248 1.9939297524827637
569 1.9938631321123594 1.260977130216716
702 1.2315267835396924 1.0022499197189347
1205 1.0014519408727018 0.9965507925320836
1307 0.9965507925320836 0.9958520352661253
6255 0.9949590580766241 0.44941218960563134
6339 0.44941218960563134 0.35778514672605866
6734 0.35778514672605866 0.267615314250623
6777 0.267615314250623 0.18711687437919977
6926 0.18711687437919977 0.10367380139725313

13 40.79798890451147 39.98312704039277
14 40.79798890451147 29.868612130557914
16 40.79798890451147 33.12844102831897
17 40.79798890451147 38.84351879933913
18 40.79798890451147 35.60649704075589
29 29.868612130557914 25.310029677478997
79 17.71471837196463 15.238139315287057
178 13.100730166151482 10.190079412517914
179 13.100730166151482 12.945447207414427
380 4.98442219926644 2.7367359642829285
710 1.9987543452871535 0.7665579971897145
822 0.17185497271760397 0.10234111602299834
852 0.10234111602299834 0.07497140795534563
889 0.07497140795534563 0.061076336237796625
920 0.061076336237796625 0.003669591297601471

11 26.51381247938761 9.950366870402615
14 26.51381247938761 25.002675972606657
16 26.51381247938761 18.71140728451439
190 5.0369407876632515 3.1496227870428903
410 2.0081682830914076 1.5149387656973232
552 1.091380349169917 1.0495428293715108
580 1.0495428293715108 1.0164544810310545
601 1.0164544810310545 0.9957228709242969
7729 0.994959057831025 0.928473910434878
7774 0.928473910434878 0.4525841238028505
8096 0.4525841238028505 0.15914480935459352
8350 0.15914480935459352 0.09139553068386874

11 26.666386568743437 19.345552316728828
12 26.666386568743437 20.49198600983159
13 26.666386568743437 15.239514164470805
14 26.666386568743437 23.873800037554595
15 26.666386568743437 12.393574510843496
17 26.666386568743437 22.1546104640651
59 12.393574510843496 12.171096279170904
69 12.171096279170904 8.781971867910526
139 6.610889149551049 6.4326636561476
149 6.4326636561476 6.253860931548015
199 5.101096081176102 5.036183259184163
278 5.027555191797093 5.021340139303515
289 5.021340139303515 5.011798393166178
299 5.011798393166178 4.5480983156895025
368 4.19254632759135 2.1836082786844564
530 1.1916972437668854 0.7907079129481929

13 41.30309839125925 33.00038884652132
14 41.30309839125925 22.47618358120635
17 41.30309839125925 36.35164056043939
18 41.30309839125925 17.851668887886056
19 41.30309839125925 21.99533129667922
261 8.963713712121939 7.2879425541025284
471 4.055325369828598 2.386512924360339
2681 0.9949590577647811 0.8351179626446168
2729 0.8351179626446168 0.18988762716132612
3235 0.18988762716132612 0.0005781693219688577

11 54.477609369985544 24.949977076117715
12 54.477609369985544 27.665554203074922
13 54.477609369985544 48.66513829318325
14 54.477609369985544 41.514161676072874
15 54.477609369985544 46.717419431913
16 54.477609369985544 38.52337297969316
17 54.477609369985544 48.92575707329577
18 54.477609369985544 35.769786617171725
19 54.477609369985544 23.6392648873998
28 23.6392648873998 22.6826973771376
39 22.6826973771376 20.80449184226054
268 15.920774559505592 13.630289292866614
674 2.021681028280298 2.0168971759716463
683 2.0168971759716463 2.006065641953022
815 2.006065641953022 1.994128652577622
889 1.994128652577622 1.205674118440669
1526 1.0153535414934076 1.0048048002833596
1585 1.0048048002833596 0.9986656786178614
1586 1.0048048002833596 0.9952283277172178
5967 0.9949590581025802 0.28348429792714214
6218 0.28348429792714214 0.11753217305486885
6574 0.11753217305486885 0.034974119084207445

11 66.21334431730168 26.1381486894135
12 66.21334431730168 28.334566675840847
13 66.21334431730168 50.020468821473436
14 66.21334431730168 15.496295076188733
15 66.21334431730168 20.24855649257217
16 66.21334431730168 41.761400050579624
17 66.21334431730168 57.724146090877895
18 66.21334431730168 27.81513141458842
19 66.21334431730168 44.82075206445649
230 12.952807104995296 11.967864047354771
239 11.967864047354771 10.600552600288099
250 10.600552600288099 10.412663516861373
260 10.412663516861373 9.375759355624936
270 9.18553551284271 8.156501022979985
330 8.156501022979985 6.833469374499426
430 4.979291637226423 4.017774966519813
640 3.989366809927855 3.9810640334507745
1073 3.9800415539865135 2.4704054652263707
1504 1.0141780794103852 0.25440418483075433
2584 0.0028331203488427548 0.0018944887534892985
2606 0.0018944887534892985 0.0018395821379755262

11 34.810456045734945 12.790787754029346
13 34.810456045734945 32.42884785051758
109 7.1131535415522364 6.695780564300328
119 6.695780564300328 6.337557122167176
128 6.337557122167176 5.4603898309588565
129 6.337557122167176 5.802830851356303
169 3.8654598104663123 2.8053276422868585
179 2.8053276422868585 2.789919494642607
330 2.1559992616927417 1.7069441022907768
390 1.1450069747080214 1.1130289761755634
440 1.1130289761755634 1.1079586512731296
510 1.1079586512731296 0.8976073471605304

89 6.722631412412005 5.979515969597307
100 5.979515969597307 3.9412074868900184
461 0.053501014261250646 0.015572142937791966
594 0.015572142937791966 0.006895828095281331

12 47.030826680183964 36.24694264858624
14 47.030826680183964 41.03026897941438
15 47.030826680183964 46.793871756655605
17 47.030826680183964 33.54805096945634
18 47.030826680183964 29.228306318223716
19 47.030826680183964 20.209341917322305
131 17.499509660901513 15.732185277376507
132 17.499509660901513 17.345245485174893
180 16.936659918305878 16.22559791485945
200 16.22559791485945 13.067635731499832
300 10.094388616952171 6.743408371326677
602 1.076106655755403 0.9987350226214353
662 0.9987350226214353 0.9955782676848841
781 0.9955782676361622 0.5283744855343784
823 0.5283744855343784 0.2216190775580955
862 0.2216190775580955 0.17671528790369706
910 0.17671528790369706 0.05538315279510897
937 0.05538315279510897 0.008804759879193824
1190 0.008799533671769666 0.007651798487906092
1235 0.007651798487906092 0.007588325630067061
1325 0.006872891983981333 0.005413236016121203
1385 0.005413236016121203 0.005291992311526883

13 42.35131316858194 24.84571474037637
14 42.35131316858194 36.23358352925973
15 42.35131316858194 40.77881150002168
17 42.35131316858194 37.445929139918704
19 42.35131316858194 40.98280663819548
39 24.84571474037637 23.711014467120584
49 21.931663522088908 18.260018789943633
281 5.096718725689479 4.986859991944868
339 4.986859991944868 4.826504993714643
341 4.986859991944868 4.978327116619173
611 2.1290995131169055 2.08375034481557
622 2.08375034481557 1.2525215359961415
720 1.2525215359961415 1.1443872757849576
753 1.1443872757849576 1.0862785626159948
758 1.0862785626159948 1.0531030776076058
852 1.0531030776076058 1.0295525583989686
928 1.0295525583989686 1.0171350075842298
1394 1.0020870784962064 0.9301383785710868
1486 0.9301383785710868 0.2993875414271585
1504 0.2993875414271585 0.03112401107227214
1524 0.03112401107227214 0.03009731501049373
1632 0.03009731501049373 0.029042429113008694
1654 0.029042429113008694 0.022680203761417772

11 59.33850031946066 26.46330693833841
12 59.33850031946066 32.816865625722336
13 59.33850031946066 37.84092212981932
14 59.33850031946066 38.6104929493301
15 59.33850031946066 26.017672009528063
16 59.33850031946066 42.765738825642174
17 59.33850031946066 25.042245983683948
18 59.33850031946066 15.557455113952482
19 59.33850031946066 7.88806273456821
109 2.8971030779027096 2.0335746251288
209 2.012327698541366 2.0026802693776418
319 2.0026802693776418 1.9995942753442861
399 1.9943516707194355 1.9932042613475716
707 1.990100700868922 1.5451855209061094
809 1.1602787374050898 1.1291898397115148
868 1.1291898397115148 1.0159082762376848
906 1.0159082762376848 1.0067681729257174
931 1.0067681729257174 0.9966433814044073
6743 0.9949590573000293 0.26853559969935503
7232 0.26853559969935503 0.19565972822889321
7307 0.19565972822889321 0.010013173115815732

11 51.51545774800525 30.79619149374073
12 51.51545774800525 48.54114544733661
14 51.51545774800525 12.770771272265245
15 51.51545774800525 9.648868211575472
16 51.51545774800525 15.538902031339525
17 51.51545774800525 47.07721851828413
18 51.51545774800525 31.266315623583594
19 51.51545774800525 38.47800715794904
39 9.332476409811383 9.035884431328268
49 9.035884431328268 8.457201502947427
69 8.457201502947427 8.018873042647765
310 4.983080813378972 4.045927207503407
340 4.045927207503407 4.03693254584978
482 0.24723719002916056 0.21349882762572392
502 0.21349882762572392 0.14275452172334013
611 0.036767507336126215 0.025171433190052994
712 0.025171433190052994 0.0012904291597592987

11 51.70253888775433 17.643945980595635
12 51.70253888775433 50.8401062280943
14 51.70253888775433 35.50435703364107
15 51.70253888775433 50.60429902303848
16 51.70253888775433 34.101292837291155
17 51.70253888775433 35.34568194620502
18 51.70253888775433 46.51106014894734
441 4.979575324710897 4.9766435305476
562 4.9766435305476 4.772039580347293
569 4.772039580347293 4.716320308660727
571 4.772039580347293 4.318582600560257
599 4.318582600560257 4.032993512621619
603 4.318582600560257 4.033103452389419
612 4.032993512621619 4.002808736250314
622 4.002808736250314 2.17215643464176
762 1.0940699449499185 1.0939480801623347
801 1.0939480801623347 1.0163375287171377
870 1.0163375287171377 1.00893993226574
1115 1.00893993226574 0.20398087111317764
1242 0.20398087111317764 0.006460645536687792
1558 0.006460645536687792 0.004007918192414195
1880 0.0031597554121916005 0.002284264436642758
1911 0.002284264436642758 0.0022149969632749844

11 39.03370952566722 37.53617713501204
13 39.03370952566722 37.78584077057888
14 39.03370952566722 32.919169618938945
15 39.03370952566722 29.670049189469744
16 39.03370952566722 26.17170596126168
17 39.03370952566722 22.641094864277285
18 39.03370952566722 16.22724921321312
19 39.03370952566722 29.348368927125946
39 14.417817730835415 12.921268508438992
139 7.906714087861708 5.620648221870262
149 5.620648221870262 3.892929432634382
159 3.892929432634382 3.5494505649522736
169 3.5494505649522736 2.1241576836988685
310 1.0706516834770028 1.0497703842025352
360 1.0497703842025352 1.0021672369451764
369 1.0021672369451764 0.17491309691066448
511 0.15206802421491972 0.06254264207198545

11 23.07819399431003 10.804576812117828
13 23.07819399431003 6.917507244146224
14 23.07819399431003 16.43667089505436
49 6.0569693698709415 5.283621316730052
139 4.180644633766871 4.063198778635368
159 4.063198778635368 4.013410141390736
227 4.013410141390736 3.9374572422617113
229 4.013410141390736 2.355267152346638
269 0.2555192763229215 0.06564568620723321
309 0.06564568620723321 0.020223344098322826
348 0.020223344098322826 0.011685910278654177
359 0.011685910278654177 0.010689284318878833
408 0.010689284318878833 0.007518477371561971
818 0.004007060573357535 0.0031571693195573403
953 0.0031571693195573403 0.00306489875832483
960 0.00306489875832483 0.0008084473002583081
1012 0.0008084473002583081 9.041385099806121e-05

11 55.07896345588089 35.39782989378624
12 55.07896345588089 38.45063148084315
13 55.07896345588089 20.76605071163894
15 55.07896345588089 34.77242214418659
16 55.07896345588089 53.08906517309426
17 55.07896345588089 6.553326783832572
18 55.07896345588089 29.5455384640401
19 55.07896345588089 50.02666502992301
89 6.553326783832572 4.422985231134103
660 0.9949889236814826 0.2156976308723486
824 0.013261679269113813 0.011888262331293475
1227 0.0057528226245793235 0.002406570941818842
1419 0.002406570941818842 0.0007293303850488542

11 41.1121410893485 36.50412335134593
13 41.1121410893485 30.120422567781983
14 41.1121410893485 22.782339808649773
15 41.1121410893485 22.287691927211643
16 41.1121410893485 38.15030231772042
17 41.1121410893485 37.38458302531478
18 41.1121410893485 27.64929492678663
29 22.287691927211643 17.51226422784434
170 4.674836485708893 1.7531591386782672
538 0.03498525531546903 0.02677822060204349
694 0.02677822060204349 0.0008347805026858168

12 40.94742332161294 13.834412500137084
13 40.94742332161294 29.224608902523627
14 40.94742332161294 34.363342667635216
15 40.94742332161294 25.962963652135635
18 40.94742332161294 18.57466278127305
19 40.94742332161294 29.99654713110811
99 13.256319192003033 11.935436512110252
209 8.063253214799444 4.996482214920897
561 4.009654230326262 2.7009705450610397
621 2.1533641960270486 2.140969891333171
702 1.535407659938116 1.3602376183853941
730 1.3222920218248362 1.103175288695411
747 1.346626623908243 1.099554540773397
752 1.346626623908243 0.18797896396696956
861 0.18797896396696956 0.07462533097963586
890 0.07462533097963586 0.0033570704197458667
891 0.07462533097963586 0.04700207085240038

11 29.01359913646544 19.0857191412741
14 29.01359913646544 23.42954515053161
49 15.789674509476455 15.150814096435585
533 2.0210112219505305 2.008982248935844
662 1.4443273864435575 1.3959726751811594
699 1.1294920508934432 1.0125883880448825
754 1.0125883880448825 0.9998298690710641
5959 0.9949590608420458 0.18717294602194556
6138 0.18717294602194556 0.13929979708283824
6660 0.13929979708283824 0.005632872557114865
8402 0.005632872557114865 0.0010390466959293576
10622 0.0010390466959293576 0.0006921142101177225

16 27.448179423278013 16.575338665231897
17 27.448179423278013 24.72946548147336
139 13.090370660664671 11.688389867931807
402 4.985010994582202 4.517145892730147
662 3.9945711298229405 2.5306484325623764
916 0.006289304824719011 0.0020627857344344136

11 61.27742988155873 49.67065553038607
12 61.27742988155873 57.19305623972279
13 61.27742988155873 37.996829381641795
14 61.27742988155873 30.56791472410825
15 61.27742988155873 31.03036654831716
16 61.27742988155873 7.303454873802828
17 61.27742988155873 41.282914969187786
18 61.27742988155873 25.056203573209345
19 61.27742988155873 46.585489303300676
420 4.995354556399366 3.064343630765279
502 2.809420008600931 2.2772728015913017
512 2.2772728015913017 2.1697825669330726
551 2.1697825669330726 2.120710832345914
591 2.120710832345914 2.0096688050181513
702 2.0096688050181513 1.023774228899768
740 1.023774228899768 0.5536011334419761
742 1.023774228899768 0.6471831721854073
749 0.5536011334419761 0.43194364903899185
761 0.41441629255515267 0.3370949777322352
771 0.3370949777322352 0.0849696831889375
840 0.0849696831889375 0.0032742140606742964

11 56.995770001848804 35.77043729861664
12 56.995770001848804 50.55552237157676
13 56.995770001848804 26.826297288167147
14 56.995770001848804 32.51822495997698
19 56.995770001848804 38.92367483245829
38 26.826297288167147 26.82131959849921
49 25.930053066941117 22.20688923996306
139 14.87354295358349 14.045782189565223
149 11.39447284066281 10.011089171471117
159 10.011089171471117 6.03042673682312
199 4.047415794410092 3.981686500785713
661 3.980204944702894 3.2603058631370594
757 2.2387098138892796 2.151443547606675
758 2.2387098138892796 1.1297670164461593
783 1.1297670164461593 0.9989554874167474
910 0.9989554874167474 0.10888260413470618
1024 0.10888260413470618 0.058381989080142915
1124 0.058381989080142915 0.017119804465650645
1334 0.016584557366726926 0.012788449624807186

11 60.59914556740945 22.611676700603528
12 60.59914556740945 21.17536818361497
14 60.59914556740945 39.02066106767897
15 60.59914556740945 31.324905522367292
16 60.59914556740945 26.099965986174634
17 60.59914556740945 28.775977049564567
18 60.59914556740945 36.44231664866794
19 60.59914556740945 10.180935092821763
76 9.486126052162781 9.461083683536444
79 9.486126052162781 6.130929254569603
230 5.035288121420731 3.3529310245511823
361 2.13091621774052 1.6377991388052848
540 1.13563758341526 0.7228622781697212
673 0.2793319922486397 0.07246650868325588
743 0.023215640935447368 0.006924893290189971
782 0.006924893290189971 0.001534064105371158


11 41.045976031348786 32.502443709808915
12 41.045976031348786 31.755457591702175
14 41.045976031348786 24.612795704871452
16 41.045976031348786 36.42556473955973
17 41.045976031348786 22.670368357179846
18 41.045976031348786 29.858768047225837
19 41.045976031348786 36.1717630435538
29 22.670368357179846 20.448020519922835
39 20.448020519922835 19.844726935713346
49 19.844726935713346 17.429185324092117
159 13.033601708723237 11.106580058253147
329 9.987885076859335 6.2603341022253645
501 5.156166072227618 5.008393189499106
609 5.008393189499106 3.3374045982168496
769 2.030636899263534 1.9868377133639186
771 2.030636899263534 2.0139756182612416
831 1.6214647330624175 1.4534900096921675
832 1.6214647330624175 0.22795615883903864
1041 0.043193027401443373 0.03075635052148229
1103 0.03075635052148229 0.003382689950143458
1330 0.003382689907535763 0.0005741433895991577

11 59.90401244038761 49.92767032221534
13 59.90401244038761 36.10143046819668
14 59.90401244038761 16.20932012498369
15 59.90401244038761 46.13787625515749
16 59.90401244038761 21.452494946254458
17 59.90401244038761 48.690588527955406
18 59.90401244038761 33.35046962202606
19 59.90401244038761 22.462267289610224
39 15.09324841885984 13.298021650932919
49 12.26465701821666 11.537300209579094
59 11.359569696865599 9.52891927587606
230 5.154798419937588 5.107937476132166
240 5.107937476132166 5.033493919487569
250 5.033493919487569 5.023504304337921
359 5.023504304337921 5.014585063175581
390 5.014585063175581 5.0035638098255255
460 4.980331108941371 4.979825538513417
469 4.979825538513417 3.8736818736172864
660 2.0112368844973716 2.007699053083499
681 2.007699053083499 1.9955376005236687
710 1.9955376005236687 1.4762151409870476
958 1.0383962697275066 1.0083352222066182
1094 1.0083352222066182 1.007294988063478
1310 1.0044905572081646 0.9961752868874605
3487 0.9949590581375745 0.04702477569028218
4089 0.04702477569028218 0.01788969426349496

11 29.946226241046027 13.943161453731996
15 29.946226241046027 18.93134675278629
17 29.946226241046027 24.48051434534605
18 29.946226241046027 17.2389489300681
49 13.340425450493068 11.570954484487253
59 11.570954484487253 10.611274291077923
69 10.611274291077923 9.439863793742717
250 1.1408962990200315 0.9969288819522859
601 0.995909474605206 0.7456694587326211
631 0.7456694587326211 0.2755044911827298
692 0.2755044911827298 0.04605293262031296
989 0.04409273179496864 0.014788113368446432
1116 0.014788113368446432 0.0041238697608037
1214 0.003490272029878838 0.0027911418635362395
1266 0.0027911418635362395 0.0007992041870537037

11 56.20309924214588 40.792311781525825
12 56.20309924214588 37.123732705249736
14 56.20309924214588 19.575402704960077
15 56.20309924214588 44.73575774705098
16 56.20309924214588 42.996795683846685
17 56.20309924214588 47.74222645947399
18 56.20309924214588 23.875194181532006
19 56.20309924214588 32.91784479392862
140 10.524805312872015 7.149025786627714
150 7.149025786627714 6.842648352319511
210 1.2997779914393917 1.266436573383313
250 1.266436573383313 1.1886026367931422
260 1.1886026367931422 1.1261516515057046
280 1.1261516515057046 1.0308214181205742
580 1.0036130113731119 0.16375518070745443
712 0.12079939329153433 0.09936415387601727
731 0.09725755735621533 0.06210928591326592
793 0.06210928591326592 0.007866057264347859
1170 0.007136386755398405 0.0004760089777136045
1357 0.0004760089777136045 0.00019882247494606986

13 43.10003242956999 32.07489766604479
14 43.10003242956999 28.369522695226618
15 43.10003242956999 29.254212484901725
16 43.10003242956999 41.76938654503493
18 43.10003242956999 18.25726658471704
89 16.264018979912805 15.380127770642712
350 5.026304341221966 5.000918687225283
391 5.000918687225283 1.5607279557358353
620 1.2732723126794987 0.20280587819160445
713 0.16834468352091392 0.05391861773319562
770 0.05391861773319562 0.005244475318548325

11 67.04691934108607 20.8975552732633
12 67.04691934108607 29.060743843761998
13 67.04691934108607 19.91944471599812
14 67.04691934108607 33.79967626329161
15 67.04691934108607 54.170473058887474
16 67.04691934108607 44.02398163115738
17 67.04691934108607 26.089139644010597
18 67.04691934108607 36.381232472544156
19 67.04691934108607 49.45737396825918
39 18.3027572665743 18.096919400080996
210 4.200609058928173 4.191053150962929
230 4.191053150962929 4.123532623332807
250 4.123532623332807 4.073867582678572
290 4.073867582678572 4.0099136734352925
390 4.008748491168873 3.9925375296841885
409 3.9925375296841885 2.2684456261069315
649 1.990063557679072 1.5919529425367926
833 1.0715264877993036 1.0540831072407002
869 1.0540831072407002 0.35868452415561336
943 0.35868452415561336 0.18045607753698079
1003 0.18045607753698079 0.11429437912955365
1021 0.11429437912955365 0.09680171594734333
1023 0.11429437912955365 0.06293128615493515
1063 0.06293128615493515 0.0029355888616180437

11 51.15354254795492 29.657991877413497
14 51.15354254795492 24.114953232875976
15 51.15354254795492 15.394613150714955
17 51.15354254795492 39.47027026981176
18 51.15354254795492 50.25429217274965
19 51.15354254795492 28.57648342905874
240 9.60329843891343 9.580603463404131
551 3.9804173364461306 3.648721672738528
713 2.422510790621203 2.071533500053647
843 2.071533500053647 1.2594903579693195
844 2.071533500053647 1.9916836868038317
874 1.2594903579693195 1.1807531128455935
1041 1.0090291310274857 0.15115480989117458
1045 1.0090291310274857 0.9995835993369298
1213 0.15115480989117458 0.10578102407470169
1224 0.10578102407470169 0.07679907286007648
1226 0.10578102407470169 0.06308696734316754
1240 0.06308696734316754 0.02310187179061529
1264 0.02310187179061529 0.004103189047029332
1275 0.004103189047029332 0.0018805612472618805

11 37.681748633979126 30.70885357654864
12 37.681748633979126 24.00021483344963
14 37.681748633979126 37.143338126179586
89 18.474828544781595 17.59542816648248
98 17.271803024386404 16.415704268378818
99 17.271803024386404 16.055445638040265
129 10.433013467802919 8.899895568360979
280 5.2855068563284995 4.778397529645087
682 3.987373291530247 0.28162227371051074
1074 0.01987962281072697 0.013628456768458364
1146 0.013628456768458364 0.013107065115772087

12 45.99336917465753 33.98935916142633
14 45.99336917465753 42.8006954928485
16 45.99336917465753 17.007692240137466
17 45.99336917465753 33.910174815539946
18 45.99336917465753 38.99873688813697
19 45.99336917465753 43.64287793908693
644 2.00124646653466 1.9999369098509803
654 1.9999369098509803 1.998382134099593
6301 1.9899181143411937 1.9410051656964527
6655 1.0341478418657886 0.949186531176899
6674 0.949186531176899 0.6705224009531925
6774 0.6705224009531925 0.4679614364116773
6860 0.4679614364116773 0.18921831252033883
6887 0.18921831252033883 0.10523989319962723

11 36.582010174298716 20.21704179988548
12 36.582010174298716 22.957383518656272
14 36.582010174298716 28.09426746168937
15 36.582010174298716 25.760357920620613
17 36.582010174298716 27.24415680176802
39 20.21704179988548 19.596892962787624
69 11.63917631939704 9.913290500354188
99 7.828316836341628 4.988929739705565
309 1.9931906761729934 1.9859494275786531
5899 0.9949590593483393 0.9635533218612764
5957 0.9635533218612764 0.4259593628521863
6346 0.4259593628521863 0.3411448686926519
6421 0.3411448686926519 0.31423512151013355
6503 0.31423512151013355 0.21532462082518933

11 65.77164858774024 26.481626839336016
12 65.77164858774024 35.82535346387676
13 65.77164858774024 36.994753825807074
14 65.77164858774024 40.64468892184443
16 65.77164858774024 37.0087396086424
17 65.77164858774024 32.497002444617976
18 65.77164858774024 37.227126402598
19 65.77164858774024 41.807666732812955
39 26.481626839336016 23.939969238928587
55 22.830431882471178 15.29765218896546
129 8.36209021001838 7.191853402306849
139 7.110954769226442 6.945569596945338
159 4.7063883089659235 4.322016454609587
168 4.322016454609587 3.926160502128944
188 3.419954511705704 3.0624999603294896
199 2.059511367838084 2.0094573885848988
620 1.9899506029157337 1.3914215732968565
701 1.3914215732968565 1.168711601512456
722 1.168711601512456 1.1339524156667338
730 1.1339524156667338 1.0749777377046108
752 1.0749777377046108 0.9963451127722465
6814 0.9949590579150893 0.12709528487724953
6860 0.12709528487724953 0.03363658790159718
6906 0.03363658790159718 0.03345010207383581

12 37.985107623967274 26.058124810064605
13 37.985107623967274 26.157391617254802
18 37.985107623967274 28.970253307002448
59 24.523216739716624 21.45543429453926
521 4.987524462787194 4.668074768006633
543 4.668074768006633 4.6666742958919905
573 4.6666742958919905 4.192787768772984
673 4.192787768772984 4.001325595449815
719 3.9801922383712167 2.018942077930344
932 0.064457610464558 0.048210050234654744
1022 0.048210050234654744 0.04596514425815457
1062 0.04596514425815457 0.03909559441826005
1063 0.04596514425815457 0.016688900782476424

11 38.0052460987168 28.429693163785515
14 38.0052460987168 33.04347436910822
16 38.0052460987168 33.14628045508328
17 38.0052460987168 27.260370044701943
18 38.0052460987168 32.57362553796852
39 27.260370044701943 22.40552911644789
129 13.040953716652261 10.637439945638267
169 10.637439945638267 10.32665130465974
199 10.32665130465974 10.240879711092006
310 8.9800790910564 7.960949886229066
450 2.4941865405180437 2.235754479021203
451 2.4941865405180437 2.4480333414855906
460 2.235754479021203 2.0757060988078315
471 2.0757060988078315 1.9493843189427622
520 1.1414851545439504 0.7234762616331096
753 0.08171818520331442 0.024805167582542254
998 0.023999520391214446 0.016478328629418115
1122 0.016478328629418115 0.006565904556289581

12 11.477010723266664 11.468574652135043
15 11.477010723266664 7.850775607873368
230 4.994298328870348 3.2150665898025323
371 2.037803360168553 2.0268758571622456
400 2.0268758571622456 2.0096504065911347
693 1.0501054851138854 1.0245085161318954
814 1.0245085161318954 1.0068946781656791
891 0.9982931828914126 0.9978994496333868
1064 0.9978994496333868 0.9974328742308245
1271 0.9974328742308245 0.9961596160178487
4114 0.994959062946613 0.857461208028365
4166 0.857461208028365 0.1588999899728769
4179 0.1588999899728769 0.07276326005827372
4439 0.061540152421535765 0.028362585768967108
4715 0.028362585768967108 0.013339943603266846

72 10.501319006207956 9.361327908468535
170 9.249300228156295 7.919865153828201
402 4.031020826604866 3.626892153239041
694 2.01855219854653 1.2232248982897893
733 1.2232248982897893 1.0631592861665524
883 1.0631592861665524 1.0188167448926997
963 1.0188167448926997 1.0130260428530455
1062 1.0035123131469668 0.9961403552782393
5903 0.9949590575735456 0.3952203142546509
6274 0.3952203142546509 0.2771290700961657
6462 0.2771290700961657 0.16400397569412206

13 41.62177840161573 31.420682218897895
15 41.62177840161573 15.731360483392143
17 41.62177840161573 27.33374718285633
18 41.62177840161573 26.293860063839944
19 41.62177840161573 33.895558951894245
59 12.47109008590343 10.945614130927982
69 10.684927973273199 7.36597650577772
401 4.042221394924416 4.014931055332337
410 4.014931055332337 3.827063602033469
429 3.827063602033469 2.320539484280232
441 2.320539484280232 0.7384271851070636
810 0.01759243216757511 0.0034794040272956295

11 50.83165884774067 10.643496261709144
12 50.83165884774067 49.729804579864975
13 50.83165884774067 49.48982983256682
14 50.83165884774067 19.836992456148398
16 50.83165884774067 12.303523946295616
17 50.83165884774067 17.037568343192056
18 50.83165884774067 27.199981310150886
19 50.83165884774067 18.058175984967598
29 10.643496261709144 8.50573900689175
261 1.0636159606518163 1.0263603830274377
271 1.0263603830274377 1.0011726131644991
398 0.9999239322074942 0.1121545604138916
401 0.9999239322074942 0.02384611613698695
560 0.02384611613698695 0.0023410167845838714

