pass_rich_rastrigin30_step0_poor1rich9
eval_cnt worst_rich_fitness new_rich_fitness
11 538.2420539305323 438.2195221409645
152 504.40863972427377 484.657697323329
262 479.15066564675595 455.3268771489361
382 445.97840615066735 440.67285043604716
383 445.97840615066735 415.87143965511575
685 407.0455802785355 395.9458698546988
2985 348.18314880532085 344.5827761441086
5517 321.7109315818077 304.4456848076191
6182 316.08461290587695 206.3559796902114

31 619.1277002902151 603.2949905752441
111 548.3291932808727 526.1120637123047
201 510.3994884379914 494.3636421429735
493 445.8440827362705 426.6132831680991
1350 389.79289759332903 386.9634486829716
2449 372.98577637825906 305.3785471844318
5213 352.81434568384606 340.18286201873156
7089 329.55983507303756 300.27413446065015
9621 313.5182393848539 306.37021865027106
10862 294.2680080322061 231.0393451396439

101 545.0835047935793 526.2108814161393
141 533.4348980185866 518.1163672387399
151 518.1163672387399 505.4669129519955
221 508.2176939793588 495.61455411790155
614 427.09658190431105 419.80175582088873
2500 377.3196467687897 365.41101373847937
4003 354.27783713571455 346.0865216720374
6424 325.1601584486597 321.1441980464993
7422 305.67963304555104 234.40304246836484

21 599.6765320177691 578.0697497130852
31 578.2763153897931 562.0121261281639
41 577.7352026541843 556.756652720903
51 556.756652720903 554.4830227437817
61 554.4830227437817 545.9743048479683
81 546.1167950886713 516.1785615325932
91 545.9743048479683 528.5303446805656
211 494.20719601145294 438.0476210657546
212 494.20719601145294 424.1041181367141
514 413.2324102069793 321.98621780322463
534 394.24997860239785 390.76765866593826
654 374.5532937355164 373.1784263340137
655 374.5532937355164 371.04727595095005
665 371.04727595095005 367.61391173052453

11 521.5550561944974 473.6630127721811
212 562.6764771556227 562.2547602467957
303 521.3765587047062 516.1436165039274
423 504.2191673936287 451.502319143484
424 504.2191673936287 451.3178795524376
645 434.60569163793593 425.6262946967129
735 434.0361743297554 433.9541856494169
946 433.5324548164017 413.56974875743646
2217 428.7495416245572 415.04405681533564
3770 400.71723839882304 387.59918671509206
5535 333.278007479906 286.336086405179

31 626.0143711232528 603.9231855535783
41 595.3111592669823 583.2247486194708
51 581.9211709602347 563.6181177834076
71 563.6181177834076 552.3917870677119
242 515.5037885377769 502.95403054388976
524 439.47606262438336 433.6457216287123
534 433.6457216287123 430.6096461388703
544 430.6096461388703 408.95454235879396
1169 411.5373931696083 365.1926705160893
3156 364.7269418407477 362.44083483579834
4477 343.1802945071938 325.7581189557044
4537 325.7581189557044 210.7310856157871
6413 314.6954436125251 303.33574971721987

11 479.17988571340663 474.48699129540705
31 643.2496825612957 635.2345240402691
71 603.4944454583004 572.0823366229918
91 572.0823366229918 565.6810100351618
101 565.6810100351618 546.5928341204752
282 494.06962154328687 492.897313356669
493 443.62191108971786 411.2102970484801
1047 394.6570214987694 394.65186436383334
1057 394.65186436383334 394.5812625030961
2701 366.83926610105135 346.26463840646403
5011 320.23918234871803 314.15750961051543
7432 299.9935008651495 278.6914690312853

41 626.7832240037869 616.547159157878
51 616.547159157878 599.5011591637995
212 546.6813502842724 516.7448471213314
222 516.7448471213314 492.2630709129645
554 438.5152049116589 416.66243691845904
1179 388.2174544977397 362.1100821720704
3388 340.88726874097705 330.44125860048604

11 567.930364054787 526.139642486668
111 542.7080581519349 541.6336185131966
201 527.2126742693956 518.943823453463
211 513.4013528716273 504.6772524925984
321 466.99803821212964 460.3465067156957
1077 388.18639011410187 380.48616503643564
3185 358.9600646389424 347.9717376807495
5848 315.54645384079055 293.00019955937285

101 546.3999307035704 536.4876271221982
181 531.2446510224955 518.8739036487697
191 518.8739036487697 502.2589224795767
201 502.2589224795767 470.4374478975918
422 443.12745069381197 435.7279571552396
432 439.47330360268904 434.09290397116547
542 427.90227579979364 394.4405122388017
753 412.3909363270479 406.5186436379422
1065 395.4222747852095 271.083255420512
2598 360.99030770824425 348.63028133849383
4030 338.5575260154953 295.54386318856524

61 590.2352640209807 562.3230047597344
71 574.1191332998709 553.5470649871111
91 556.9411355911584 548.791818002976
101 548.791818002976 511.6134338952953
111 534.5942657555959 530.2911738586968
121 530.2911738586968 520.3199466859955
221 510.85254611117693 474.570077286643
604 406.8911393706177 389.6021501491088
1562 372.3027415219552 365.8754477026466

21 616.9604143211028 596.4528529886156
91 549.0987243597137 546.0613849561806
111 531.2690595999311 512.8440038326012
252 508.8977619833796 476.9168199129127
806 433.23032605597524 427.07132371106206
1633 419.5489680827686 409.3708906025324
2813 388.8571619670203 381.0184577219367
4810 348.9205155393497 339.0441093379808

31 580.4418144218921 576.6644521128378
41 576.6644521128378 564.4526746814445
51 564.4526746814445 558.1516230521295
61 563.9973123264385 522.2376816660438
131 545.4928451258763 520.0108096043184
352 443.1527425635196 443.0297895851022
362 443.0297895851022 431.17343314580046
372 431.17343314580046 417.09806752163905
1078 387.2425548171792 352.5323969337472
3479 325.376465253581 319.53762274009284

81 545.2305565507452 496.6411425450006
242 468.6724301024826 447.9631978184749
1220 414.45500010094815 393.9038711950024
3096 376.3591093161313 350.9089595205734
6062 332.76073691662674 245.44106797337014
9048 310.83422514109503 290.8032770530687

71 588.1195991813265 587.9795217875483
81 586.2334871231997 573.2812021721679
151 564.6017791661816 547.2308000187702
161 547.2308000187702 507.9442881836558
191 507.9442881836558 503.5253769915605
342 460.3079280543003 458.25161051841224
553 398.48420393371435 396.1935157273625
2298 372.7274570574133 364.2209319738914

61 597.1153597000997 572.0726076407404
151 518.5194173396328 504.6525273623362
242 493.4802461036874 475.06772661454613
252 474.19906859485155 424.72330440199096
262 462.48194096475453 462.3448647767797
776 399.77822806558663 398.9387151087502
1583 367.2338231060751 351.22670191071506
4135 347.30967750717105 346.5567597753032

11 564.5705852246201 488.8553347437952
51 625.8012336602826 602.2464273541079
131 569.2085319644011 551.2095031092724
201 531.5076553741565 518.1511772661034
281 507.71007503622326 504.78025845547097
432 464.5488267354304 436.69173867279466
442 457.58554680795373 456.2164641496809
1511 393.7585888008365 387.0539399508204
2479 368.9785831921575 365.25230661288293
3427 357.32087332973106 356.222428514192
5071 326.92481043698143 306.71042135467405
7270 298.0197298580344 297.0941613319382
7310 297.0941613319382 296.9280992233317
7380 296.9113854929705 283.59829309342507
8399 282.91013806043026 215.06909356540106

11 655.6691443297991 577.7260409710702
91 542.5083529685073 519.8193704355529
181 497.5921712907915 485.08123114127625
473 450.1834340510535 420.3693693600459
674 446.7989512173277 445.0441997801687
2268 353.4131867155294 348.9070643213972
5456 325.4399121816448 298.01274000717575

11 489.0690940917158 480.1993238829351
41 640.4638820077134 639.4792195511351
81 607.987173799804 601.2910849281279
91 601.2910849281279 594.385373906407
101 594.385373906407 582.8488707242218
111 582.8488707242218 569.338846254445
121 569.338846254445 563.0629582166636
131 563.0629582166636 542.8780941908216
141 542.8780941908216 527.2725104609857
151 527.2725104609857 498.0059407532617
161 498.0059407532617 493.73923277569105
372 451.18655390774586 426.7668418643366
1693 386.20966713518544 372.26967429767654
4245 357.62244443272755 355.56768409324525
5294 343.4771688883592 340.4472740441111
5697 335.7567455319848 191.360107368268

11 530.0427849950007 464.4657822038914
131 538.8541345855044 534.3053883755434
132 538.8541345855044 512.8896271163381
142 512.8896271163381 502.4574293171736
172 502.4574293171736 478.1088408563512
797 389.38799940234753 382.83566716165774
1321 352.04505781635805 265.38693014673527

11 544.9648678166579 524.9289924836289
31 630.7983745246793 617.1339824900074
41 617.1339824900074 604.9955722799269
81 573.8155592506926 556.6075700037443
191 512.6321470523482 481.43984324150364
745 393.6027759251137 379.3643686246593
2581 321.78752900376725 301.699712185544
5577 314.2234401242407 301.67843349846635

11 550.4680856021495 539.1747322684663
71 541.5847402197543 527.7601936556393
141 509.64070035395844 498.3715705145713
342 482.2837923189403 480.4498761024062
1018 417.3022160409348 387.1209189117492
1784 405.5269238413906 392.75102798179057
3509 364.9656412538824 361.68315797017027
4447 335.77185926962386 276.65516114796776

101 557.8099476219365 517.9557574348704
211 510.06401985814296 486.72821708437107
221 488.52359766291454 478.89247337231836
231 478.89247337231836 469.4145708260469
331 464.13825591816163 457.4427098939019
352 457.19676159241806 454.9399874752463
452 446.37074813189037 432.1407631110909
926 418.5075408280386 411.84961074295427
2772 345.42824883552674 331.2969957913806
4769 314.2060732891512 302.6889645943425

91 573.5254894510431 570.4775716164085
101 570.4775716164085 559.382245732957
232 511.4743774720097 482.6258225996588
242 482.6258225996588 476.50509235929303
322 460.9738358722002 447.64499573899855
1149 402.38968863910685 398.77427802389616
2541 371.5120944966954 358.7643590987004
2651 365.1561366069641 364.99984510290557
5698 331.7212314820504 328.46450236560605

11 623.9210446260654 604.6083684197438
21 604.6083684197438 594.4620090488646
31 594.4620090488646 582.6833884447203
61 570.7992209014478 565.572587228537
71 565.572587228537 538.6374160307068
101 538.6374160307068 517.6872289979905
111 536.6773221596528 504.7818621430936
312 474.2055512009881 463.53833991262593
483 431.1401720084972 417.41520703566465
795 367.67456495299285 282.5657367521412
2792 341.8224618026452 338.36391880474815

101 610.9019306935053 590.6144540393834
151 590.6144540393834 552.1167897013509
191 533.6363408960468 521.4255825503608
201 521.4255825503608 518.5327171323274
241 519.2212589066497 515.0914532629156
251 515.0914532629156 487.0171347676424
563 453.04634082160294 437.1606805398227
1037 435.52098566493066 431.79384364980615
2338 408.36405115962157 396.81099109767104
3669 374.11278911715044 368.90949082814944
6332 323.9872764510053 307.09301239820843

21 634.6404689922159 630.8881767987261
31 630.8881767987261 589.4004283697766
71 587.2101794444496 562.0433744364498
101 562.0433744364498 561.2135533607325
242 529.6324823226876 504.73962223209605
453 486.9025110085772 472.69466405215803
1068 413.1894706830408 360.82910066700776
2177 379.7016392285005 365.50189861931835
4124 374.0894545251655 368.53022148801915
5728 355.5766030463441 335.92786586265663
8270 296.8286074013981 289.1908130040018

21 608.3202591559796 580.681236045262
91 552.5612664612335 542.4443507283715
211 499.4505360751258 473.1842141156146
232 476.035116131219 474.7434420404953
242 473.85727689101225 453.11388795292135
302 448.6387667958841 447.2266108471148
312 447.2266108471148 442.7311115283487
412 438.61642461704673 428.7354029135683
422 428.7354029135683 423.547778609212
432 423.547778609212 400.545965857422
442 420.3433133764193 413.2265618971071
1319 391.8009804662445 355.16536915447284
2852 366.14650112740753 356.29357482817005
4284 357.6241246011111 335.7806681342105
6372 352.11501259161224 320.3825600865705
7956 313.0714139241063 277.2792047239187

81 542.6618827031932 525.9439818149789
191 511.0357283674592 501.7765288986584
281 480.12117306502466 466.622683448503
482 432.96633829842983 421.661632618428
1662 368.39841504771624 341.1047731793544
2499 348.78686464877524 295.08488580060566

11 568.3419300785066 414.6041769132994
81 615.448326274627 600.7181407119288
91 600.7181407119288 581.512676341817
131 553.0600331887072 534.1896129678622
141 534.7286950046146 524.1682580246111
151 524.1682580246111 517.705667347145
584 430.28442999161416 417.1198461070754
1078 427.33902938043013 424.8479189543083
1895 381.06382171875543 376.0047867354107
3327 359.93082130981907 318.1302847364208
5768 333.11954457824544 317.5368182932228

21 584.2798748896232 507.4996999426376
22 584.2798748896232 516.6640807618461
32 552.08215022563 533.3913694721549
42 533.3913694721549 482.5172772131228
142 514.5195676443072 501.7210816651499
152 501.7210816651499 499.3354588407028
162 499.3354588407028 470.16680710059757
252 486.12144868875384 455.6632964714046
1442 363.2927618851796 337.87540643281557
3389 348.8802102182234 347.9603343779487

11 588.3926236913053 577.2645338262826
81 566.6723384468321 551.6304080023876
131 537.6105586914534 531.3692679445655
312 470.64220151166876 458.12636173684683
313 470.64220151166876 459.23204830456405
323 459.23204830456405 457.0634513340477
373 449.77522200155687 435.2201870988415
1482 356.2758671620148 355.0802960551575

82 560.5634596435348 550.6527578037508
192 537.9760425329414 536.5411894405381
202 536.5411894405381 536.3269412887963
212 536.3269412887963 519.2595906615346
343 482.0096300435314 471.5003750351183
685 437.9269184122997 406.25896703251954
746 431.8362096037811 425.44589776537873
1825 412.33428117224287 382.69655449046155
2985 348.90325077756347 256.21501746020715
4094 322.38506255644756 290.94556255747807

111 589.4158320179292 579.6325667413555
121 579.6325667413555 572.0847926067563
242 509.4097848560721 503.7651086974603
303 483.3068446761947 461.89015690182634
524 433.8722082409567 432.4186412125818
534 432.4186412125818 426.67988735882807
554 426.67988735882807 425.8766680529852
564 425.8766680529852 422.2438106135453
755 407.481956539062 391.3341160740472
2076 374.018763268192 356.4463844367789
3942 349.82768344646706 349.81292113841096

51 591.513857638554 559.7766719422925
141 516.1058633549069 502.2873236285942
443 419.8642679841845 403.1428706400101
1179 396.35049459496645 379.33137616049424
1754 339.98698707183183 295.42706835574893

51 594.8625241129043 580.5951253304677
101 555.9444024452475 552.8865440899173
111 552.8865440899173 534.078318488046
121 541.4319108099012 536.0758648322551
211 523.0293463760969 515.49185272419
221 515.49185272419 497.9288064369859
321 488.89110925784917 467.5172165186468
1097 393.2554973598643 387.6867563718223
3417 347.68555692308973 310.6728963458262
5051 314.25333421907123 309.47307623810906

11 594.800159920138 514.0024532574384
31 563.0028945848387 556.9193639052914
111 502.45747875453543 493.8272395095071
121 493.8272395095071 480.4349903286394
131 480.4349903286394 478.4534083727108
574 415.4168233238351 407.68650815044373
2228 379.5901401775061 377.41842853327614
4306 357.2113341184241 331.9986689588868

11 554.4321047609242 526.3409929966897
71 600.7637495700881 598.8714858789156
91 573.2454978642184 546.7222852992613
151 544.0530080027834 537.0543992217647
161 531.333908827806 489.342227798133
382 449.23673270779705 444.88874316378735
1350 374.6158954307661 366.90097753933776
2570 367.57024182552453 353.6445060608306
2892 318.5213294319197 241.4853391170747
6968 297.62712871707225 287.9327768612636

11 595.5902248479522 498.5177970630788
81 576.3978857222768 557.3526476327049
292 482.8960521032925 478.2568931039819
513 442.2559272091672 408.56364768124297
654 416.508050295885 356.29436789940894
1299 374.90683140851945 253.82891853012686
1430 367.80692846891907 221.53414417982708
3730 325.3919860167158 308.63548379871844
6010 304.68167623105484 263.27367596751395
7775 279.83215031542414 268.74480508722957

11 579.7518918051464 444.8342260473802
121 562.4635193666513 551.0881431638028
282 501.7423773920268 482.4749487087605
614 461.5796040477775 441.63810529075516
2157 379.60294480121706 359.775161488188
3377 370.8920414291653 363.39678214951334

72 599.8702847095497 576.6017495239635
263 493.9841329929112 472.76839587028775
373 482.3668100834291 476.88540842468353
393 469.7766446458413 463.3771169448711
1008 428.92273743408225 426.34074875654466
2551 370.97780593046866 348.7840285521111
3650 355.253721306839 353.9739876022502
4749 338.87870329608756 328.5177967755888

71 567.3530176250521 565.0663420539645
81 557.2177995408313 509.5152346881696
91 551.5207299543808 531.6380556404234
101 536.8744009010387 521.9397498513387
111 531.6380556404234 504.2964941460502
191 507.45188029691394 488.13350702952164
957 378.8028171150632 373.53037230484085
1643 371.6615871060238 348.7135347374166
2692 348.2487596559245 278.32365186285483

11 581.4881895549637 546.294536917382
51 572.2443952097183 562.4781892247677
61 556.9594984475096 548.7031308432895
171 508.8552421195169 508.67290243918956
565 429.6623562135452 429.1136379904618
626 423.8422267406752 410.33650643261285
2179 376.7018955818147 366.30366950989605
3803 367.61283311624334 338.49968362195074
5760 337.3497492087742 314.654075495073
6143 334.9387959685896 216.54010412184067
8443 316.0402902684369 299.26858914991783

162 520.5407257617204 502.8249674843894
444 457.4399966753633 448.26110220993246
1019 432.7842990857112 412.51344936955735
1775 415.72152866956424 254.0792277621233
3540 366.9572332504522 355.9785300058544
5537 349.38730894928875 339.6759341561162
8271 305.3076254373889 294.42698663028955
9572 288.4831469140189 282.6228731969519

11 627.0455039187041 577.0084861513028
61 574.1672408358676 531.1877255748892
161 534.715433325836 530.8802117805362
171 516.7906664375785 502.21967051627627
281 486.11964734168976 480.7145626437395
361 459.4036220517887 438.7721647553165
1016 430.00338263460486 408.75004942005324
1964 418.69577452691203 417.62299747673353
2014 417.62299747673353 417.5938936607913
2114 416.764780641182 413.02702917208387
3910 337.8861744268043 335.4322420588308
6997 321.98348055432206 314.1317748097013
9882 302.17495489944105 302.0713737122166
10306 295.8387392211752 273.9230195046183

21 602.0759239592282 592.7265795616183
31 597.9090342099216 595.0187521661755
41 592.7265795616183 538.2864792506195
111 554.1562006112342 554.0333498352136
191 503.4206503765289 497.0756806685483
291 464.4984472986547 444.02016744361725
512 430.6602645955727 428.43944123132036
1107 371.1595100462615 352.599061632509
2327 348.0348808915657 340.1172457502262
3426 338.86121450449696 314.4093827698099
3960 332.5144872956621 323.55255523874814

31 625.9765926781508 616.3847479293596
41 616.3847479293596 577.391209860586
61 577.391209860586 574.4237281360115
71 574.4237281360115 556.307815870706
101 546.5407396753019 545.1156407636457
111 544.3176992475813 526.379677839708
191 538.0343793074352 524.4033854974856
402 500.1160231283243 498.27059090226237
412 498.27059090226237 497.5565995992905
613 446.17140433881775 439.48280662728394
1440 436.7375568359765 418.4580763487003
2297 415.96463783249163 399.9765496144002
3830 350.3218862403253 333.9340784337435
6100 320.8376760746911 306.3239793073735

51 604.6150921201664 571.150431457066
171 530.3843076590592 493.1412525854769
172 530.3843076590592 476.43896738330756
252 491.65723053029876 475.23558340780295
262 477.8535387415413 477.0567797912562
847 408.0462267594261 406.23523559028183
2289 371.48937082346646 353.48910583134744
4508 326.2015669014378 323.7644905090338
4618 323.7644905090338 323.66352601800907
5485 317.28106960968825 306.56338987757937

51 578.439811157507 574.2827700587911
61 565.8883626238248 542.190800588081
71 542.190800588081 534.2853499097357
81 535.5011024916269 492.00084549373867
161 515.6429714449032 502.88776401046584
171 502.88776401046584 494.94680636879707
181 490.78996291000226 488.85242235860255
362 450.39591694028627 442.51677417229996
1784 403.21785881471817 392.0544603606222
6304 324.55134426962695 322.13448264124617

11 538.0626046862975 529.691832384537
61 618.1045053170222 598.7243924474102
91 598.7243924474102 587.2671186536137
101 587.2671186536137 568.424227254698
111 554.1514193210775 534.8316734320601
232 478.49994401840684 468.2153053818131
242 477.55832745929354 474.6508819668032
635 417.301498335668 397.5811469123399
1936 366.7865473761246 363.5704756417875
3237 330.3507632558721 321.7706368891229

21 595.2856444507876 578.8105108668037
31 594.3754188086631 565.8679176892495
41 565.8679176892495 562.7698111635494
51 562.7698111635494 535.188053789365
61 556.4509578622728 530.3159737889954
171 517.7452231414077 514.001320424199
281 490.99324759907864 465.108664981317
704 413.5085483450972 400.24378948399954
1924 366.82781320984424 365.8228807664762
3810 347.6847613685381 343.5602096884893
6645 337.9994637842151 305.4827892666113
7573 313.4418173942844 189.38734313865774

11 612.5783385199791 561.8473651931681
21 582.1999144157719 569.9022900771711
81 566.8195668526109 565.3108558264548
141 542.4654802633715 539.8112436579044
171 537.8867465118365 529.7362410144186
322 457.6886272371094 457.52399543522927
513 425.1724255317 415.71774959305765
765 414.129272350829 404.1233235617491
2197 394.17667844294033 378.76993381631803
4033 342.8581727385341 325.21345721032446
4779 338.7172950779613 231.7206525320198

21 634.3453471726356 634.1137654267975
31 621.7649665448107 619.1177565904648
41 602.446746879282 575.5243205881417
161 541.9268937664687 522.7126858222482
162 541.9268937664687 513.4051241316155
494 426.05922123645087 418.6584881865223
645 420.8497690784193 410.06717996707835
2380 373.3813658500777 332.04194023053805
3933 333.4806003483565 310.8219272617972

11 614.2619700918654 590.5275564329437
41 598.301889171946 596.7266709629951
71 583.1203725267338 572.4430388227844
81 570.408359745375 533.2203067554572
151 534.2388351287983 528.817176895441
201 508.5637615710071 488.6458904579822
261 490.1024030935582 469.47456356904667
1693 354.8436581409354 343.8180461663728
3559 341.90223544723636 312.51222451457824

11 596.067374213818 553.4364594351463
41 606.8883299593849 603.6400799715682
111 603.6400799715682 599.2879549604705
121 599.2879549604705 575.4197951027907
131 575.4197951027907 569.7455463639786
181 547.0847079987522 541.8607162737237
191 537.3684321766367 512.845028318256
281 495.2397769062786 480.48091944239445
341 486.8400543344367 348.35802775922707
1107 403.51500697377196 401.24940239116
2519 379.52342897678807 363.44365389189664
3921 370.25431019330586 368.8078014731825
7028 303.7006186814357 299.4238189260801

51 598.2607979947663 581.742095444304
71 581.742095444304 578.9724053256487
121 570.3287820900705 569.0785940375556
131 566.8413703597837 565.8412320905634
141 562.7903795694152 549.3281086348816
151 549.3281086348816 543.8957519369055
161 543.2688892888665 537.2245316969452
514 471.1553864276828 470.1408310633717
524 468.9884897622673 458.99764216144575
1805 383.2740579725372 382.736169176287
3570 353.6668224498078 313.27904487436393
5335 337.5331812111576 331.8912084519924

81 581.7585816726132 570.4671334153788
91 570.4671334153788 532.799260859322
111 532.799260859322 508.54674222428037
141 520.7663413242258 513.7959419468361
151 516.1398933055477 507.4658946392449
191 507.4850653096199 505.2409498078955
281 484.42630681435037 480.4501877565623
442 456.3640444820677 450.01364551789663
1844 404.0138300135436 395.5092246693779
2711 377.1270470186217 366.62445295884163
5768 312.5624413976424 290.84983611644935

11 579.6748381239338 524.2777965059587
21 618.5425714632083 597.5157638553412
71 570.0808157638712 548.8271325428537
141 510.28174324656146 502.4488929212537
302 453.48442211291785 426.3324855335551
1603 392.29624634963767 379.17758494889165

41 582.5268178171846 573.6227136143704
303 476.52526249598446 467.16267563490305
585 423.5458030728114 410.1711761859381
1250 403.1739972388367 401.53369245503006
2198 384.9730800487362 380.0964086881644
4599 348.783717396673 302.79606186240557

21 639.9711099703527 615.1720737010496
31 612.3591957273457 599.3292566024177
41 599.3292566024177 591.7625632310749
51 591.7625632310749 581.268553910816
61 581.268553910816 567.7668625433847
71 569.1756239008891 567.7776586381453
81 568.477210421933 544.7681010505066
91 555.4230006224955 534.7725813336699
101 549.9004829316899 537.4190754845594
111 537.0511674905357 513.0003388499076
121 532.3746351890971 503.3521069771408
322 468.6755655090325 440.9907085466433
463 450.1251970827033 444.3015280851223
1441 376.80640158763674 349.0531849007604
2530 350.12013030130976 329.13434819858924
4477 323.3858067456235 322.1905511087241
5607 302.07036177830463 269.4094675002676

11 607.3826727322587 416.68911443978516
31 585.1197484937024 571.9175612846809
61 571.9175612846809 542.866991693107
91 520.9260787951788 518.2610775692442
151 500.9859099061001 483.8939539205454
161 483.8939539205454 479.5990123955397
251 468.2125696022024 445.1445046628864
271 453.4884542526836 446.7826936909746
281 445.07265145238273 436.8668537371449
1461 382.818044602233 381.06470791049964
2560 375.98616440156155 370.34128428779076
4214 357.48083106611716 355.5455205491178
5757 346.3187224837683 341.02013594604773

11 498.75307723565993 439.3115020695715
21 626.366052746391 610.6630005018626
31 611.6162364022466 586.8401691004497
81 563.9874636739175 562.4922585788352
91 552.4965652156841 525.046031311964
222 483.4386053940484 476.42359075552974
383 435.5295482725138 408.6230501646882
393 413.5376647823884 409.70952521983537
927 358.9858364714881 357.774998853309
2632 348.2580028085039 345.85957623050365
4347 312.71838666649364 306.0542568601951
6768 295.536961295028 265.88571468081085

21 599.7975528099759 597.5423752787938
41 557.2472701934103 550.73038522314
71 545.6556630943171 540.668404587808
81 540.668404587808 533.8854441106631
91 532.0742143979206 525.4954954655341
131 525.4954954655341 510.4169330388662
151 510.4169330388662 499.85510356907855
342 454.26172507316704 446.18348991426797
674 424.7910460784001 423.5202795765379
1016 413.7035961496396 409.6026028818041
1017 413.7035961496396 409.4550948268417
1874 404.0625831861955 378.5422318045878
3609 375.3650958402917 352.8298634333057
4597 347.2108842629505 340.1115137684709
6917 306.3684822840769 303.2939856094448
8410 294.5902389287365 253.5061019239224

11 607.714470012941 549.6325281006245
51 549.6325281006245 535.2697062485798
111 495.6945034698092 492.3925797011176
121 490.94604640369573 485.33450881602755
221 464.0539158453718 446.84098735471457
231 462.70679472581776 460.03320129331865
967 421.3977590119157 420.9205246504874
1743 354.1533959569988 229.74209906129073

11 595.7446147753341 495.8864937813409
31 581.9961068453792 546.185608679601
41 562.3106698290703 561.134949400582
51 559.7508836717509 554.5425797299404
61 544.2255644857241 536.4253429989972
111 536.5382876460578 530.8046429548465
221 500.5847256391018 498.36098958781486
605 438.0991796500116 415.41310138750845
826 407.6515255623005 405.6962660799925
846 405.6962660799925 404.4043971623472
2036 351.6568438243819 351.2670223221354
2086 351.2670223221354 236.59974729241557
2186 326.433358750899 294.4059087640326

11 579.4845800856008 546.6977406491393
61 589.7040943644731 579.5965459623802
181 530.3509501739567 519.2724403013862
182 530.3509501739567 471.3992252490054
726 410.64226946420774 378.35932840425517
1180 387.31946031684237 385.471594334069
2542 358.51014404322467 351.69344978043614
5276 319.53251673988 307.6495797353308

51 587.8710183340572 580.2738473215408
61 575.5013177367416 547.1616590810505
91 560.1017564492759 528.0086158867184
211 523.8729573559231 521.4300534084425
272 485.9453448606747 475.37453147798374
292 475.37453147798374 473.76545614088695
302 473.76545614088695 443.31179348995704
594 411.3863319986924 395.260882969527
1471 378.6383314541629 378.2722295372927
3216 349.0041734756286 342.93735403707024
5546 310.07342914574485 303.3452856422857

21 637.5011854477227 631.8937353760366
71 621.985537138193 609.6304025531626
91 609.6304025531626 596.176148725558
141 566.3342749504678 531.4638293081891
261 534.0222026642734 474.15958507117887
262 534.0222026642734 443.98293399413484
383 485.15673874079107 484.48965677507096
393 484.48965677507096 466.3291272492783
493 459.81883671684477 454.14076730686656
1582 370.56059080051256 364.0736619491989
1612 369.18688821832745 369.061417806757

101 538.9688635414697 515.2156896822719
211 505.0942587036386 475.7397758208713
241 474.8812791543928 471.8857812435299
361 466.5210225663428 463.69271838102156
442 454.79216409907747 428.4915001023661
754 421.46479673412574 398.0924534233383
3589 362.19138737959156 353.6083595515993
5516 325.9665840761387 314.9594216857376

11 595.7951475063512 474.40500334443107
31 593.1440815028756 571.4270794914628
81 574.4750363772581 559.7937988961521
101 571.4270794914628 548.9306850874985
111 559.7937988961521 532.2136144319381
161 532.2136144319381 513.3821042256151
171 530.790568532308 529.5613444952373
282 490.95607755507945 486.7710335292046
292 481.8907267890227 477.6255028098294
302 477.6255028098294 473.8488500058482
382 463.2173818317234 436.79759823133827
482 444.6955197000689 437.68643267348796
1319 411.75178809488955 366.091233951478
2650 391.2752207302118 378.37575990601727
3931 371.8370702327786 371.034090326946
4011 371.034090326946 371.0275445321551
4091 370.3865596616985 357.45188573867443
6078 351.91748686470623 342.97105721572837

11 584.1034174192314 553.2302658255351
81 560.4132878744854 524.7760653775758
131 550.0848003764211 503.9686058347428
191 520.0212205132292 372.8578221888631
402 498.7794282800371 478.51646138027456
412 478.51646138027456 467.63327432983954
522 438.6984152716726 405.47907843660045
523 438.6984152716726 413.0858390901408
1461 383.65122273034814 348.3911076764966
3085 344.1908856542093 311.231330614838
3195 341.0754861633709 341.06582034322696
4265 338.08360728821435 334.84340116181846

51 604.4154119332134 593.9084786415042
71 581.1895139701555 555.6527102331686
81 556.9073546394543 543.7180662437029
101 543.7180662437029 528.3511473185688
111 529.7314762386168 527.2916996092499
121 528.3511473185688 488.22720566425227
161 488.22720566425227 469.7339014165667
362 451.617188169532 433.0014802969926
1340 379.3202632430661 368.14123881191114
4195 322.72320416706003 322.32086964952003
6959 300.70340647427986 297.04960166972353

11 680.0592309560966 509.9836906484442
212 501.9533699726146 475.6834533874695
353 469.63689297191866 463.2669516299108
363 462.699551640565 449.08442546639856
373 449.08442546639856 446.02880445414655
383 447.62839662298836 390.0354296558406
594 443.50560988781024 443.03818290753895
624 443.03818290753895 443.02269515180126
1784 401.497272876278 391.8715897311303
3559 362.301471619811 345.9166055993976

11 573.7848387516344 541.8211110265258
51 567.8198362903635 563.4167550072359
61 563.4167550072359 558.2105687994899
71 558.2105687994899 533.4489574606037
151 503.34114714516653 470.7359863587876
171 479.26800777735986 462.10337607322873
281 453.292184462088 450.9633589308312
291 450.9633589308312 417.953531343372
381 417.8606712765722 382.81228282703694
1087 394.944997607897 320.46940742906247
3175 380.165847856037 350.27557142152085
5768 353.4024799345224 330.5521537833697

21 599.5004861369091 595.751244066701
22 599.5004861369091 583.7013200583888
32 581.512842904357 564.0240177646588
82 536.6590606167913 533.1338698225555
808 411.2867241760053 384.1142005408841
918 401.6318123862643 311.90109062393014
2582 370.7115703620094 353.755281325068
4004 360.54826150608596 293.33246642531253
5214 352.54705077523295 338.06936317240167

11 616.1790603405688 583.5966229411707
51 616.1790603405688 600.1194528445437
111 576.0365025803453 545.042744846812
121 545.042744846812 544.0661318662615
131 544.0661318662615 539.3961367932675
141 539.3961367932675 521.1789788731339
181 521.1789788731339 512.4168360697993
211 505.2524766397422 493.11958704371807
412 449.3732126267208 447.51039664098835
422 442.3047080675639 406.17247150676496
1299 428.66167708621407 393.3289052625052
4830 336.12335812649746 289.4900956134017
90653 294.50592892629516 287.7268610803787
93427 287.7268610803787 283.62949903833993

21 593.4157401349307 585.9281801573577
31 576.596730611227 562.5527175959959
111 527.6902844514316 488.24127305924833
756 419.50673963051065 395.7012142295469
3076 371.5456865737857 362.00529440323623
5154 330.3466198813506 307.2909939024335

11 726.6322831484837 503.34489746058006
51 645.3556531192949 624.0736162754558
151 573.9249313197445 568.6545885150002
271 541.6982249009383 458.5312155533158
272 541.6982249009383 465.91863840545295
453 470.62590424876055 465.83963291886806
1542 403.84043194032654 399.99522619759875
1763 367.78970043160103 291.9912820072779
1873 346.95420503548553 338.45800470545765
5162 322.1545586219986 267.5926837775381

61 577.7848670648829 510.1902131486975
81 560.0432001235287 558.975440752977
91 550.4677238962861 511.9915997728323
101 532.1087600241556 528.9604984755639
121 517.6975624896224 516.5357623702073
131 516.5357623702073 508.7676420026445
998 394.65511016211207 382.8941648817089
4146 346.6667713813589 340.41938410603564
6587 322.3586650340909 311.0950391276464

11 658.4587413934961 609.3063908941754
21 610.3406892919564 609.6149332320324
41 609.3063908941754 595.1241672069882
51 584.6825980157682 577.5999453265497
141 526.000704085514 512.124780205736
142 526.000704085514 498.01186989646635
192 500.6299247677572 478.13854132125283
313 479.3911573650335 460.13386513732166
817 400.4489090502904 384.6404340810078
2037 364.066033570599 358.2532401218075
3116 329.194768609865 311.34293877923227

31 609.5556392440233 583.1874976718793
32 609.5556392440233 555.9561973259863
122 534.9189615755149 534.5835232199803
202 515.1609712487942 513.1254845164829
212 505.0811943392588 473.5803540646308
222 492.10680356920955 491.4481146076686
232 482.6008570669603 467.78885090990826
514 426.6922551316717 405.1795098827092
998 400.1698817882217 392.21528290688957
2218 385.3082331543016 366.4030976257419
4427 365.6637877866364 359.16046245744957
5284 351.6658184674201 343.455865018773
7160 339.98922524386626 334.08010615255665

11 588.2713582276618 536.4300041802926
21 612.9518191926065 599.5606788831606
31 587.7142354972573 573.9306848226992
111 571.7441232495657 548.8879639913681
121 548.8879639913681 520.1194485659577
131 522.4715954876799 499.44076271056826
141 510.65235363409204 510.59542551825643
151 510.59542551825643 500.9113323931021
181 497.47098011207913 476.1737812301495
201 488.81470735097275 485.05385251672675
211 485.05385251672675 464.86159227080384
221 476.43283558666127 460.8198190444588
412 458.9991852273493 447.2826880782435
1390 387.5550084391624 359.8020394613267
2025 380.90878012456193 349.6220579879192
6333 339.7238165364377 306.35207146355833
7987 300.9394379134086 282.33894219934257

11 578.2334845358325 459.4479839510987
51 602.1320056331199 601.5929405415311
61 601.5929405415311 588.4647557393187
71 586.4031001301062 566.8258031915293
81 580.4724722978806 573.431109291312
91 571.0498938994908 529.486379916691
191 514.6305069690856 484.28513408454273
473 456.3107634785018 440.88578699248774
1138 412.1965783150441 395.20566272311015
1581 405.7848867134448 398.2419750220749
2579 396.27505050102656 390.95790588067007
3678 372.50155640539384 360.34079965548847
7088 341.5495208590424 336.226611030853

11 570.6695070253834 548.8658826774599
61 581.4401063486293 546.5552562170699
141 527.2462267463939 512.587873519253
151 512.587873519253 508.80575908808987
171 508.80575908808987 505.7963715263252
181 505.7963715263252 490.718976031734
201 500.094036332785 498.0703121494966
211 498.0703121494966 485.9428075472616
221 490.718976031734 488.35479763160265
231 488.35479763160265 480.4369277980845
241 485.9428075472616 447.38073854548696
1794 395.9639166674156 358.09601772384775
2651 368.8141205125083 365.7383812479636
4618 309.9044320644206 304.85950918041755

11 587.6265531185007 537.1623663850706
91 573.2092002260832 570.761573143649
222 532.7540680920534 513.049502332973
242 513.049502332973 502.29825392427597
514 455.36419507436415 454.94987737205395
887 409.7155595569941 402.0629325412611
2037 398.26533827340364 390.35907884657814
3812 382.5950717853193 381.46929931952275
6475 332.11570905984377 302.8385294081721

11 639.7927103544773 504.62633470939477
21 637.5498970193256 587.9026573473644
31 629.6438946595963 617.6639449526767
41 617.6639449526767 610.6972142840971
121 545.9497071123964 542.763101471401
292 472.10906473013165 471.19481338897265
372 461.60286249066905 460.8351120381666
382 460.8351120381666 452.7056512403831
402 452.7056512403831 439.9888873989387
593 419.95048985906635 399.9621638900155
986 379.6659512193826 371.2729267984108
1298 376.16441990496253 266.1331647773394
3588 359.85721574711096 314.80246155644727
7331 318.2162159317031 315.21373264762633

61 559.677458504899 547.3239494652024
131 544.5493676533183 526.443098156589
161 498.7100130596783 496.5098565380639
171 496.5098565380639 477.5233176785333
281 480.4582944796687 474.10655333903236
946 392.04201185721337 390.1763781004327
1702 379.96538139523966 373.6409540662287
2882 372.4234688559866 372.3645052333053
5323 312.3609209689033 294.82744857811235
6846 299.40399888661904 286.6086008854138
7007 298.0743272467786 201.94934455521934

11 642.9524270207559 573.7837841719229
61 554.7354804279603 547.9855614801734
71 550.5439044213169 513.9494216559767
171 505.78789598088804 496.3098166128163
372 466.04377676257945 418.98378538380257
1905 381.4923791552015 372.69227322106315
4336 338.61802661217087 334.1995818687336
5546 317.9142416326602 303.8696326029784
7543 287.47734252257686 284.4248409272297
9349 280.92951629833647 245.46733996552112

51 568.5311132224939 523.3417180053467
52 568.5311132224939 516.9428298970466
62 550.5161522471565 515.5962969418854
152 512.6560991294891 504.67541209564035
283 466.6208952393433 446.21889537821517
726 410.3155952148943 368.01507909254275
1593 375.3596309806132 369.2137786676441
3671 344.61417909424216 344.25216549781476
3731 344.25216549781476 344.1954566058721
3821 344.1479801765704 341.4827394179367
6040 324.91042551016153 312.1195746136017
8027 298.4824968259677 274.0264307411104

81 613.887457476054 576.36719409623
151 567.4831845692307 558.4772458939478
736 406.5845420126973 380.3495450639221
746 396.49827355205525 394.93154974407287
3157 338.8635210513655 336.7985386935698

11 597.2170606637023 567.1849754530165
71 577.6007038617754 566.5888703654658
91 553.8942407932445 537.9115396106326
131 537.9115396106326 534.0283371750013
191 511.0079273560073 467.10092301393263
301 490.8688010783193 490.33986355369353
311 490.33986355369353 488.69177035809537
472 460.56953616210126 435.35841428181334
482 432.53721559623796 410.0068497978574
915 380.87470660698966 357.8262703819693
3023 346.2518907321943 292.16103279833976
5121 326.0288627911894 320.23764275595977

11 600.0725012420282 588.7062343052694
21 600.0725012420282 583.1038137883097
111 546.3944210302167 499.97541317118123
121 536.3747537498056 489.0393036700135
181 497.1187846329502 484.651871186593
201 484.651871186593 471.47770707320143
211 471.47770707320143 453.59723925247977
321 444.747941854043 440.8595507483318
1188 401.0119433289775 396.6535406510574
1601 390.7514245877021 389.7048957449449
3487 354.25098411572037 350.8643297355218
6413 311.24488492076387 297.7478555797598

71 542.6407519644463 522.147122877123
131 522.147122877123 507.7983352356217
141 501.3362058214178 486.1314652660135
221 482.08304613788334 477.14864314244505
231 481.13721728707907 463.4186460158829
553 442.764666716928 438.8749322657238
774 417.11507587615006 393.2248030214381
1046 401.11463935397313 291.2194861559023
1378 378.16305348686 263.30068163588885
3466 354.25091764870695 322.243794883228
3607 330.513024796411 235.021328834033

61 614.0741235155334 607.2465400002059
81 561.0889129456501 538.8509064744936
282 495.93634491431544 474.199153248367
402 456.6292664471873 451.11780335234556
463 450.81734188054475 437.4424011207958
745 422.13064365114 409.3564610406801
1925 398.71275043093465 367.97716846635143
3357 371.40702406836067 334.867288055867
5021 353.78376070220014 351.5981861458239

11 637.6283991760052 625.7246618167743
61 582.3508728042091 574.164126525498
71 574.164126525498 574.0041220980237
81 574.0041220980237 555.6011302577261
91 555.6011302577261 554.8755336118202
111 547.7231442616743 541.5651334417622
121 541.5651334417622 514.6422475918545
131 519.267313515976 495.39569282664473
201 499.34162749628456 460.77047829316086
291 477.9338410488668 449.7787709579595
401 449.0708011335254 448.00320382071226
411 448.00320382071226 439.5171689546562
1107 415.78590309263143 409.4391455399435
1883 401.81521474530047 391.92605223478097
3527 356.4913738916636 333.4821045059532
6412 333.7852132727793 290.88477447359844
9186 315.72827750676817 313.0311754887184
10063 297.1385326338975 172.17551701413657

31 616.3675718375043 604.5793977342705
41 591.6519234431437 558.5630120444006
111 504.92832450243645 491.41914807817443
131 504.09252504270955 498.143822688109
141 496.70379449735333 495.8096574489449
342 445.2219605537781 442.5068098685548
886 401.216847248334 379.1860458386427
3287 365.80785711147706 321.4917369886295
5042 341.0636322662088 331.5999329443954
5677 330.23586858612947 207.2551030761946
7997 291.75873923656627 287.84587521708903

11 530.9100210067013 508.6979512135173
21 589.1861361354058 585.0110128493689
81 567.3173452363537 549.322134318311
91 549.322134318311 548.8641752900294
191 495.2580455340915 468.31380056296496
493 435.92481538467223 425.3409842233806
2016 344.0501972902431 328.7553632347444

11 676.9383981646795 567.9520978744849
182 533.9067039201802 515.5612077560779
192 498.281546670519 483.19950301130973
202 491.5656543189415 469.8304294369759
413 445.6564327558125 410.8398305600152
1058 415.5783769956359 411.3945310252608
3156 387.61329917199726 385.2987132888692

11 575.4047832084476 540.1028416494247
71 553.4508239130713 542.8667066269263
131 536.6488944794879 506.75512546628755
132 536.6488944794879 490.95475544821943
333 470.8686239995128 439.33902326939125

11 579.9698448726298 525.8719316096601
21 570.2386934163487 564.3474031756325
31 554.7057439361292 551.9622554076432
41 551.9622554076432 551.6378813015608
161 516.2780581617136 516.2723848025577
162 516.2780581617136 501.53398642019556
172 505.25588170637036 504.4942507807257
232 476.88372876160224 463.241463533466
242 467.67475593967345 466.2368397059115
252 466.8969539581506 458.2777904670458
362 440.71020056226234 437.8299687837749
433 423.50234766498465 404.40464942718495
443 423.0655450777031 405.203805626076
2188 357.6244018491595 354.40090459856526
2591 353.0784454719757 280.29695089925934

