pass_rich_shubert2_step1_poor10rich0
eval_cnt worst_rich_fitness new_rich_fitness
11 11.061572054430327 -2.982146342493447
12 11.061572054430327 -39.22567199785412
13 11.061572054430327 9.248158175519984
14 11.061572054430327 -7.6798657355944675
16 11.061572054430327 -1.0220045637529518
17 11.061572054430327 -4.899291508125186
18 11.061572054430327 -9.201667578808133
19 11.061572054430327 -64.20034840761305
993 -79.37899269109641 -161.97944058033872

11 5.592973455241628 0.049467869523461536
13 5.592973455241628 -34.75160507562482
14 5.592973455241628 -0.41427193005901364
15 5.592973455241628 2.4400947861574975
17 5.592973455241628 -4.915536529700183
19 5.592973455241628 0.5600918888129295
543 -123.22982579448013 -123.43870694397849
623 -123.43870694397849 -123.4556384702393
719 -123.48055435913803 -135.58249939543572
851 -169.01734190046318 -171.5343399251292
872 -174.68673962425908 -185.89931611532083
874 -174.68673962425908 -181.8823447252824
1020 -186.0656103867178 -186.65286558159636
1353 -186.65286558159636 -186.6657190289395

18 -13.264393547620399 -25.863148471717423
57 -25.863148471717423 -32.37686327394761
69 -32.37686327394761 -33.113778677585856
74 -33.113778677585856 -38.170023051036225
79 -33.113778677585856 -56.918855915474296
89 -56.918855915474296 -66.61998889981065
99 -67.04264625500967 -95.45501503916408
633 -123.2369557957553 -169.1212794929208
703 -173.97810713321186 -175.37862094535788
885 -182.9673195144371 -184.27075178529017
905 -184.27075178529017 -185.59533653719348
1256 -186.56864058991556 -186.62558175561702
1318 -186.62558175561702 -186.6274493318243

11 4.205289439495486 -6.59152428551856
12 4.205289439495486 -4.651156227408548
13 4.205289439495486 -6.540804492841649
17 4.205289439495486 -23.019580221844475
18 4.205289439495486 -7.153760800243155
19 4.205289439495486 -8.689540771954531
109 -28.74274655162004 -32.50041235153753
189 -47.931038106614075 -55.29501722776909
726 -79.38712855758922 -96.68224876363402
863 -158.8984536770986 -162.86715369310232
864 -158.8984536770986 -186.04314964807455
874 -186.04314964807455 -186.17066168047558
994 -186.17066168047558 -186.24286588230757
1083 -186.24286588230757 -186.70303578118126

11 3.166820090410477 -4.6602567574532
12 3.166820090410477 -19.988622105144106
13 3.166820090410477 -5.953767969239278
15 3.166820090410477 -7.949888859487769
16 3.166820090410477 -5.815594640014074
17 3.166820090410477 -0.3156585041641721
162 -37.864627670994835 -38.04212922656065
220 -38.04212922656065 -38.26213736814721
609 -38.28654336255921 -39.4692859998141
706 -38.292185488438896 -38.430174219028075
752 -52.67552304252336 -53.217861359013014
753 -52.67552304252336 -53.3950472334906
792 -53.3950472334906 -53.53464724249208
793 -53.3950472334906 -53.95830587490479
910 -54.29281945326685 -72.54979786384169
977 -183.48775973593345 -184.63057880449736
994 -185.8692172729317 -186.22648263067524
1185 -186.57918429651787 -186.60419948519626
1275 -186.60419948519626 -186.60577565857827
1299 -186.60577565857827 -186.67156835314094
1436 -186.67156835314094 -186.68837349014836
1715 -186.71882149993954 -186.71951429340353

11 6.3690677162938965 2.8133859349840424
12 6.3690677162938965 -0.21813589010080592
14 6.3690677162938965 -13.601834207228046
15 6.3690677162938965 0.6782362186173998
18 6.3690677162938965 -12.497411594825747
19 6.3690677162938965 4.786422822243728
210 -24.864998335267106 -24.903501807235283
230 -24.903501807235283 -24.931632328198887
269 -24.932068835498146 -33.057740609862314
470 -37.5622163174451 -47.16860803584807
471 -37.5622163174451 -37.60735406985287
571 -77.45103895343405 -107.24903230266885

18 -5.609834839544647 -9.026522114245944
59 -10.279683633321149 -10.75870838384392
68 -10.75870838384392 -10.942175905651398
74 -13.300727053597159 -16.13579707960303
78 -13.300727053597159 -23.106646409490956
79 -13.300727053597159 -16.402762687885435
128 -24.041045561956526 -29.888878434167065
259 -38.055202639723014 -41.656930897706964
461 -52.27641112237298 -55.11265357577397
621 -76.62205721166335 -76.8824564148249
632 -77.48094559619824 -98.70029268908618
722 -163.86687483650118 -171.7785527800083
730 -171.7785527800083 -180.98824666230473
741 -180.98824666230473 -182.11599653920882
760 -184.1733947796461 -186.1934706529192
761 -184.1733947796461 -185.393140737068
812 -186.1934706529192 -186.37841842307378
842 -186.37841842307378 -186.66352718446166
858 -186.66352718446166 -186.71252308314374
1012 -186.71252308314374 -186.72452983540225

13 -16.257500038562238 -45.16453350017519
89 -48.71504246194848 -48.74779509064929
199 -49.31608748419122 -49.37126637978889
209 -49.37126637978889 -49.37655853167219
309 -49.41258608881803 -49.462360449244464
430 -49.4660374668454 -49.468842906325115
499 -49.46884290638613 -66.70249868839744
500 -49.46884290638613 -49.46947047703273
621 -78.19513514510814 -78.31825999216028
631 -78.5065612056753 -79.31306563330942
699 -79.31306563330942 -99.73540541783608
921 -185.39200564456613 -186.20365916991443
922 -185.39200564456613 -185.69909831244132
932 -186.20365916991443 -186.23163379697166
982 -186.23163379697166 -186.25461049397444
1051 -186.25461049397444 -186.41071168203553
1101 -186.41071168203553 -186.51942265541996
1121 -186.51942265541996 -186.5736512055045
1128 -186.5736512055045 -186.58630044154444
1151 -186.58630044154444 -186.69217673889418
1333 -186.70058646530816 -186.71414484280592
1393 -186.71414484280592 -186.71440002017263

11 41.1526472003763 -3.004227030566622
12 41.1526472003763 2.735135941945745
13 41.1526472003763 0.3914525488566542
14 41.1526472003763 -20.056176823404087
15 41.1526472003763 -12.191953955198958
16 41.1526472003763 -16.824005192906945
17 41.1526472003763 6.956440770860688
18 41.1526472003763 -0.6246419870915254
19 41.1526472003763 -3.0922159204968658
140 -35.55981225189306 -37.02075369480751
363 -39.577814225262316 -43.757882594933726
421 -39.58822233480384 -49.64810915846264
489 -64.28014981702695 -72.25149008666256
500 -74.80670800659017 -78.95931233986092
561 -78.95931233986092 -79.10189029606015
632 -79.10189029606015 -79.3448738842696
679 -79.3448738842696 -131.30987735166136
761 -183.33404326355148 -184.01478155694497
868 -186.11909781159744 -186.1297285838245
900 -186.1297285838245 -186.4491999042268
1041 -186.4491999042268 -186.50721344398488
1073 -186.50721344398488 -186.68279165552923

110 -50.98365784929796 -77.16164364797307
551 -123.38267390921644 -132.23178549795045
1096 -186.6710745168508 -186.69287387615378
1157 -186.69287387615378 -186.6945997019575
1306 -186.70271525135846 -186.72593366470485
1378 -186.72593366470485 -186.72702144870527

11 2.2296452878671658 -43.77811199545263
12 2.2296452878671658 -12.754764969032923
15 2.2296452878671658 -2.261754296886555
19 2.2296452878671658 -9.253498087370549
240 -54.03452499757874 -54.22644385971346
290 -54.22644385971346 -54.27551938437855
410 -54.28342772705945 -54.347045245899764
419 -54.347045245899764 -54.398326426491586
853 -54.40293521262327 -65.36331228765496
974 -73.74427334690007 -87.8107642232526
1035 -117.33523278229384 -120.36784442059813
1125 -120.43020503640793 -122.28928298975997
1133 -122.28928298975997 -122.53862947948788
1160 -122.53862947948788 -122.56373447017107
1164 -122.53862947948788 -123.30892003849303
1192 -123.30892003849303 -123.52371875693225
1223 -123.52371875693225 -123.57356972611325
2599 -123.57677030866341 -135.54181444793423
2655 -135.54181444793423 -173.33605364340445
2664 -173.33605364340445 -179.50367098966757
2692 -179.50367098966757 -180.1840887189231
2739 -180.1840887189231 -181.56261732934058
2749 -181.56261732934058 -181.65256061805877
2751 -181.56261732934058 -182.9494275526505
2851 -182.9494275526505 -185.6076074022828
3106 -185.6076074022828 -186.58220351369232

11 -0.3270717126395122 -1.0402369042042523
12 -0.3270717126395122 -33.09399816692298
15 -0.3270717126395122 -1.3013929317407373
572 -52.45690948773221 -65.13109375353471
682 -73.08301016174478 -97.90544542535375
701 -97.90544542535375 -98.54188883375289
733 -106.70285602074836 -118.52303298031013
743 -118.52303298031013 -123.51027404760089
832 -123.51027404760089 -129.72248020517392
1134 -184.1503708629242 -186.20264361729426
1175 -186.20264361729426 -186.2308620554538

12 3.9883075930752643 2.500471810682197
13 3.9883075930752643 -16.235783142948158
14 3.9883075930752643 -2.912955761999234
15 3.9883075930752643 -0.9237926580883942
16 3.9883075930752643 -2.267863619756891
17 3.9883075930752643 -4.154510721767078
18 3.9883075930752643 -7.881693568919185
19 3.9883075930752643 -8.35787738842972
131 -37.50736957822277 -70.65695802790367
132 -37.50736957822277 -73.34528255234015
311 -79.18735825268327 -79.20173473744111
363 -79.3673568227716 -84.22555836727334
364 -79.3673568227716 -94.8401648669175
451 -121.5303667489754 -127.95948117286326
562 -181.6949396765194 -186.09421129962197
659 -186.09421129962197 -186.38639307562295
718 -186.38639307562295 -186.63978583131745
821 -186.63978583131745 -186.6704828256878
948 -186.6704828256878 -186.72215992914815

11 6.415578377051284 5.086565671925935
12 6.415578377051284 5.566368471547175
13 6.415578377051284 -1.2188465960989885
14 6.415578377051284 0.10816376531263688
15 6.415578377051284 -0.2494576944480637
18 6.415578377051284 1.7628650639741896
19 6.415578377051284 5.031611372774932
29 -1.2188465960989885 -3.4767928531241346
47 -3.802712844086473 -6.542717366589163
49 -3.802712844086473 -6.086889002577219
99 -10.316761516276909 -11.152311187763987
109 -11.336880336290733 -14.092848386273669
209 -15.723478359967464 -21.829701239329488
289 -45.33384641997547 -45.46643733279314
379 -49.58398801198477 -68.85752261268829
489 -79.26498365915812 -103.96289405372768
1121 -186.33560535369887 -186.34596641405844
1122 -186.33560535369887 -186.44861937129605
1241 -186.44861937129605 -186.610757609228
1335 -186.610757609228 -186.70390473401324
1626 -186.72023068635946 -186.7309063501728

15 -6.2611218594636435 -15.007704904885793
16 -6.2611218594636435 -24.50023102216284
18 -6.2611218594636435 -32.55015905780923
473 -79.36160565715362 -154.76102401131794
735 -183.96391236853844 -184.15488331079592
794 -184.15488331079592 -185.81287673050872
824 -185.81287673050872 -186.46867127815133
835 -186.46867127815133 -186.51823387014412

11 1.2653368540541237 -33.220797684354196
12 1.2653368540541237 -4.991334438424968
13 1.2653368540541237 -34.59755563461662
18 1.2653368540541237 -1.6895470889070714
29 -34.59755563461662 -35.742255213593666
39 -37.23265553191808 -37.57107653063412
79 -37.57107653063412 -37.61845310961194
118 -37.61845310961194 -44.428705065236045
451 -79.41091100689637 -84.95341755673473

13 -5.803996748627877 -15.976536295197235
14 -5.803996748627877 -6.612453811835396
34 -15.976536295197235 -41.707823079664124
109 -78.37245966777026 -94.88525094830374
128 -78.37245966777026 -80.59903237804845
159 -82.20791932514013 -104.19304871121565
179 -104.19304871121565 -114.34007437089025
188 -114.69450979670034 -115.26639777415208
189 -114.69450979670034 -119.26649847958925
209 -119.26649847958925 -120.42831469394147
239 -120.42831469394147 -122.54952304498487
288 -122.54952304498487 -123.33945780299727
298 -123.33945780299727 -123.55901186553592
2019 -123.57677084590162 -170.47132218460402
2060 -170.47132218460402 -177.83770249302583
2114 -177.83770249302583 -181.65062352069336
2140 -181.65062352069336 -182.883665913543
2143 -181.65062352069336 -186.4709967463606
2537 -186.4709967463606 -186.5422895171661
2829 -186.55678584072945 -186.62066592729394
2909 -186.62066592729394 -186.62826621668182
3100 -186.6608187878992 -186.72767182319427

12 -8.752102391827341 -45.39935763672126
19 -8.752102391827341 -22.242386355132616
29 -45.39935763672126 -64.86896782298288
402 -178.98938696144458 -184.1042969521057
533 -185.14909719504152 -185.3660973932351
573 -185.3660973932351 -186.2274451341283
643 -186.2274451341283 -186.4174637526321
693 -186.4174637526321 -186.6183209734688
834 -186.61885501898587 -186.70159527392468
1005 -186.7049891355057 -186.71269984342482
1035 -186.71269984342482 -186.71363119380862
1105 -186.72181866617228 -186.7270752818245
1135 -186.7270752818245 -186.72797199727694

12 -8.294453017715501 -26.590327607882486
348 -46.457316400100716 -53.473957295483075
420 -53.473957295483075 -85.2251081868724
612 -123.28017313841005 -176.18976205208492
642 -176.18976205208492 -183.98545741456246
652 -183.98545741456246 -185.676750906579
752 -185.676750906579 -186.12842188412415
762 -186.12842188412415 -186.7162704007346

11 10.496720471236594 5.083882834806415
12 10.496720471236594 1.7423186111816296
14 10.496720471236594 -8.059172141142843
16 10.496720471236594 -0.0660188832058004
17 10.496720471236594 -8.806458356251634
18 10.496720471236594 -13.740216986152397
19 10.496720471236594 -5.712255778600905
89 -16.65022021243117 -20.62460674385249
320 -32.583247940209034 -33.05487060675004
347 -44.205332160038814 -63.44442414410833
502 -183.10940938256047 -184.9600900798289
541 -184.9600900798289 -185.52519406146314
542 -184.9600900798289 -186.0857954563085
759 -186.26556118425313 -186.7138131103587
763 -186.26556118425313 -186.58693805573353

16 -23.533875096813382 -75.16886435256257
150 -179.26751854187205 -185.11152938716498
220 -185.11152938716498 -186.48318978494922
230 -186.48318978494922 -186.5491356593999

12 -8.011096258847823 -22.7331114764505
16 -8.011096258847823 -13.484171504632824
129 -24.721469398463466 -28.114515719081147
310 -39.559565841150594 -43.51947884795648
410 -49.20295727102931 -52.59782777563976
546 -54.39837443012183 -63.23679733775356
2618 -79.41091322142171 -88.20729988632785
2644 -112.11309975900757 -125.70566697447926
2652 -125.70566697447926 -161.58969267140404
2654 -125.70566697447926 -175.00403912569234
2655 -125.70566697447926 -180.02393542876425
2658 -125.70566697447926 -154.30835265920487
2707 -180.02393542876425 -184.7329331140217
3193 -186.2116617742026 -186.28981590891632

12 6.767018737638442 -8.638117378578903
13 6.767018737638442 3.4053143016543874
15 6.767018737638442 0.8541901362844558
16 6.767018737638442 -0.19101752640565867
17 6.767018737638442 -2.2575215713156234
18 6.767018737638442 -7.579712736924112
19 6.767018737638442 -3.8616833248985425
29 -8.638117378578903 -10.28294179813435
39 -10.28294179813435 -11.925366967118084
54 -11.925366967118084 -13.948006133126535
69 -16.78700036499138 -23.072353375557984
88 -27.63672384540828 -38.22581846168056
331 -76.91080641161138 -77.96598602919403
341 -77.96598602919403 -79.09976164419885
440 -79.11622996717617 -79.40858645470475
610 -79.17969592242937 -79.38570042758104
803 -79.38570042758104 -79.39424317491967
842 -79.39424317491967 -79.39435405443635
933 -79.3943540551227 -79.4107942131141
2268 -79.41091319846966 -174.82520651592935
2428 -174.82520651592935 -177.63917321286976
2529 -177.63917321286976 -185.67138843954407
2646 -185.67138843954407 -186.34316503380933
2671 -186.34316503380933 -186.63828370991212

11 32.90009951219136 -14.218352483940256
12 32.90009951219136 -0.026604214479171738
13 32.90009951219136 -40.44254477174202
14 32.90009951219136 6.464812202310725
15 32.90009951219136 23.70942355325753
16 32.90009951219136 8.084710906086565
17 32.90009951219136 -0.9368979606150151
18 32.90009951219136 17.498435392057747
19 32.90009951219136 -2.3151707537248334
140 -53.47345968697406 -53.528551597863256
160 -53.528551597863256 -53.77748068314583
200 -53.77748068314583 -54.34331727041387
230 -54.34331727041387 -54.37321412178429
275 -54.37321412178429 -66.01495674229277

11 11.873121118834069 2.9879604111256626
12 11.873121118834069 -2.406609696686202
13 11.873121118834069 -6.372246780863849
14 11.873121118834069 -0.8034875627297823
15 11.873121118834069 -0.8310784574415505
16 11.873121118834069 -6.253031638804553
17 11.873121118834069 -24.544423862530316
18 11.873121118834069 -33.612124363518184
19 11.873121118834069 -22.748875390272623
49 -34.63366844032602 -38.31374342299972
170 -45.940555477145175 -46.48530927857639
210 -46.48530927857639 -46.5057934656447
510 -46.511182809296905 -48.42638657268778
611 -49.476045322755475 -53.195687166223536
720 -78.91194707733757 -120.48606484011454
883 -174.16078944755287 -175.92356782186687
893 -175.92356782186687 -180.68140580643947
940 -183.03705384058742 -186.71401604058823

11 0.29857482233703275 -41.17921820586796
13 0.29857482233703275 -10.491713485705374
15 0.29857482233703275 -20.962045865863683
16 0.29857482233703275 -52.040895950320866
17 0.29857482233703275 -3.0231914588130024
18 0.29857482233703275 -0.945526882630867
140 -52.60387076219328 -55.36283020238502
703 -79.3959445318435 -133.44651723595635
836 -182.0273998097886 -182.72731891274498
916 -182.72731891274498 -184.36775875142266
936 -184.36775875142266 -185.85609965662877
975 -185.85609965662877 -186.64311344446838

11 2.5223995123001623 0.6001540195570023
12 2.5223995123001623 -4.187355409559893
16 2.5223995123001623 -7.495749103619047
17 2.5223995123001623 -127.30139567078433
18 2.5223995123001623 1.3808470356899536
19 2.5223995123001623 -16.654749850893317

12 -1.322638331565457 -28.45729267088222
13 -1.322638331565457 -9.386249990035106
16 -1.322638331565457 -24.836285521886687
17 -1.322638331565457 -12.485476698303106
19 -1.322638331565457 -5.5620065191288415
29 -28.45729267088222 -32.233798901379636
83 -33.944021852699734 -38.54499551444079

11 4.734058559355612 -0.3138921936070122
12 4.734058559355612 0.16503377113170978
13 4.734058559355612 -10.614235460242835
15 4.734058559355612 0.19503621222843062
16 4.734058559355612 3.8618281911611745
17 4.734058559355612 -1.925767896518842
18 4.734058559355612 -20.711938357907247
19 4.734058559355612 -67.40022610638167
311 -79.30213085380781 -79.38834632543423
349 -79.38834632543423 -108.38181120812206
854 -186.58417132068166 -186.69949864500234
1056 -186.69949864500234 -186.70587670208857

11 -21.295089884968032 -32.8722939398908
14 -21.295089884968032 -153.9002611441927
16 -21.295089884968032 -27.672272855115594

12 3.4951326440713446 -2.0238208866967273
13 3.4951326440713446 -9.229743000114395
18 3.4951326440713446 -4.342090815518076
19 3.4951326440713446 -7.298026559119473
29 -9.229743000114395 -11.994831487144204
69 -17.976077658152448 -20.15000441478969
79 -21.42808345509833 -23.366172458956495
230 -39.4803784595348 -40.06041123085797
870 -79.3459617548934 -82.54908206774986
875 -79.3459617548934 -162.06629953044305
1064 -185.91903638049732 -186.5316663547102
1547 -186.54658558902517 -186.7082864756015
1711 -186.7082864756015 -186.71887757155

12 3.1678811084459624 -9.054387464832102
13 3.1678811084459624 -2.421451551176967
14 3.1678811084459624 1.0084954049861965
15 3.1678811084459624 -4.3551183442409585
16 3.1678811084459624 0.9185413249749813
18 3.1678811084459624 -62.903405251112474
493 -185.58244068449156 -185.9528340612292
614 -185.9528340612292 -186.1888723090561
654 -186.1888723090561 -186.3835508466111
664 -186.3835508466111 -186.5654711774034

11 0.9129427433307736 -0.8052075889984591
13 0.9129427433307736 -8.629344681605351
14 0.9129427433307736 -2.606398703925604
16 0.9129427433307736 -1.426279651341804
17 0.9129427433307736 -26.337162484118842
18 0.9129427433307736 -0.6685555288325439
160 -31.627687350749152 -41.76220344521048
583 -46.50973895306737 -69.43625986159242
744 -183.2413383399742 -184.17188971851863
844 -184.17188971851863 -186.2466016167249
953 -186.2466016167249 -186.40680701412117
1080 -186.40680701412117 -186.70778291008196

11 12.318529648006084 -7.375083199941012
12 12.318529648006084 0.011373728674645622
13 12.318529648006084 -0.20845107266238877
14 12.318529648006084 -0.8587755395753894
15 12.318529648006084 3.1212284910454997
18 12.318529648006084 5.211776678584118
59 -8.262148385433488 -8.605581032837605
78 -10.215717103403033 -10.794031038095465
99 -10.794031038095465 -25.14101682566383
230 -41.63502046169387 -45.83746511226603
1553 -123.57677075617778 -175.9694654887385
1631 -175.9694654887385 -177.5788136793513
1640 -177.5788136793513 -181.12225182826128
1648 -181.12225182826128 -181.8477903064395
1656 -181.8477903064395 -186.0905948899711
1913 -186.0905948899711 -186.28679106515156
2205 -186.28679106515156 -186.66983814148105
2709 -186.66983814148105 -186.6817465715549
2749 -186.6817465715549 -186.70519140841742

11 -3.5871566710615816 -13.122844409258505
14 -3.5871566710615816 -20.782371972511775
1112 -186.40286630479443 -186.41500076985432
1213 -186.48119407317978 -186.7237373681039

13 -27.961514420862194 -34.647521486481395
200 -78.64672795605037 -97.25566652241501
401 -178.812790756572 -186.52360992477722
411 -186.52360992477722 -186.55087240902998

12 -0.14276423106997088 -52.04859552107753
15 -0.14276423106997088 -9.521678088612415
16 -0.14276423106997088 -11.145606254052769
17 -0.14276423106997088 -9.837991750050525
18 -0.14276423106997088 -36.81957623363959
19 -0.14276423106997088 -16.124997917470722
301 -78.67898451502242 -79.35922589207694
432 -79.37837027371761 -79.40693590036625
1071 -79.41091235822806 -107.09256981528611
1127 -162.198310029941 -176.64035709556478

11 1.2895391339872495 0.10826320767541972
13 1.2895391339872495 -0.16972330197722335
14 1.2895391339872495 -32.42251759336195
17 1.2895391339872495 -16.518410144601724
39 -35.36624915289117 -53.82342239886584
219 -75.3346490419874 -78.60247627521962
240 -78.60247627521962 -78.98292394205575
290 -79.36773402229808 -79.38645371075654
510 -79.38694683182972 -140.33351658171847
652 -184.1625095677509 -185.31704614929845

12 -3.2759983740163703 -6.4371689783118065
18 -3.2759983740163703 -3.793707282188847
36 -6.4371689783118065 -7.349492779758429
37 -6.4371689783118065 -8.043133200983558
39 -6.4371689783118065 -10.148660701781377
69 -12.790786837026785 -28.666457191827977
119 -36.89750124250917 -37.169962905745535
129 -37.169962905745535 -49.19275506992122
572 -52.3133607290223 -80.44367558841707
652 -120.87885379913372 -122.21019030439957
722 -122.21019030439957 -122.78071318449763
1310 -123.57351397363644 -130.6004595703393
1415 -174.3492235075601 -176.67240308826263
1417 -174.3492235075601 -175.23153688931396
1434 -176.67240308826263 -182.64627495178007
1447 -182.64627495178007 -186.70127721671162
1451 -186.70127721671162 -186.7021441757498

11 2.45364194088708 -19.081444627237182
12 2.45364194088708 -0.24007845276227044
13 2.45364194088708 0.4665996896008076
15 2.45364194088708 1.6571087856535183
16 2.45364194088708 -14.398407730312018
17 2.45364194088708 -3.278280864562656
19 2.45364194088708 -1.1327931508387885
38 -19.081444627237182 -23.653076149947314
49 -23.745740916501433 -35.64520087576186
79 -43.00780381085634 -66.26727178897089
200 -144.22720348865894 -169.72015218383845
220 -174.91892304189122 -183.69310256571376
230 -183.69310256571376 -184.76828810394443
240 -184.76828810394443 -185.51017028814172
310 -185.51017028814172 -185.93819953262786
320 -185.93819953262786 -186.13449921790846
340 -186.13449921790846 -186.31958651112055
439 -186.31958651112055 -186.60230715882741
569 -186.60230715882741 -186.61921928431065
571 -186.60230715882741 -186.68310963755636
689 -186.68597467097743 -186.69085215155144
722 -186.69085215155144 -186.69275241316902
732 -186.69275241316902 -186.69370363218044
903 -186.71545731877762 -186.7257289181958
963 -186.7257289181958 -186.72649661185432

15 -0.8414176704687658 -32.02865516686889
18 -0.8414176704687658 -1.3355327057706257
466 -52.040255319135824 -77.91412722014668
624 -184.91684314787665 -185.2086320676032
634 -185.2086320676032 -186.28156834249214
654 -186.28156834249214 -186.71045153721576

12 -0.790595583576522 -13.346842179613231
15 -0.790595583576522 -10.926512772570003
19 -0.790595583576522 -4.226519138246067
58 -15.0042593306695 -16.711389636074408
109 -24.86074252023681 -26.963659434766864
223 -52.54884459443609 -57.40335791338883

11 6.867238785561184 3.400775307476649
12 6.867238785561184 1.4181128641267227
13 6.867238785561184 -2.4665609966156965
14 6.867238785561184 1.452543008404176
16 6.867238785561184 -4.749750975436008
17 6.867238785561184 4.900997535727002
18 6.867238785561184 0.06647112888262921
19 6.867238785561184 -3.5642992062109538
29 -4.749750975436008 -5.274734237141722
170 -30.42455629537483 -30.7512454559194
200 -30.7512454559194 -30.766375792506622
289 -30.768107222124677 -30.86132954667178
307 -30.86132954667178 -37.26862190198894
398 -46.12171142692145 -62.968605959174084
620 -123.49109522469031 -143.5201419943967
721 -184.73469483314958 -185.81405263315733
859 -186.41132312446825 -186.63717574875562
882 -186.63717574875562 -186.65878307154745

14 -15.03964797652662 -31.55297761242137
709 -123.28945363665267 -123.55974485154799
836 -123.55974485154799 -123.56933944440136
2735 -123.57677080485993 -133.32591498952263
2770 -133.32591498952263 -135.86237382281408
2786 -166.70411345816922 -182.2355497430466
2809 -182.2355497430466 -186.00284400005776
2891 -186.00284400005776 -186.6896082531017

13 6.0207352908042155 0.15351805795702037
15 6.0207352908042155 -0.813646099515821
17 6.0207352908042155 -33.82978852769529
18 6.0207352908042155 -2.009378332575098
19 6.0207352908042155 -3.7346905589982105
392 -170.10561147411323 -175.26236387216684
412 -175.26236387216684 -181.48972709387573
472 -183.98745918601685 -185.62146123111282

382 -39.374841132136424 -39.39629350632133
439 -39.39629350632133 -59.911898662387266
593 -119.88697386736762 -122.24231047361721
663 -122.24231047361721 -122.81773690670524
814 -123.56298993045365 -172.7330898080677
864 -172.7330898080677 -183.90755334932427
1040 -186.0294662679218 -186.30418144261546
1045 -186.0294662679218 -186.45595616207837
1121 -186.45595616207837 -186.71123719300311

19 -15.359430332290183 -17.658087858982203
28 -23.34633752347552 -25.812158982673278
170 -45.636071140129985 -46.39177654097283
190 -46.73480382222585 -49.462164279117026
200 -49.462164279117026 -51.00747402405736
532 -52.039919311489015 -56.46766804727403
540 -56.46766804727403 -68.02597881184673
552 -68.02597881184673 -69.75520433960912
622 -77.1934383895914 -77.27210355014385
763 -78.26000288797044 -79.33587545124504
879 -79.33587545124504 -114.97865424367377

11 -38.438617760817515 -186.04097296875153

11 13.227035020428216 1.5599857287990835
12 13.227035020428216 10.04145760207325
13 13.227035020428216 8.88531705940588
14 13.227035020428216 3.96545070408498
16 13.227035020428216 4.36238880628669
17 13.227035020428216 -4.001030040066762
18 13.227035020428216 -0.664012173533327
19 13.227035020428216 -3.6974010331137985
150 -27.386814012318283 -28.896138569563977
260 -30.388985077139434 -30.669539618177335
401 -50.91846811148524 -51.34419399166268
561 -51.42233925903814 -56.33114754027857
562 -51.42233925903814 -51.505158000279884
762 -79.16929056836517 -114.05521287317625
823 -119.45621102906344 -173.4196941538692
863 -173.4196941538692 -178.77901128989024
873 -178.77901128989024 -184.85689257508582
882 -184.85689257508582 -186.39033234995554
1175 -186.72672857183497 -186.73077028576918
1255 -186.73077028576918 -186.7308873986018


12 0.7917854062252817 -8.884727976733478
15 0.7917854062252817 -2.8507973394657764
16 0.7917854062252817 -9.460495911446744
17 0.7917854062252817 -31.1026255793247
18 0.7917854062252817 -32.024269494256075
19 0.7917854062252817 0.3009579738126758
59 -32.024269494256075 -33.7431861913139
79 -40.7311514877674 -45.49191899243667
329 -52.41845212482527 -60.60561849083393
441 -105.91234255270358 -125.4974096440498
592 -185.42223591567247 -185.4989023779841
662 -185.4989023779841 -186.56354965330857
681 -186.56354965330857 -186.6479354679417
761 -186.6479354679417 -186.65467659032453
1125 -186.70657521753958 -186.71967074942765
1185 -186.71967074942765 -186.7218958476546

12 -6.667782726556267 -9.261981505433736
15 -6.667782726556267 -28.585882639318744
18 -6.667782726556267 -23.829678944339005
29 -28.585882639318744 -37.173541902786575
139 -153.2344689739451 -179.47804635300338
159 -180.0263841511441 -183.14572331267877
269 -184.96895861504245 -185.81503125218018
289 -185.81503125218018 -186.50056740800642
329 -186.50056740800642 -186.60687200144386

12 -0.08487983128444988 -24.73753729045322
13 -0.08487983128444988 -1.6719283219235268
14 -0.08487983128444988 -14.856587377179341
15 -0.08487983128444988 -45.25400936787184
16 -0.08487983128444988 -6.002148853171008
18 -0.08487983128444988 -19.676494769168503
25 -45.25400936787184 -53.194117562578555
39 -53.194117562578555 -100.36534397503249
59 -107.33799082423535 -113.7578278657349
119 -165.46170631998442 -171.8706735235892
129 -177.28191583543537 -186.16084557273058
139 -186.16084557273058 -186.44764368147995
581 -186.58081807942094 -186.59525358810512
592 -186.59525358810512 -186.61323384142725

11 -0.2778092294703866 -0.9469164156488089
17 -0.2778092294703866 -2.589949456769064
18 -0.2778092294703866 -3.9578615966592423
19 -0.2778092294703866 -136.67527065045007

11 -3.4055955173804837 -9.910351489191916
14 -3.4055955173804837 -10.682552787501088
15 -3.4055955173804837 -20.256381414566683
16 -3.4055955173804837 -7.776415015717012
29 -20.256381414566683 -21.952769712743358
402 -79.05048157436632 -85.94440661864995
755 -123.48376016616052 -123.57667766967458
1859 -123.57677065588753 -143.63132337107035
1903 -143.63132337107035 -171.9953342928699
1921 -171.9953342928699 -180.39402275899755
1950 -180.39402275899755 -184.5986222192308
1986 -184.5986222192308 -186.66855286246442
2800 -186.6862258283933 -186.71704871125655

11 -0.8794788372615421 -4.250434987946632
12 -0.8794788372615421 -4.802466521709134
14 -0.8794788372615421 -66.79779734443757
15 -0.8794788372615421 -27.25566222017284
16 -0.8794788372615421 -3.4914830928655447
238 -78.52510863780331 -84.6988897506965
512 -186.11392867481348 -186.6800931621988
522 -186.6800931621988 -186.70019160685004

11 -4.162224897663879 -7.423625744750104
12 -4.162224897663879 -16.001205704041443
16 -4.162224897663879 -20.708514158492438
27 -20.708514158492438 -26.93993593228023
28 -20.708514158492438 -31.1323776326029
39 -31.1323776326029 -32.521974498577165
47 -32.521974498577165 -33.57141850405748
49 -32.521974498577165 -35.70649096090151
58 -35.70649096090151 -37.29679614514186
59 -35.70649096090151 -45.55747291660587
159 -51.60399637388258 -66.98032891819584
350 -116.99389777548629 -120.43009553807921
360 -120.43009553807921 -121.15799468525132
520 -123.44241880682272 -123.53341136128151
652 -123.53341136128151 -123.54940787465891
2592 -123.57677079127764 -168.82151899971836
2636 -168.82151899971836 -173.26418924184733
2649 -173.26418924184733 -174.44358970257946
2671 -174.44358970257946 -184.8472791919151
2737 -184.8472791919151 -184.92007906203352
3065 -185.13111877088696 -185.30144695031566
3074 -185.30144695031566 -186.63450104433477
3958 -186.63532028354183 -186.67913898731004
4119 -186.67913898731004 -186.72084667793362

11 7.487470418725918 3.4525591060888994
12 7.487470418725918 5.337036458505871
13 7.487470418725918 -65.89277857830585
14 7.487470418725918 -23.823893692908435
15 7.487470418725918 -5.9329420169309355
16 7.487470418725918 5.0043795826621125
17 7.487470418725918 1.6244572160324975
19 7.487470418725918 -5.488464416644001
450 -79.3571332134551 -81.97140894959286
520 -112.3002153626631 -155.41179156585056
530 -155.41179156585056 -159.62020761449412
542 -160.30516015825427 -172.97157477591577
602 -179.94952762224213 -185.19125447514116
681 -185.19125447514116 -186.12063009937754
1254 -186.64575302748804 -186.70066907194527
1307 -186.70066907194527 -186.7015189903433

11 104.93880573202102 -11.973806596589373
12 104.93880573202102 2.088256927677349
13 104.93880573202102 -10.452899335264634
14 104.93880573202102 -63.79773192028645
15 104.93880573202102 37.61308077199801
16 104.93880573202102 8.867838239765867
17 104.93880573202102 -10.20921179761595
18 104.93880573202102 39.0845192933288
19 104.93880573202102 -2.0928312947460164
160 -78.88758564216384 -79.07945533523436
190 -79.07945533523436 -79.13982566815292
210 -79.13982566815292 -79.24636233582326
240 -79.24636233582326 -79.39743469885157
768 -79.41083976140469 -118.34467161667862
942 -184.795070198741 -185.60320435759596
973 -185.60320435759596 -185.8719237647987
1143 -185.8719237647987 -186.54176845017284
1539 -186.54176845017284 -186.61374140159816
1660 -186.61374140159816 -186.62785876456363
1807 -186.6297979975264 -186.64076948151444
1851 -186.64076948151444 -186.6439397401571

11 12.00559110588466 1.929840848598335
12 12.00559110588466 0.3230985258785953
13 12.00559110588466 -3.3442755793166414
14 12.00559110588466 -5.803930207068725
15 12.00559110588466 -29.40079023667767
17 12.00559110588466 -5.976021788597541
19 12.00559110588466 4.149552326149783
59 -37.04537129024938 -38.240283778505066
69 -42.6835535987377 -43.49723116806291
89 -43.49723116806291 -43.648244156275915
139 -46.23273962437932 -46.29687949204191
260 -46.49211263658432 -49.515776984972526
708 -54.388444332367605 -56.332361643221034
751 -62.96895574247184 -63.40260620924495
774 -116.59018527968082 -117.38703173549327
824 -118.3892965464534 -119.52033655440795
892 -120.23583429803946 -122.64348605441658
902 -122.64348605441658 -123.39047698472281
989 -123.39047698472281 -123.39605227880969
1083 -123.39605227880969 -123.4389599017186
1264 -123.4389599017186 -123.52111081470733
1285 -123.52111081470733 -123.57066186528193
1547 -123.57555718838317 -123.57672339377814
1607 -123.57672339377814 -123.57672463874289
3083 -123.57677077476154 -185.28807217494924
3089 -123.57677077476154 -174.03708648338153
3733 -186.24831304080053 -186.47443091552185
3815 -186.47443091552185 -186.69343361186552

11 -7.952194772802164 -20.155112997214136
19 -7.952194772802164 -8.065806239143537
59 -22.483134981496246 -43.629265699719504
742 -186.4446278113044 -186.51092475478404
775 -186.51092475478404 -186.51783176021212

11 15.624285763318017 0.7661705664533851
12 15.624285763318017 5.947931123404958
13 15.624285763318017 -0.8474055292621875
16 15.624285763318017 -4.874977067341388
17 15.624285763318017 2.215305571796581
18 15.624285763318017 -7.97195546684727
19 15.624285763318017 -21.66733488352574
59 -24.763156190362412 -25.845780943597216
159 -38.09468037654492 -54.16391839896026
270 -90.25026096367448 -112.64772366857524
748 -186.40501190422276 -186.57919290205717
915 -186.57919290205717 -186.68140200965686

37 -9.035855759850387 -9.493358413078008
48 -9.493358413078008 -15.544409776858743
59 -15.544409776858743 -24.561736834948338
88 -24.946745447177285 -25.33460185314139
89 -24.946745447177285 -32.849756502961334
159 -37.97617012531607 -48.951614784801166

553 -78.83654658347172 -79.32880601005847
715 -79.32880601005847 -79.35005474223101
747 -79.35139945229385 -115.54967691101685
1380 -186.45661166854435 -186.61085413109677
1551 -186.6139250824375 -186.7016508720263
1631 -186.7016508720263 -186.70242873149851
1641 -186.70242873149851 -186.7036483021796

11 -6.237108132208989 -17.645509756718763
13 -6.237108132208989 -29.330753656880834
240 -37.56783187993079 -38.505533334420534
352 -46.11789970347039 -72.2091618498543
353 -46.11789970347039 -63.79226312177759
585 -78.96387565861255 -101.82748278940099
774 -175.8835708034237 -185.63384385927117
784 -185.63384385927117 -186.69819386359134

13 2.5463148513629803 -2.3298994722394597
14 2.5463148513629803 -15.597932144092104
15 2.5463148513629803 -2.931499106349986
17 2.5463148513629803 -2.806129897864697
18 2.5463148513629803 -5.711875346739447
19 2.5463148513629803 -7.743737601022386
89 -17.56595254885882 -22.171275508946106
98 -23.75774980196586 -24.46348219777041
109 -24.46348219777041 -33.16053299411311
139 -34.729164605832025 -36.42769102522359
149 -36.42769102522359 -37.58443625793547
209 -37.58443625793547 -37.64107625311541
269 -37.64107625311541 -37.64502885351248
288 -37.64502885351248 -54.83469037989085
722 -186.60068332829914 -186.62561660712038
732 -186.62561660712038 -186.62896570803866

11 -9.674999875428053 -12.181573720481289
15 -9.674999875428053 -29.58462819238155
523 -52.4600009550484 -74.80718552573337
598 -74.80718552573337 -106.17317477020312
835 -182.38085276650696 -185.6757743151827
956 -185.6757743151827 -186.55905324944987

12 1.6240985363432698 -162.342146397326
15 1.6240985363432698 -3.4408285922688946
16 1.6240985363432698 -0.18622204834854775
19 1.6240985363432698 -4.157307227430867
129 -181.6866571204309 -185.36064775489444
159 -185.36064775489444 -186.19594336193165

13 -10.11092086304876 -10.359135888456398
14 -10.11092086304876 -41.20829752284638
301 -51.74508355702653 -51.87271100456942
592 -51.80724281470591 -51.99747526718226
670 -51.99747526718226 -86.21517488986085
734 -117.17331580199433 -121.65767887773443
764 -121.65767887773443 -122.74997261060354
772 -122.74997261060354 -130.31958258696233
773 -122.74997261060354 -140.28131734355358
784 -140.28131734355358 -181.69522577770016
803 -181.69522577770016 -183.05835497053306
842 -183.05835497053306 -185.35632300738592
843 -183.05835497053306 -183.24119483067997
852 -185.35632300738592 -185.8121270704529
954 -185.8121270704529 -186.2980957287681
1070 -186.2980957287681 -186.39859696254734
1296 -186.56241852690113 -186.7149587093545
1336 -186.7149587093545 -186.7152887196936

11 2.2599418515194722 -6.409216711112578
12 2.2599418515194722 1.512526895628302
16 2.2599418515194722 -7.255196456145882
19 2.2599418515194722 -32.948166275911284
39 -32.948166275911284 -36.443610172172946
49 -36.443610172172946 -95.14923752248158
432 -186.3537426314777 -186.67468434145766
593 -186.67468434145766 -186.72099918461345

16 -13.197483212216445 -55.052104395880704

12 1.3840038293644454 -36.86854920090705
13 1.3840038293644454 -10.495246139932709
14 1.3840038293644454 -11.232805063508469
15 1.3840038293644454 -4.27616008848234
16 1.3840038293644454 -3.270010241449615
17 1.3840038293644454 -33.51944784522307
29 -36.86854920090705 -40.1515006370518
230 -45.52085702220149 -48.563693289521076
381 -51.9923325297949 -52.33991524569661
483 -53.47325101186466 -56.82767147234332

13 -2.3020883701464845 -26.375705359966418
16 -2.3020883701464845 -6.471858944593313
17 -2.3020883701464845 -6.922748070690049
18 -2.3020883701464845 -2.499794478868404
119 -48.83086523088762 -49.38856630773297
240 -54.138649968265625 -62.09904287748932
898 -123.53358675746279 -141.86013708651748
984 -164.1050138806018 -182.39401232748097
992 -182.39401232748097 -185.5563796633563
1083 -185.5563796633563 -186.6737366559552
1091 -186.6737366559552 -186.7278887301877

11 -9.683287502373313 -13.204245224453048
17 -9.683287502373313 -178.17215296285596
58 -181.3691450442386 -181.81441682735738
69 -181.81441682735738 -183.562310118625
79 -183.562310118625 -183.73162182822136
89 -183.73162182822136 -185.62147963774441
99 -185.62147963774441 -186.06174520072568
269 -186.5502749357067 -186.72321910066654


12 3.146064003200874 2.6401843659294393
16 3.146064003200874 -7.292000275813949
17 3.146064003200874 -0.8686397907107932
37 -7.47155238120189 -13.275416800393812
49 -20.748788520485114 -21.096530568751383
59 -29.871004878829677 -30.510155313181436
88 -65.84763079307298 -66.66711584439716
99 -67.5986870678564 -81.5712331820045
553 -123.38965877255956 -142.358922468796

13 -2.9310027685837308 -33.98592320344805
19 -2.9310027685837308 -11.678489790607255
473 -52.01791996887676 -80.67835527980156
573 -170.2086169824725 -183.6054100650866
593 -183.6054100650866 -186.34550955342954
754 -186.4955953392001 -186.70968318214375
842 -186.7096831822146 -186.72220147217493

11 1.1837184015664386 -0.5520246425285472
12 1.1837184015664386 -4.4483352463420385
13 1.1837184015664386 -17.91191428033473
14 1.1837184015664386 0.40720711708787743
15 1.1837184015664386 -6.109856700117095
17 1.1837184015664386 -4.668344876544372
18 1.1837184015664386 -1.2662449061263799
19 1.1837184015664386 -12.029628284790538
39 -17.91191428033473 -23.568293948679205
49 -23.8569137804854 -24.625027554358024
79 -29.338576593598 -29.94538784794888
109 -29.94538784794888 -30.69570960040369
219 -30.726056808135333 -30.752319703307524
238 -30.752319703307524 -32.25849867176315
450 -51.98948619924631 -52.0199063473677
470 -52.0199063473677 -52.04835663792251
509 -52.04835663792251 -53.71799479580221
659 -54.1173852649927 -64.69307217519702
882 -185.64809009736277 -185.87996966019958
892 -185.87996966019958 -186.44192444669315
960 -186.44571475326794 -186.47755455440893
1083 -186.51154657950096 -186.55099371207223
1211 -186.65326598896013 -186.67142980230707
1385 -186.67142980230707 -186.68236558342568

964 -186.6189549170311 -186.6468665304336
984 -186.6468665304336 -186.72282453986222
1128 -186.72282453986222 -186.72415777690253

14 -1.82830054474548 -29.95746783090682
17 -1.82830054474548 -43.13581411803151
18 -1.82830054474548 -9.512563348579123
19 -1.82830054474548 -14.775030206641057
79 -44.70523708536429 -45.70147897636736
109 -45.70147897636736 -45.784762705952645
149 -45.86124880467383 -46.37663785152149
169 -46.37663785152149 -46.50663127138774
228 -46.50663127138774 -50.752564773422115
390 -51.74257610597891 -51.932618066539526
490 -51.97662385876158 -122.62205974169048
864 -186.63110972145574 -186.72830749452856

11 0.05740188169281754 -2.0046861764002517
12 0.05740188169281754 -15.183204492105299
13 0.05740188169281754 -37.327227763194045
14 0.05740188169281754 -27.92993460016655
15 0.05740188169281754 -5.76046529334406
19 0.05740188169281754 -3.981333391488222
29 -37.327227763194045 -38.297135628860914
39 -38.947759727395606 -45.55201222619828
290 -49.512599409896715 -58.08893424310019
420 -76.9326544229601 -93.705556029801
512 -160.98387739867917 -171.25897205923047
522 -171.25897205923047 -185.9645525782975
641 -185.9645525782975 -186.3035937872887
683 -186.3035937872887 -186.5900484641383
720 -186.5900484641383 -186.69333291746688
862 -186.69333291746688 -186.70831531083732
914 -186.70831531083732 -186.72211699558838

11 62.99664058971198 0.010650967220193503
12 62.99664058971198 -0.7194640581380367
13 62.99664058971198 -4.3817696843200515
14 62.99664058971198 -4.674387590353916
15 62.99664058971198 5.348223261699765
16 62.99664058971198 -65.3239359393874
17 62.99664058971198 0.7170652127061101
18 62.99664058971198 -1.456385082669578
19 62.99664058971198 -23.120953236472065
69 -78.19973331333127 -82.35185079470364
76 -82.35185079470364 -102.17528968728814
79 -82.35185079470364 -102.82543579794618
89 -102.82543579794618 -105.20529511647243
139 -112.3871696354437 -112.42447552370363
159 -112.42447552370363 -120.79338135508479
169 -120.79338135508479 -122.61446346008347
177 -122.61446346008347 -130.89454509560917
360 -177.38374552199625 -184.39758549498742
380 -184.39758549498742 -185.16313394423935
400 -185.16313394423935 -185.9790963338752
409 -185.9790963338752 -186.16229177642103
410 -185.9790963338752 -186.3404712491974
509 -186.39293203586251 -186.68385822870025
681 -186.68385822925003 -186.68806458050875
891 -186.69294603787782 -186.70874392494264
1022 -186.70874392494264 -186.7258631918774

11 59.83669304722419 14.865203789448602
12 59.83669304722419 48.53940626610364
13 59.83669304722419 -3.651984116704234
14 59.83669304722419 7.1259325463076255
15 59.83669304722419 52.00061058422968
16 59.83669304722419 -10.030517112266915
17 59.83669304722419 11.538811622631458
18 59.83669304722419 0.8217172017615109
19 59.83669304722419 5.54457102274801
67 -10.799526214568326 -12.494941158202682
69 -10.799526214568326 -12.645072184647994
74 -12.645072184647994 -28.64092665071367
79 -12.645072184647994 -20.5272591527611
230 -49.034531193361964 -54.23146125873107
593 -54.35975192451743 -88.57950768046753
774 -184.3960077659809 -186.6102606613758
1045 -186.6102606613758 -186.66443422516932
1066 -186.66443422516932 -186.6763053640901

12 4.6073208638788 -4.779330977775703
13 4.6073208638788 1.4208903265383632
14 4.6073208638788 3.573520373845306
15 4.6073208638788 -9.513379328139433
16 4.6073208638788 -16.03642268707575
17 4.6073208638788 -25.694978262731038
19 4.6073208638788 2.6128244045751017
140 -30.762625798834378 -40.00944408394032
320 -52.239356963451584 -53.03927381680107
391 -121.0136822978408 -143.30219302614827
421 -143.30219302614827 -147.79175953566386
431 -147.79175953566386 -151.31034124059445
501 -174.4728178962842 -182.8746413576116
511 -182.8746413576116 -186.3452767204589
560 -186.3452767204589 -186.66121530296422

12 1.613783643892405 0.38502942867835044
13 1.613783643892405 -11.292689158257927
14 1.613783643892405 -7.3008100901711055
16 1.613783643892405 -2.270568197018995
18 1.613783643892405 -1.9588457979776042
29 -11.292689158257927 -16.89563932983963
39 -16.955683917707656 -19.74746260956835
190 -27.844989364709495 -27.978774777247356
200 -27.978774777247356 -28.630094528767017
210 -28.630094528767017 -32.57407076483583
380 -32.761898653469856 -40.7788457813791
481 -50.593290387354386 -53.18207708361572
531 -53.49631194366101 -53.989286344968825
551 -53.989286344968825 -54.23151416365862
569 -54.23151416365862 -66.07323673073167
753 -69.5171655486937 -76.18692289724223
763 -76.18692289724223 -80.18442757654769
772 -80.18442757654769 -119.96980703866154
801 -119.96980703866154 -130.5820462101972
882 -179.44745236147048 -186.5492638886307
883 -179.44745236147048 -185.807109823002
980 -186.5492638886307 -186.6629460201523
1013 -186.6629460201523 -186.68964340108283

130 -54.09700289931021 -54.24608559093466
220 -54.24608559093466 -54.38910303104993
259 -54.38910303104993 -100.28583046108801
350 -183.67270723671723 -185.31416809744616

11 3.415746803312249 -1.8159788563494965
13 3.415746803312249 -6.039426835768196
14 3.415746803312249 -10.106729278851635
16 3.415746803312249 -7.936792071804096
18 3.415746803312249 -1.6874085637087626
19 3.415746803312249 -4.538447832851236
109 -23.77514631518681 -24.298585316194345
119 -24.298585316194345 -24.375912954269047
129 -24.375912954269047 -24.911409600449016
239 -24.911409600449016 -24.927386912043843
318 -24.927386912043843 -32.812266163150944
682 -39.51279849906373 -51.639430832418185
802 -51.77323247469041 -52.14881250556679
833 -52.14881250556679 -54.167304261846695
893 -54.167304261846695 -54.311355067091874
913 -54.311355067091874 -82.06159612614704
943 -139.58268211347468 -155.48813008791228
973 -166.63297907909939 -167.68225929339494
982 -167.68225929339494 -174.71878037247942
1012 -174.71878037247942 -176.7207149450342
1013 -174.71878037247942 -177.2173517281917
1022 -177.2173517281917 -186.69206336570295
1023 -177.2173517281917 -184.7604367238415

47 -7.835355381828258 -10.465263308591483
107 -21.852506964265608 -26.05864180332821
130 -26.05864180332821 -30.097553012545596
240 -30.77580357555609 -38.73872082203708
299 -53.777047989368015 -67.50431813720684

11 8.562179454737015 5.930635565929318
12 8.562179454737015 8.434469891161323
13 8.562179454737015 -2.2621817674000484
14 8.562179454737015 7.402159078958103
16 8.562179454737015 -0.4233929795479553
17 8.562179454737015 -8.060978679321723
18 8.562179454737015 -0.05103940361523968
19 8.562179454737015 2.912832371944782
79 -27.086208447179065 -28.654121871713734
89 -28.654121871713734 -30.41553958237743
99 -30.41553958237743 -31.963696289302145
119 -34.67673540479856 -38.06988296745562
189 -38.06988296745562 -38.2409123420304
232 -38.259789592201024 -63.308753901257994
552 -185.91502182076087 -186.34302269216823
582 -186.34302269216823 -186.4798124412173
943 -186.6770425515868 -186.6783647937374

15 -11.007194265463232 -16.471012801490104
17 -11.007194265463232 -16.874501764596367
27 -19.495448893509625 -23.013089230769044
29 -19.495448893509625 -20.558201806893557
38 -23.013089230769044 -29.40745863571103
49 -29.40745863571103 -33.95972091717315
59 -33.95972091717315 -36.92546481888999
69 -36.92546481888999 -43.81137703778776
321 -52.000214287952424 -88.05856671375942
704 -123.47890791248521 -123.57185853523029
1787 -123.57676864669897 -133.59493283353882
1841 -133.59493283353882 -172.2856535024062
1858 -175.5669208096766 -183.1403042327273
1862 -175.5669208096766 -186.28055979388404
2008 -186.28055979388404 -186.46369960776877
2184 -186.53210228644411 -186.69534024933122
2316 -186.69534024933122 -186.70885389022612

13 2.1087704551905877 -28.903237268932074
14 2.1087704551905877 -3.243729142783617
15 2.1087704551905877 -11.662502779257293
16 2.1087704551905877 0.912921443520673
17 2.1087704551905877 -2.768488065329779
19 2.1087704551905877 0.37402610622235777
79 -34.63074336518742 -43.230371249503385
320 -46.40990064583973 -48.02149478718389
482 -66.07988460420444 -72.89616997544753
511 -72.89616997544753 -74.86263046243124
512 -72.89616997544753 -73.96845852951958
522 -74.86263046243124 -75.17612357118226
531 -75.17612357118226 -77.08746682497812
550 -77.08746682497812 -79.17635237729971
723 -79.17635237729971 -79.18061819020825
733 -79.18061819020825 -79.38382735752204
1867 -79.41090989229463 -84.56854361165779
2132 -117.98237513229864 -122.73300753259223
2171 -122.73300753259223 -173.9649462440159
2253 -173.9649462440159 -184.33260714343095
2315 -184.33260714343095 -184.4184167721451
2320 -184.4184167721451 -185.62471662346778
2462 -185.62471662346778 -186.1998789149283
2867 -186.72041979822345 -186.7273676671607
2929 -186.7273676671607 -186.72904379518462

49 -31.011758314995568 -33.59014195484021
59 -41.424667738636835 -43.18048861020468
230 -46.414423178982084 -66.56575527074543
834 -79.36409727010579 -79.40524875410622
1058 -79.40524875410622 -116.08144697926424
1059 -79.40524875410622 -167.14289215413731
1537 -185.7223581556014 -186.5440875746724
1558 -186.5440875746724 -186.58963455877694
1692 -186.58963455877694 -186.6447166213225

11 8.896850570145283 -33.025141829215116
12 8.896850570145283 -2.0964049670353226
13 8.896850570145283 -11.397059956953376
14 8.896850570145283 -6.697903331316535
16 8.896850570145283 -23.40118801204215
17 8.896850570145283 -9.447656394813539
18 8.896850570145283 6.351435089669424
19 8.896850570145283 7.655366583328168
29 -33.025141829215116 -35.893480228586284
39 -35.893480228586284 -49.22395987797599
557 -54.39291498491449 -73.33870942348352
578 -126.60326488434508 -139.25373088281341
593 -151.88222502622688 -163.12510351000404
613 -173.5966911016957 -180.81522068107714
623 -180.81522068107714 -181.50296189458876
703 -182.12491556513885 -186.50557655138647
951 -186.50557655404214 -186.5203389774684
1086 -186.5203389774684 -186.6433077733306
1458 -186.687142264605 -186.69346341436292

11 0.30069419532267033 -34.80088543819953
13 0.30069419532267033 -36.200464535753206
14 0.30069419532267033 -0.20532011529648578
17 0.30069419532267033 -33.444842452392024
18 0.30069419532267033 -3.67309975102329
19 0.30069419532267033 -0.5513519538401913
79 -36.200464535753206 -47.23529743195279
381 -49.15357794261528 -59.303806278893056
400 -59.303806278893056 -67.12535652799593
421 -67.12535652799593 -67.1983807291876
431 -68.88252278604728 -77.74747092742801
471 -78.56304411592842 -79.40569009881082
549 -79.40569009881082 -89.24708048306276
711 -184.1345480897283 -185.3249495083057
722 -185.3249495083057 -186.36302065434805
972 -186.57150077068312 -186.6071579799692
994 -186.6071579799692 -186.62185143263576
1044 -186.64684082290188 -186.6985477785737
1094 -186.6985477785737 -186.71201375684154

13 -8.761171932634566 -11.341443525951592
14 -8.761171932634566 -27.726170998056887
15 -8.761171932634566 -19.404292825552048
17 -8.761171932634566 -93.44166839200027

11 5.972582445356505 -0.36445983887994615
12 5.972582445356505 -20.43979640451135
13 5.972582445356505 2.118705561210999
15 5.972582445356505 2.7942579976554263
16 5.972582445356505 1.4614753523791544
17 5.972582445356505 -5.673313449340535
18 5.972582445356505 5.623832218609546
19 5.972582445356505 -22.16250076090843
29 -22.16250076090843 -30.06376478955002
360 -49.36924149159819 -68.89869160617516
522 -78.45366254072871 -95.38432972143627
731 -123.4119661960787 -159.0167900616704
864 -181.76399708023152 -186.35491592297447
914 -186.35491592297447 -186.67581045748275

11 -7.104384783037896 -61.78751365618763
18 -7.104384783037896 -10.627661090807432
180 -78.66865764466769 -84.91156552249939
623 -185.86787611819412 -186.33880120537106
784 -186.33880120537106 -186.53257075294
794 -186.53257075294 -186.5664880427181
874 -186.5664880427181 -186.68874405317518

11 18.69123554695152 4.1288402862499645
12 18.69123554695152 -19.66063946750884
13 18.69123554695152 -0.11562582519676518
14 18.69123554695152 -1.5258531683753471
15 18.69123554695152 -1.9758675741607092
17 18.69123554695152 -22.65527867460642
18 18.69123554695152 -5.837397233750426
19 18.69123554695152 -17.205316431249454
140 -38.40913523002862 -56.66662598130636
632 -79.3762348276279 -111.5575039772791
684 -121.0035781946798 -175.98494593002556
703 -175.98494593002556 -185.94004373920527
863 -185.94004373920527 -186.54134816636645
873 -186.54134816636645 -186.6791441908595

11 -7.509599727486357 -35.919515450741656
13 -7.509599727486357 -19.739216403261324
15 -7.509599727486357 -16.164164350826013
16 -7.509599727486357 -9.168422919658259
19 -7.509599727486357 -16.281846352549646
190 -46.18885526996639 -51.2532510381684
451 -51.93073281010946 -52.00214551479566
542 -52.00214551479566 -52.01168463469043
599 -52.023885727900705 -52.595667467768926
711 -54.05358696320926 -95.25408259680161
742 -116.39733120468118 -143.54727531433406
752 -166.37298907129806 -175.536886852673
770 -175.536886852673 -183.11363960277006
781 -183.11363960277006 -183.85929031417706
800 -183.85929031417706 -185.5015127784469
911 -186.4564297978291 -186.5027858335614
1011 -186.5027858335614 -186.56791764252054

12 3.238753653326956 1.4861633127813385
16 3.238753653326956 -108.66004707197156
17 3.238753653326956 1.0405686370466947
18 3.238753653326956 -16.814063632362135
430 -123.44676274552575 -166.71891829216142
811 -186.67078832883263 -186.70895172218727

