pass_rich_deceptive30_step1_poor1rich9
eval_cnt worst_rich_fitness new_rich_fitness
11 -0.09350889597414742 -0.10823291246787763
121 -0.10730598403493558 -0.10810003234945277
131 -0.10810003234945277 -0.10824541858766322
141 -0.10824541858766322 -0.11432574815727214
372 -0.11895579990264776 -0.12056898092536113
413 -0.12390217723467205 -0.13689776012606786
564 -0.13199907462383234 -0.13205319995704026
1683 -0.17428737533596492 -0.17807268089238035
3116 -0.18172914212232055 -0.1836472282528042
14437 -0.20996962005990788 -0.21851534761001107
17100 -0.22026428135823795 -0.2214636813902007
25989 -0.23116174892468197 -0.2371774417475285
32034 -0.2329857113735932 -0.23361044844045206
44254 -0.249713069769304 -0.2838219395894865
68986 -0.2632696025929622 -0.27500888359687586
69783 -0.2639202103908022 -0.34406563751634184
96372 -0.27384267916052013 -0.28451721156380133

11 -0.09866330885716523 -0.17114368505667119
131 -0.1173249703565296 -0.21499520849235843
132 -0.1173249703565296 -0.20932707066113435
918 -0.1486034776980371 -0.1570405920964628
1251 -0.1512438627987104 -0.160680047303431
1473 -0.15311303317050293 -0.16184110432313054
2543 -0.15547696743423048 -0.16772092221416074
3995 -0.16782029734499704 -0.173272604895413
4328 -0.1681158019439684 -0.1818278361945405
4994 -0.16905744375837203 -0.2012175253983514
5993 -0.17037479383971796 -0.17547310981643557
6942 -0.17118329331205004 -0.17792022425576845
16921 -0.20948114969689602 -0.22838597632387272
21461 -0.21206637321192595 -0.241977737411007
26980 -0.22416058433516953 -0.22494817641761958
45789 -0.2512129479914012 -0.2681745122327021
69896 -0.27180858525339885 -0.28350570483091353
95728 -0.3058288568237246 -0.31803678498352944

11 -0.12344350194091319 -0.12902928491240742
131 -0.11179423204129216 -0.1393376351952638
132 -0.11179423204129216 -0.13077588476393803
172 -0.13508748175093813 -0.19779222253808723
847 -0.17788658916667122 -0.1862064247831216
969 -0.17818433347820584 -0.1962699414912726
2976 -0.1896959008050698 -0.1898828607768925
3209 -0.19020744868105421 -0.19055395350621007
8476 -0.22311761739082123 -0.23085586744563694
12905 -0.2265370889741077 -0.25722582106684877
34035 -0.2272382833124694 -0.24087534164878174
56729 -0.24878150332946825 -0.25580481269675326
57314 -0.25380335317654024 -0.3815028710847209
82632 -0.2856168493347316 -0.3018085054028541

131 -0.10207830372898148 -0.14431389266120098
132 -0.10207830372898148 -0.1326196827761606
444 -0.12637025901364288 -0.13207216600813088
514 -0.14708755749566255 -0.26524776050000065
856 -0.16324771496048696 -0.19101161457166116
857 -0.16324771496048696 -0.1928441420597657
1532 -0.1752168152982608 -0.188364154060395
1533 -0.1752168152982608 -0.17851074839939973
13197 -0.22130750224986162 -0.22130789699574283
18848 -0.22316579202414835 -0.23550367853989287
35659 -0.23545228530164286 -0.2466838571069911
57586 -0.24253721645811108 -0.25247483912885765
58080 -0.26267303929246016 -0.33079006178959486
81036 -0.27755007442792784 -0.2846212005766928
81056 -0.2846212005766928 -0.37876317128769293
85728 -0.29175460890184735 -0.32690462406439963

11 -0.10004731180195803 -0.10341321994015056
131 -0.11011462991715922 -0.17629979453388078
132 -0.11011462991715922 -0.16369050775027105
363 -0.14782054923743973 -0.15604132315570607
384 -0.14782054923743973 -0.1484804756149668
1806 -0.17234036146782014 -0.1801277774074559
1807 -0.17234036146782014 -0.1730681951111435
2926 -0.1796684979825072 -0.18941527987205642
2927 -0.1796684979825072 -0.19000282905180024
11806 -0.22179917742251323 -0.22311675276821186
19020 -0.2375866271697046 -0.2511053809943511
19564 -0.23792752971033398 -0.32969293353403756
34306 -0.24494449773687493 -0.28713915417602315
50703 -0.24622023446024652 -0.2615037543863609
52246 -0.257497663898635 -0.28002733014628534
75616 -0.27934096275580317 -0.2957367095837915
75777 -0.29813790704663373 -0.46166037877352123

11 -0.10646998133466246 -0.11264290834977563
131 -0.08996725176985317 -0.09151674072382703
353 -0.12909044886508916 -0.17474895865044177
354 -0.12909044886508916 -0.1772561363141616
918 -0.15516848902754105 -0.16077025145137103
1029 -0.15519769851871362 -0.16040956945980817
1161 -0.1552765834758699 -0.1674835661304405
1503 -0.17435089305118848 -0.19175001324549945
1504 -0.17435089305118848 -0.18613025139585923
9364 -0.22316001423486062 -0.22356937547186775
18324 -0.22522737838696943 -0.28698315744358327
32743 -0.23784895618785823 -0.2672501141141898
53066 -0.24903111464899377 -0.2643184148100379
67970 -0.27167716813940396 -0.28150578724603353
93631 -0.3023656824596114 -0.30662484901165477

11 -0.07511384438129325 -0.09797780647324304
131 -0.10585756114029839 -0.13058673685550976
132 -0.10585756114029839 -0.13132079850737763
142 -0.11088238860267063 -0.1173582599420816
1150 -0.14386348335971896 -0.19192919586497437
1151 -0.14386348335971896 -0.17931038526056878
4319 -0.19319918862829324 -0.19366576418547524
10736 -0.2070445717414563 -0.2267429780708856
23924 -0.2162490445243564 -0.22216798180985026
33318 -0.22519222835141628 -0.23831086321293507
35608 -0.22974552164353956 -0.2658071586360792
57818 -0.2794384283191966 -0.28155156588699426
82419 -0.3065447385209304 -0.33112442192117203

11 -0.0805390826593128 -0.11844846494410008
131 -0.09018952963021482 -0.1394417008068406
132 -0.09018952963021482 -0.12110349633307498
787 -0.16500604303729716 -0.26194624942674394
2017 -0.18664120970162607 -0.1910814113454416
2018 -0.18664120970162607 -0.1990413902282506
8778 -0.19625577501430963 -0.2126905559373879
11199 -0.22012226046736613 -0.24287023132939708
13711 -0.2238735177622492 -0.23753719770596704
27111 -0.23690867335933014 -0.2492193257154433
28220 -0.2492193257154433 -0.3105659272507088
41933 -0.2633943426413002 -0.2723736708697246
64677 -0.2901709531476521 -0.3154643233401741
97129 -0.3243357751622969 -0.3484714197743206

11 -0.09923294008904317 -0.13221700400625644
131 -0.11271839423351035 -0.15712387831507443
132 -0.11271839423351035 -0.14507107076583295
1917 -0.1581873645836452 -0.16507120608296788
2129 -0.15831444604659634 -0.17428916461571664
2804 -0.19600554256354574 -0.23489933170379082
2805 -0.19600554256354574 -0.22125111644250395
7234 -0.21644473538603193 -0.22132750210379926
16043 -0.23705737344377362 -0.2509289772442734
35508 -0.2517640686829862 -0.2861218063798738
61825 -0.27120876624248624 -0.2785936291544317
89181 -0.28115976624961775 -0.2827897763207827

242 -0.12195027061457382 -0.12677104792798477
464 -0.13337993858720606 -0.14440939691352248
797 -0.1341676146383124 -0.14912026066013043
798 -0.1341676146383124 -0.14773937288911468
918 -0.1436450316512003 -0.15051787514869353
919 -0.1436450316512003 -0.14925188975160603
1039 -0.15643162716799067 -0.16316865595128371
1040 -0.15643162716799067 -0.16256882537942988
3935 -0.18321608381143556 -0.19698565008763
8870 -0.18621470087524725 -0.20001660926093212
10877 -0.21291619265800935 -0.21658716933227384
11503 -0.21305320080022214 -0.2207274582039495
13056 -0.22985544045931408 -0.2322709391702633
13641 -0.2376717568759791 -0.32654691231554595
35336 -0.2700015020322415 -0.27385658622891856
48938 -0.2738206389741106 -0.27699150489488883
48968 -0.2750752397077527 -0.4335837113871784
71117 -0.30251119284862216 -0.3262896868405746
95466 -0.3095321310950918 -0.3199955191464179

131 -0.11678193962814347 -0.1176622443168595
686 -0.16344135221292527 -0.1667774057568873
687 -0.16344135221292527 -0.18326163174120078
3028 -0.17896157874071617 -0.18034053319866253
4026 -0.18565232469695397 -0.3386837713010131
6699 -0.19197961818316012 -0.20775162095262795
7123 -0.19292038224221425 -0.21045189170359763
10301 -0.1982281958614318 -0.20018745140960825
29100 -0.22904420763593974 -0.2368511898146054
51118 -0.2659354329649261 -0.2700577993977307
79332 -0.31395866611147316 -0.3390454112307088

324 -0.13483567458830265 -0.13608437937151469
444 -0.13865628836332483 -0.14895729218020132
445 -0.13865628836332483 -0.15676236501097252
898 -0.18149706621200476 -0.1826511645047983
2422 -0.18622883300138354 -0.20232841046223865
5328 -0.20923828049222942 -0.23528337999843263
8849 -0.2179298952521254 -0.22315747988730442
21856 -0.22822781784444718 -0.23050192606900755
32380 -0.23774370984744794 -0.24662648924048808
40291 -0.24621342155130757 -0.2510907008552106
60785 -0.2655054013167581 -0.2852992273368498
88080 -0.2939209437415575 -0.2993430659454576

11 -0.14012357201809317 -0.14369991717672334
31 -0.09135416802185087 -0.09276631964652828
232 -0.11965108681345961 -0.12730308576153343
433 -0.12659968442777214 -0.12893563525636265
3177 -0.1723538839684132 -0.17930174896148765
6506 -0.18509928484123145 -0.18527890137617456
8503 -0.19526233605607585 -0.2093394932133544
10349 -0.20169878525732526 -0.2106541752669071
20651 -0.22316120947606496 -0.2323603491331181
46776 -0.2571084331748136 -0.2641589356241127
63708 -0.2665721169898753 -0.2669871726748037
84192 -0.2800505156235217 -0.2811524656222862

81 -0.10918617696998545 -0.17698696712768083
82 -0.10918617696998545 -0.17765059504668368
535 -0.13561402708054848 -0.14680567511198436
536 -0.13561402708054848 -0.13598075947962004
656 -0.13598075947962004 -0.14552083849770778
657 -0.13598075947962004 -0.14641163577371274
1242 -0.14317322612396216 -0.14960618219095065
1917 -0.14729386502325706 -0.1791503536690481
1918 -0.14729386502325706 -0.15513138884536504
2926 -0.16511915806995542 -0.17226205699719258
2937 -0.16511915806995542 -0.1890561533955841
3279 -0.16778671482286697 -0.1834634885538037
3280 -0.16778671482286697 -0.1849219998378918
6064 -0.2130244145540034 -0.22677074501449349
7255 -0.2152933469270009 -0.21734228758285976
13460 -0.23307639572217012 -0.24219973602170108
38848 -0.2674983010622246 -0.26955343152865996
51168 -0.2705785240843188 -0.2883091936064151
73811 -0.28399668372168274 -0.2880344487858464

131 -0.0960714946925479 -0.11998995522264523
132 -0.0960714946925479 -0.11396721165684934
252 -0.12205758874216238 -0.13664261585933962
253 -0.12205758874216238 -0.13660484969768602
484 -0.14240496883145742 -0.14413439729629374
928 -0.15053010827853597 -0.1777019332481801
929 -0.15053010827853597 -0.17671759607825407
2714 -0.15925921888708944 -0.16317263443741736
3047 -0.15940565196623835 -0.19601296318132996
3270 -0.15959151159291224 -0.16671192914527053
14077 -0.20387113864207565 -0.23047635136608569
21826 -0.25491194429547154 -0.28232746520704965
39969 -0.2596625699640405 -0.28942228954884225
63823 -0.29253883968594346 -0.30760361899989924
91976 -0.30111675224044293 -0.31284634981449927
92127 -0.30472506531545385 -0.3851886083725636

575 -0.13964377998196534 -0.19091879920040214
576 -0.13964377998196534 -0.20162335163205222
2785 -0.18803135113931477 -0.2143765986013251
4571 -0.19585405426152824 -0.20041533802723913
5327 -0.19907046808787907 -0.36352305729973516
13096 -0.21128009669707679 -0.21256262884598398
28615 -0.23471534450412762 -0.25280593444565913
30945 -0.25280593444565913 -0.25296917320749623
54306 -0.2917326037244329 -0.30515944499354897
79714 -0.3198743246991955 -0.35422198846051156

21 -0.09686590066156973 -0.09691800682400527
444 -0.1496322158455735 -0.1545706616215147
564 -0.15757128636651976 -0.16831902213505456
565 -0.15757128636651976 -0.1687733339365525
796 -0.17739949195843402 -0.202727848434421
797 -0.17739949195843402 -0.18205516449880438
1250 -0.18133617431644364 -0.2105192581202555
1251 -0.18133617431644364 -0.2032572879300293
6144 -0.1957573915585502 -0.1998366984468632
7638 -0.1965020504804054 -0.19795054582283522
11865 -0.20551640499406099 -0.2074336817553858
14529 -0.21075024523741911 -0.220208682079304
14711 -0.21077286791613076 -0.22238163911166872
27183 -0.2284252986754851 -0.26340032501277855
39120 -0.2404164931171668 -0.28489364302209064
46516 -0.250914319796294 -0.25537561929212194
72782 -0.28510340925005534 -0.29448465626940823
88190 -0.29091333633195515 -0.3229177766460945

71 -0.0885549653547671 -0.09458050678623349
191 -0.10595171701592332 -0.12486972301699166
192 -0.10595171701592332 -0.11022622212787421
212 -0.11022622212787421 -0.11051460511019871
676 -0.1404001396499746 -0.14567588923895827
3460 -0.1759267471998461 -0.21500464681964868
5045 -0.17892366933685136 -0.18039824602920063
7456 -0.1872931844100328 -0.19729824497803025
9241 -0.21670499234475488 -0.22445484569837604
17001 -0.22568256744158033 -0.23578295487739892
22318 -0.22936211162259088 -0.2425741455615643
24416 -0.23328102012429192 -0.2662955628542351
45970 -0.2414404948347623 -0.27695849014395
69562 -0.2876867079560585 -0.3161278760816315
69703 -0.2901385360130931 -0.4866786970509692
97836 -0.31575555322148163 -0.32603559079199834

71 -0.07909552711762252 -0.1386112014167312
72 -0.07909552711762252 -0.1292945665113751
808 -0.15079562915908465 -0.17275488013697213
999 -0.15851531164006424 -0.15879134846856188
2280 -0.1786582109834347 -0.19110020391165103
6679 -0.20946655140019863 -0.21446595885033506
19928 -0.22318279993523013 -0.2556918254521875
28414 -0.22622197947753792 -0.23089252490873502
46829 -0.2360802759044137 -0.260074698992183
63034 -0.24913457165136996 -0.2634680986280623
83468 -0.2566557028536066 -0.2763086246352591

131 -0.08388828573063146 -0.1198601496254331
132 -0.08388828573063146 -0.11615130399715777
252 -0.10418292509956728 -0.10596542618390066
253 -0.10418292509956728 -0.10737863024419926
263 -0.10973354295547169 -0.11030679797774752
605 -0.130179625617381 -0.13745000074511426
716 -0.13025275071844372 -0.16095277391448135
717 -0.13025275071844372 -0.17355017993145833
1170 -0.13624018694397405 -0.15517406619552007
1171 -0.13624018694397405 -0.15313922709059385
1513 -0.14517700120993637 -0.18150466740331228
1514 -0.14517700120993637 -0.1786313577069122
5045 -0.1890751514636679 -0.20501904736676055
5165 -0.19095971084309796 -0.21835462336047257
5166 -0.19095971084309796 -0.21475581218994896
7940 -0.22632261489781272 -0.25731996819565167
13156 -0.23479139495710732 -0.2437897084836008
38181 -0.28174670566270965 -0.3256323704859158
61521 -0.3033502051408521 -0.3237223725667894
61722 -0.32187732185096657 -0.42122687564283734
96182 -0.3360043796318779 -0.34111525376917756

11 -0.08076949265026191 -0.13038675684727125
131 -0.08401995076423387 -0.08963282203093502
132 -0.08401995076423387 -0.08736175772449951
252 -0.11419033526258644 -0.13509256657511082
253 -0.11419033526258644 -0.1294665933251512
595 -0.1579415852852835 -0.1710151839501212
928 -0.1589888708483712 -0.18526375862211286
929 -0.1589888708483712 -0.22526459507996793
1604 -0.18256815584118508 -0.1906029719588357
2159 -0.18325217575421796 -0.20682040017972483
2160 -0.18325217575421796 -0.2118152632930943
2391 -0.1856168609781589 -0.20291857919442913
2392 -0.1856168609781589 -0.2010549322166065
6287 -0.19772571523506863 -0.20136465362713102
7618 -0.2082687082311577 -0.2087973012252898
10120 -0.21098295153669416 -0.24607046341146824
14115 -0.23761490929663798 -0.2806537527380927
14387 -0.2576578504331498 -0.40378772902754795
33206 -0.2652448464378043 -0.2661419393921713
56748 -0.27006516152606747 -0.2772652570196705
61662 -0.28434847311718775 -0.29609997531589605
93085 -0.32476956115022604 -0.3263760643108166

131 -0.11450216627329698 -0.12221766197205548
132 -0.11450216627329698 -0.12878839675531054
252 -0.12212372001302081 -0.14969494947967357
253 -0.12212372001302081 -0.1375033805508639
373 -0.150541082830765 -0.15974447227478308
374 -0.150541082830765 -0.16421027765478508
605 -0.151937425509461 -0.15369082733743697
1715 -0.15989317032461997 -0.1803927340916747
1716 -0.15989317032461997 -0.18904064265658987
1837 -0.18053236032048436 -0.18116147127260632
5499 -0.19752280390479432 -0.21206677296344315
11997 -0.20377274144951826 -0.2303097129358579
13026 -0.2503429427586825 -0.26492810196164124
18656 -0.2545060365419033 -0.2805345202432508
42864 -0.2615559679448792 -0.2731589472753211
66850 -0.2682185996736885 -0.33771446344690664
96325 -0.30142146645690227 -0.3201461129133321

11 -0.08618378059700606 -0.10934708142612856
414 -0.11199522918166756 -0.11779454603661735
645 -0.12813205711970369 -0.1547996615970348
646 -0.12813205711970369 -0.15529987782809637
1099 -0.1549364034545119 -0.15862630797934582
1654 -0.15533149176003475 -0.1669254739517899
1816 -0.15554542456962134 -0.1628618356007804
2047 -0.17155773383591452 -0.21426105456156483
2048 -0.17155773383591452 -0.21940913346019084
2279 -0.17472731508344946 -0.18770615602933852
3904 -0.1788230925408521 -0.18917091202875685
5145 -0.18224130957236886 -0.18469573447656196
5820 -0.18476595419134437 -0.20867320749044502
5821 -0.18476595419134437 -0.18982389873561797
11027 -0.207189920546305 -0.22320482577266398
26395 -0.21484631740617433 -0.21960756239959348
35224 -0.26123553633877283 -0.27002471996644356
57948 -0.2880337048009389 -0.3125168910427938
85899 -0.303520668802522 -0.3048475754040799

11 -0.060395068562525384 -0.13407778484264993
131 -0.09854578459414902 -0.11595043391893586
132 -0.09854578459414902 -0.1057360439958415
252 -0.1398190664199937 -0.17868690543818455
253 -0.1398190664199937 -0.18364981142774228
898 -0.17128647375951325 -0.17347352129407703
2572 -0.17509860326155705 -0.18489723091148969
5125 -0.17619325228777408 -0.18026970076348303
5267 -0.17619895414019068 -0.20163253076308896
8162 -0.1779026338852225 -0.18028038952551428
8163 -0.1779026338852225 -0.17798411938365064
11341 -0.19147401032455053 -0.20819411486392564
12127 -0.19674264251808793 -0.24356488068249377
12128 -0.19674264251808793 -0.22086014156805328
13389 -0.217377319637727 -0.31869431468250886
35770 -0.25013221903480565 -0.26902189024745604
56123 -0.25580995051388294 -0.27633087012451124
69261 -0.25866175649729506 -0.2843883292646798
95648 -0.28587632735663293 -0.29555092988090725
96798 -0.33680973516316365 -0.355281488284943

11 -0.10945057851295437 -0.11658393289311941
131 -0.08549413982428458 -0.14588196119528807
132 -0.08549413982428458 -0.14941959436219684
1110 -0.14979082052791629 -0.15411943716913717
2562 -0.1794426235063853 -0.202150471210852
3662 -0.18342131408206055 -0.20124139829948992
3863 -0.18807933507112062 -0.2796928373515733
5114 -0.20547396318332983 -0.24536666500595297
8110 -0.20776746725003398 -0.21954634075864599
9240 -0.22325872684212508 -0.23477848316176736
31238 -0.25742134762578833 -0.27220297683347966
54517 -0.2632369262942697 -0.26393594373894885
82166 -0.28702947984308486 -0.30564296743899044

11 -0.11541011904539855 -0.12068964864085092
575 -0.1299940646117131 -0.14939358281728937
576 -0.1299940646117131 -0.14909576273691758
969 -0.15708258996444277 -0.27459988182761313
2088 -0.16984061113785245 -0.19216549482270914
2310 -0.1705577403826079 -0.1991097182219813
2865 -0.17211464834812412 -0.21321127223871575
2866 -0.17211464834812412 -0.21488344722420352
3360 -0.17684346913532872 -0.26702018372190606
6094 -0.18818154847914695 -0.19754520708044493
23006 -0.2528264692400618 -0.2640544312509114
47244 -0.26269712704486176 -0.2671435799974909
71663 -0.29591133382422585 -0.30577123600903827
99998 -0.3161554140098258 -0.32110988936315016

242 -0.10829862560795939 -0.15277846698382708
243 -0.10829862560795939 -0.14876776967499888
474 -0.15447663840098916 -0.19676665394673049
475 -0.15447663840098916 -0.1721964337832368
5580 -0.19220545070653305 -0.20679036685198968
14338 -0.21165753484088104 -0.22505975793774055
23177 -0.22009492565579244 -0.22153031756246896
37596 -0.22954752675116913 -0.25080373288607916
43186 -0.24968485419994813 -0.2621000193883088
66334 -0.2567865126155776 -0.2602466738017891
66666 -0.2589034659848153 -0.39345938632957655
84173 -0.26259391629043943 -0.2664787261973532

41 -0.09910524347196134 -0.10201769744619768
51 -0.10286064885980638 -0.11042784329494244
171 -0.12411162404700599 -0.1445958592195167
172 -0.12411162404700599 -0.13598710859773372
1059 -0.17391698278544312 -0.21379239870400799
4035 -0.1775568391085098 -0.18026798470612232
7707 -0.19182811045444859 -0.20618623031212335
9362 -0.19349858570837364 -0.20205009255529324
13367 -0.19664931286283302 -0.23635511042486315
16233 -0.1967117521791325 -0.20336307162903233
18129 -0.19978128543806833 -0.23710322583182628
18130 -0.19978128543806833 -0.21889692251883575
18957 -0.23612489864076294 -0.3585294332671808
26383 -0.24775030638719703 -0.27659310896077755
34899 -0.268789876919161 -0.27240604407192487
35837 -0.27240604407192487 -0.3673070558594091
57481 -0.31033437380013934 -0.3243865014244337
90236 -0.3327277961914696 -0.3577611019440942

131 -0.11237610790558876 -0.11609096247748679
575 -0.14253028534883166 -0.15193179829682765
1090 -0.1454831611604869 -0.15383112548130717
2321 -0.1748794170479751 -0.19178591439803103
7144 -0.1919064640084591 -0.2126870391502676
9787 -0.23208168909980856 -0.23591081603287614
12521 -0.2345705776774861 -0.241453819014765
20714 -0.24091456502777486 -0.24125001282085587
42449 -0.2535083740406918 -0.25998145685197876
42590 -0.26554735959336107 -0.4057946788550892
46041 -0.2880991274859335 -0.3245197876354513
71399 -0.2922834160325595 -0.31360211588020354

131 -0.10201885531622691 -0.11534508705845652
242 -0.10995545315642084 -0.11250404398541573
353 -0.12092708619035132 -0.1267622070721477
354 -0.12092708619035132 -0.12103977896676729
1292 -0.1425030484804849 -0.15215897542763154
1614 -0.16024646069596962 -0.16137426134366634
4348 -0.1818957658620113 -0.19681012689793015
5800 -0.2075571789142074 -0.22565193004628045
5801 -0.2075571789142074 -0.20815758979979387
6214 -0.221297589066508 -0.3304549033094201
6577 -0.22961708763648606 -0.3234702854597119
6718 -0.23275464147886255 -0.35152846761764983
31541 -0.26563493970533536 -0.3239273067935092
41601 -0.2693282048692588 -0.2923792300257815
42559 -0.2870953456830613 -0.33406043346351155
70288 -0.2911393448863375 -0.30894097878213234

11 -0.0771958003104555 -0.10941555207577433
131 -0.0904994184642028 -0.12092177438452523
132 -0.0904994184642028 -0.1080701609210331
252 -0.11331577264321056 -0.15416833017688245
253 -0.11331577264321056 -0.14606504196778408
373 -0.11641906203455937 -0.15301685754592162
374 -0.11641906203455937 -0.15240185435096
828 -0.14201840988621933 -0.14949868993625665
1564 -0.16630512468932174 -0.2152767837145246
2794 -0.18218262692082732 -0.18246135502765293
2795 -0.18218262692082732 -0.19733698338812578
5912 -0.18791504131059486 -0.22205903852657854
6679 -0.18815911101768468 -0.19635002826833337
6799 -0.19635002826833337 -0.2137057400962365
6800 -0.19635002826833337 -0.21304641302915758
13641 -0.20260584104257212 -0.20423807715313114
17404 -0.22013347685507467 -0.22649481686222858
20713 -0.24134122480505552 -0.2514968420748834
26353 -0.24298975177297513 -0.24766008525420208
48532 -0.2551540502784749 -0.2566218050045822
72659 -0.26386201546858185 -0.2827637700074877
95383 -0.2965047555808815 -0.30591050928857316

11 -0.11644330481481473 -0.16943220960468558
132 -0.11371085358568207 -0.11921584247194897
474 -0.1543611470287131 -0.15851803231589848
475 -0.1543611470287131 -0.15465879402410543
2038 -0.1811275609806872 -0.18779494088369275
2301 -0.1811531418907965 -0.19181401193112516
4752 -0.1935576245531977 -0.20052816084612232
8082 -0.19468034739377157 -0.20824087231804236
8637 -0.19493100831803253 -0.20411939786460773
8708 -0.19494948903498235 -0.2004467208551998
12229 -0.20852026708943264 -0.23635048778914153
21643 -0.21986949714106446 -0.23950074682047723
45477 -0.2842188956285163 -0.30958723847096226
72127 -0.28961168020199546 -0.3170754338690852
97152 -0.2932776202746815 -0.31774670531998744

11 -0.12229779375447632 -0.16669542301332896
131 -0.11816501008850265 -0.17147657076260406
132 -0.11816501008850265 -0.17106735194876668
474 -0.17807888034118816 -0.18040963535082805
697 -0.18055030036046618 -0.18778533197046882
3925 -0.20431414726738953 -0.20691987044128984
4480 -0.20477244103376419 -0.208208524565531
5288 -0.2067614329988967 -0.21250233754775827
28597 -0.25089880644051965 -0.2756014153278119
28960 -0.2625388027515198 -0.40914233358465757
39595 -0.2761071946760515 -0.28320423721876303
65982 -0.28829071085054736 -0.29639323893640773
66910 -0.31487455276785087 -0.4058568571331946
93620 -0.33590655557447735 -0.3377035188155399

11 -0.0808855638654147 -0.08392310670516637
71 -0.08497849153030251 -0.08659790391139777
81 -0.08943695971135222 -0.09304682736089083
121 -0.09357826753800175 -0.21296557973287866
131 -0.09876051197056672 -0.10006041476983106
1462 -0.15480856687144953 -0.1637625891864049
3409 -0.18106620304379767 -0.1840490135996602
4084 -0.18874716912709183 -0.2221799137612045
4085 -0.18874716912709183 -0.20920424836349863
4882 -0.20477795142116026 -0.27068289960580566
21087 -0.2310856834212125 -0.254808583133003
22933 -0.254808583133003 -0.2588263126316828
34355 -0.2677328447003562 -0.2749553889370281
58078 -0.27419190908720054 -0.3054477192839683
83658 -0.27984507838587785 -0.28782565512480374

212 -0.11671029670068393 -0.11993233304965126
1211 -0.13948233618379738 -0.1440670330898885
1544 -0.1405962561067444 -0.15131747541843354
1615 -0.14059905807299825 -0.14486101745804011
1735 -0.1464688587536973 -0.17790844454874444
1736 -0.1464688587536973 -0.17910231509676525
1856 -0.16908473932679616 -0.17388401245367083
1857 -0.16908473932679616 -0.17291041837755958
4187 -0.2033877608263172 -0.21053862272620605
9292 -0.21016511702288265 -0.22316188137349022
9725 -0.22576034128880487 -0.33048821933244255
10663 -0.24276834244727188 -0.3381359380793875
34194 -0.26055306042189486 -0.2738323265714056
35485 -0.27418680665356854 -0.31916201743733513
52498 -0.28492048112792806 -0.2978382260687694
77129 -0.2888482973374157 -0.2946466377752565

575 -0.14435454560720049 -0.20008918509979806
576 -0.14435454560720049 -0.17505800089716658
918 -0.150144246059786 -0.16914501818996175
919 -0.150144246059786 -0.16995766405477056
1483 -0.16949367269714685 -0.18952763712635762
1484 -0.16949367269714685 -0.18251821928798176
3471 -0.1760607781624428 -0.1788336633803992
4368 -0.1832780449825953 -0.19114442503092977
6568 -0.1853612615337191 -0.18943140824809793
10331 -0.1956993805045178 -0.20975742277234188
12308 -0.21320756726241324 -0.21713509402783954
25294 -0.2513145191282457 -0.26563715613089445
32720 -0.2582722811312139 -0.26257486506389155
57896 -0.2940086679291885 -0.30284222612540834
86877 -0.3130888996502424 -0.3147164324218881

131 -0.11509796400693008 -0.12091036435000563
353 -0.13883613543444628 -0.14558146599540894
354 -0.13883613543444628 -0.1476291990611043
1917 -0.17514753002609193 -0.2064211559206993
4652 -0.18059867756124268 -0.19412193159680202
4863 -0.18171943631921564 -0.25158730436950344
10644 -0.2078928514749383 -0.21132679529689974
12027 -0.21118821101040552 -0.21335493579584217
22127 -0.23391180233218092 -0.24670185981303852
27535 -0.23746677787023474 -0.23915041343043592
29754 -0.24603166429960519 -0.2461652889849064
31459 -0.25100989827432235 -0.27811684316917346
55465 -0.27243268584537367 -0.33242486574207436
82044 -0.29225854092595516 -0.3080235692094675
83860 -0.29319520127207227 -0.3193812597296024

131 -0.08769462516225285 -0.11627747009204362
132 -0.08769462516225285 -0.11160815398096759
252 -0.10360354906047338 -0.11969411666526304
253 -0.10360354906047338 -0.12108817762226784
444 -0.14207457773829804 -0.1982671953324263
1695 -0.14926170877295564 -0.15412895391188244
4318 -0.16188804848795071 -0.195081724802713
7435 -0.18546144344418394 -0.21313981620227654
7436 -0.18546144344418394 -0.22670021052002004
7556 -0.192036490558342 -0.2205818030834101
7557 -0.192036490558342 -0.21739808451066225
11229 -0.20259114120785948 -0.2055339196733754
11613 -0.20301515957538346 -0.20903991973572902
19776 -0.21380438214975328 -0.2373790932006545
39443 -0.23572373986316678 -0.23726248924809015
47646 -0.24451839269558978 -0.2548786011345369
48614 -0.26308876517292507 -0.3563785576035679
49481 -0.27818643806319004 -0.358244474591691
75475 -0.3220808266378752 -0.3393090669289061

21 -0.08476224312283946 -0.12175080639255932
22 -0.08476224312283946 -0.11211597961563846
142 -0.0975400675936703 -0.1272890376342318
143 -0.0975400675936703 -0.1188631114733986
374 -0.14137224460889478 -0.15436353129719113
375 -0.14137224460889478 -0.14577854672488813
717 -0.17385290504410486 -0.1850339292027821
718 -0.17385290504410486 -0.17449389255992462
1504 -0.18223867298190793 -0.19799042713990986
1505 -0.18223867298190793 -0.18299443515096328
5228 -0.19230908753945766 -0.2206863979941364
11383 -0.20683451126452243 -0.22222256639137652
16054 -0.2120846378309634 -0.22848386082125788
16922 -0.21211676405549887 -0.22490972886980565
36326 -0.2500523331023488 -0.2535420566722176
42309 -0.262301860333074 -0.2627889513799377
44216 -0.2714697149352754 -0.2984373263970843
61632 -0.2762946458283277 -0.28174976666933454
62822 -0.28174976666933454 -0.372453483106827
72065 -0.2849091719759249 -0.2899863485279858

303 -0.12334726414360075 -0.12369231945771325
534 -0.16043686385056075 -0.16314741287659548
535 -0.16043686385056075 -0.1720600483899502
1311 -0.1787639594359844 -0.25134898790756477
2592 -0.18171081518794455 -0.3063373318110831
5134 -0.19051940404410173 -0.19312345660042507
9059 -0.22001254196498413 -0.27321157369605725
18604 -0.23555954238052004 -0.23665327456998422
21671 -0.25841502820091866 -0.2955378034714627
21973 -0.2791058648918384 -0.4076343260005216
54970 -0.35060764026678426 -0.3743435748798666

11 -0.11376206284896803 -0.14585977604245345
131 -0.1083362073812393 -0.16004048646564667
132 -0.1083362073812393 -0.15072583529056077
252 -0.13306917088644915 -0.16346915384959532
253 -0.13306917088644915 -0.16601503564564013
2785 -0.17929580878634405 -0.21087949878424925
3793 -0.1856822664551256 -0.19736674206283825
4570 -0.18586392315320371 -0.1882495558647341
7880 -0.18643100260261047 -0.1882930659883442
11512 -0.20446581210663692 -0.20501448921401327
16930 -0.2074884841942914 -0.22400475425829697
23700 -0.22500749678232693 -0.250982900380574
36363 -0.23510910507322338 -0.2426218227518644
41581 -0.23732126529352054 -0.2517241243573369
49118 -0.2575486078780468 -0.26536881516130517
72882 -0.2775798331310104 -0.28407463276877

131 -0.0895601520169437 -0.10240495149064002
132 -0.0895601520169437 -0.10304735319993621
252 -0.11030097972822811 -0.22236675611870738
253 -0.11030097972822811 -0.2089861861085072
484 -0.14352898756220447 -0.19581658493014503
485 -0.14352898756220447 -0.18392148934488362
1524 -0.17378485569762536 -0.17398591726516655
1866 -0.17801869053230995 -0.18413215451911877
3087 -0.18170315073256746 -0.20837384654063115
3864 -0.18389541273537366 -0.20170021294335724
4510 -0.18479027053788222 -0.18536446293954237
7284 -0.21432019090962254 -0.22007523051277947
8383 -0.2227793529178408 -0.32829436622323604
28362 -0.2623894806191993 -0.27650728569830174
50713 -0.2884883691316994 -0.2906847776718547
81026 -0.30301869000341364 -0.32399944030106476

11 -0.0853962671592256 -0.09788165198833398
575 -0.12467370470331542 -0.1441497316182026
576 -0.12467370470331542 -0.14900187543198037
696 -0.13237926064185224 -0.14448713573730318
697 -0.13237926064185224 -0.1426651775940991
817 -0.13812166560481642 -0.14130088701204055
818 -0.13812166560481642 -0.13827187078874195
1060 -0.14325094813418351 -0.1450830148846051
1291 -0.14522595714937583 -0.15917059990301277
1292 -0.14522595714937583 -0.159744506631895
1968 -0.154226017362885 -0.15579902274050242
2199 -0.15875031399179768 -0.17637055441067137
2200 -0.15875031399179768 -0.18256895588710187
2482 -0.1749014848074669 -0.27474658290492876
8152 -0.1902039713018376 -0.20051280759971965
8556 -0.19020397140430714 -0.190272801390255
12178 -0.19755878784824368 -0.2067957348950617
14347 -0.20045602989737185 -0.2526330397646977
19634 -0.22256700990926312 -0.2303846851294239
43438 -0.2998008295368 -0.3048162709172686
70088 -0.30604150925781437 -0.31156591994675753
70996 -0.306313376557631 -0.40289890544338763
72913 -0.312576817425802 -0.3538737316679536

11 -0.09221843609347356 -0.13646890605604092
131 -0.11421404426221683 -0.15934648230723228
132 -0.11421404426221683 -0.14717067408264836
586 -0.12392386413296083 -0.12826530395975685
1150 -0.14792748034856557 -0.16014339246833753
1151 -0.14792748034856557 -0.1543605034386957
1271 -0.15445268918861307 -0.16434770385274655
1272 -0.15445268918861307 -0.1631386566982744
2391 -0.1604230097715491 -0.17707606604180887
2392 -0.1604230097715491 -0.1767872283565702
3047 -0.18361343211055361 -0.3630654334035879
9535 -0.19900843942314578 -0.20088658378025132
21351 -0.20592868331210615 -0.2138445119178364
26719 -0.22980414266403867 -0.2980931589633541
27778 -0.26636910972872774 -0.39228789221440663
55184 -0.27793228662480274 -0.29005000312129725
55284 -0.29921123985145837 -0.4947229132547651
83427 -0.3218927753082346 -0.351960901214374

11 -0.08033806967956636 -0.1857839808557133
242 -0.11372052097305616 -0.12599254948934654
243 -0.11372052097305616 -0.13346657413658458
474 -0.1392821611405065 -0.1515231062501082
475 -0.1392821611405065 -0.1536750810115595
1372 -0.1540306983983484 -0.15623440130844324
2351 -0.15473087694305027 -0.16178039334891653
2471 -0.16178039334891653 -0.1640103921950901
4762 -0.2016423744274693 -0.23616154785013743
4882 -0.2217630124236731 -0.23390054845856015
4883 -0.2217630124236731 -0.23617072285714602
11734 -0.24141990536283434 -0.24974310622626364
13721 -0.24545261651144104 -0.26581147317199527
39150 -0.25745097413959495 -0.269132368812198
60421 -0.2875715622966393 -0.36916476295843353
86849 -0.30705522755380904 -0.3259702979087542

131 -0.1263508483871448 -0.13140496661278098
838 -0.18184607675031458 -0.21752579140174114
6125 -0.1988425538510624 -0.20520668595812921
15348 -0.21862291448644727 -0.21909423606212342
15579 -0.21909423606212342 -0.22670082491947405
15580 -0.21909423606212342 -0.22270163944274954
23087 -0.22720683095683847 -0.25586308987989825
39363 -0.24607117044126262 -0.26868984657882383
64731 -0.26786283874433237 -0.3368669801784478
91673 -0.28299378642245465 -0.3004109562913365

11 -0.07738215630111263 -0.11246569613646418
131 -0.10140881301913464 -0.25271293482849605
132 -0.10140881301913464 -0.23615446979861976
252 -0.11262658259565622 -0.11866853063432117
585 -0.12856830315159917 -0.13427377814689975
696 -0.12858031896437513 -0.13025637538409535
828 -0.12864146189217918 -0.134963071368271
3168 -0.18621369403763324 -0.20261012979168871
4218 -0.1884544146766719 -0.23977890528454182
5005 -0.2115758969387937 -0.2188679759487783
5176 -0.22035510598549832 -0.3475470644473454
7163 -0.2312735038405501 -0.23455458178494032
30261 -0.2556124422924306 -0.2604618835442494
51159 -0.2819542981538582 -0.3053285880777505
66890 -0.2879756152296398 -0.3041034561711846
93651 -0.32605839892111654 -0.35033191337729064

11 -0.057333744481366036 -0.13376164259942824
132 -0.09084621357184033 -0.09153755180298553
242 -0.10990288506549421 -0.18127280124909345
243 -0.10990288506549421 -0.17912828482741355
585 -0.14280087626069077 -0.15846785832218466
586 -0.14280087626069077 -0.14404719825302248
3350 -0.20709577322235137 -0.21720088030190213
7325 -0.23143958428050468 -0.23218121670357914
22562 -0.24259935410957462 -0.24318528209289303
46759 -0.27291397989512794 -0.288186833522376
46970 -0.28162905379126624 -0.41087124852495954
73953 -0.2831118902485088 -0.294002893145421

162 -0.10658295095754544 -0.15015212573387696
163 -0.10658295095754544 -0.13879586413005776
283 -0.11455457714977965 -0.17698936777948424
284 -0.11455457714977965 -0.16207048940677596
1070 -0.14714897568024746 -0.2308104820515492
1071 -0.14714897568024746 -0.22160505357874155
1413 -0.15456643978893053 -0.15672847377647187
1414 -0.15456643978893053 -0.15558906805802114
5157 -0.18541521686542425 -0.19907064530808152
5944 -0.19942846627636984 -0.21691316239573474
12684 -0.20498600995745994 -0.22552567634801562
18334 -0.2183825278638295 -0.23444640408336292
22652 -0.21948447978587143 -0.22407106893681217
33317 -0.22704423764796444 -0.23326065333533996
34821 -0.2271357091354898 -0.22812402277381583
52984 -0.2433323279628235 -0.24514800740395828
77434 -0.2456727482156702 -0.25007938717912565

11 -0.09669458094118319 -0.14276332773813596
131 -0.09263931538754351 -0.14944157535255312
132 -0.09263931538754351 -0.14055769212063052
363 -0.12590280731825768 -0.13500845654269067
364 -0.12590280731825768 -0.13143249941836968
1039 -0.1550874859031901 -0.17246873321273382
1040 -0.1550874859031901 -0.1573631669141514
2715 -0.17329421430961325 -0.1848431258908738
4480 -0.18621402944131243 -0.21851865724860442
26165 -0.23859530539569895 -0.24800612619575269
40120 -0.2492164880176041 -0.25739024189174886
59534 -0.2513454094220344 -0.2603222297734457
61451 -0.2592398341299414 -0.2706621713468101
62086 -0.2702356097543644 -0.34533477542240626
63972 -0.2836131806901896 -0.28517769235486096
88331 -0.3151267204846818 -0.32007008254282165

131 -0.10730206894915274 -0.12829172930582386
132 -0.10730206894915274 -0.11498141083898863
474 -0.15634105975791404 -0.15716134198635362
696 -0.15663161324918254 -0.19154011341186267
697 -0.15663161324918254 -0.15799242712319442
2260 -0.16949568442994017 -0.19862269496537285
2261 -0.16949568442994017 -0.18640226340699695
2412 -0.18802260897785006 -0.31150486976441416
3804 -0.19549056198257034 -0.2110256608639425
16316 -0.22415099576345265 -0.26384457929709515
18747 -0.23880257703303756 -0.24149124312509684
41390 -0.266743172251367 -0.27841244358397216
45244 -0.27841244358397216 -0.308500747797016
59906 -0.2817426112412185 -0.2883040157689788
85657 -0.3003462168373986 -0.3042331964755833

131 -0.10198843051764173 -0.10527221489411553
242 -0.11110421191753586 -0.14056671071565588
243 -0.11110421191753586 -0.14245647236941783
1383 -0.13770805813627668 -0.14258472761032767
1493 -0.1792086420780546 -0.3414107352997984
13178 -0.21388284364746452 -0.22446392879790683
30362 -0.22514867795574153 -0.24200842859857816
36022 -0.24838963595784927 -0.27266215393457344
54488 -0.25392631158188633 -0.30084644298944596
69059 -0.2606355345531878 -0.2728583812771899
84528 -0.28855402461192337 -0.2915898549874076

11 -0.09163745283833122 -0.18427188152332882
131 -0.09908460956221346 -0.12850330956402237
132 -0.09908460956221346 -0.127660261769282
192 -0.10559475339186447 -0.10730817812862012
202 -0.10781024377979884 -0.11655371748534381
322 -0.13325725477405942 -0.17717332050201767
323 -0.13325725477405942 -0.17195251643143017
998 -0.15811612556809834 -0.1649176536407723
999 -0.15811612556809834 -0.17876442180131094
1271 -0.16544642622505246 -0.2828697192597783
2280 -0.1914208978935695 -0.1925651853240036
3743 -0.19681237963673304 -0.2028979675669143
9817 -0.21363818413854618 -0.21883543584364837
10926 -0.2305365494535364 -0.24313624458533012
35043 -0.2585812616765766 -0.26175980309720703
52934 -0.2703866259431378 -0.2812261600242989
78696 -0.3056587880365191 -0.3223513241207656

242 -0.0917137923925789 -0.1658158525710806
243 -0.0917137923925789 -0.15907963255129745
474 -0.1264254793570237 -0.18432606093760995
475 -0.1264254793570237 -0.17235129880002453
1130 -0.15809284098370055 -0.28021897789067385
1836 -0.17205738732906123 -0.3087431168339009
3066 -0.19270197533856612 -0.2505045647066374
3067 -0.19270197533856612 -0.2277405722130768
23591 -0.2507827747746135 -0.2811063097461237
39968 -0.263406428924539 -0.2718780661229939
41471 -0.2677128791637669 -0.31437878034246913
65628 -0.27478046418262325 -0.33329509716474665
93428 -0.3114017306849621 -0.35263236751533994

353 -0.12537011991689234 -0.1590709701570679
354 -0.12537011991689234 -0.15772447388052124
696 -0.14808703444435692 -0.14916521762701
697 -0.14808703444435692 -0.14854040414257288
1483 -0.16530655499219163 -0.21839084335486014
1484 -0.16530655499219163 -0.20216160804893535
2684 -0.18128987479849087 -0.18245910590996106
6558 -0.23318534713488603 -0.24291780861979373
25357 -0.23898868928095485 -0.2576192832768817
26164 -0.25209193029391985 -0.3394711278716239
42127 -0.25813938986372914 -0.29659795388860927
42631 -0.2654438119583141 -0.36747897457800377
67706 -0.28869771409310574 -0.3438099715526597
92297 -0.2958607074899038 -0.30017866871606663
92317 -0.30017866871606663 -0.48053543826948597

131 -0.10601321053490895 -0.10901513724227942
242 -0.10981587907085305 -0.15822715546345603
243 -0.10981587907085305 -0.14190416472224537
363 -0.1553171500492694 -0.1869341740809671
364 -0.1553171500492694 -0.1781214457504088
1927 -0.1771800852138242 -0.17790290786179913
1928 -0.1771800852138242 -0.18100309179876595
3391 -0.1964309413074102 -0.20080642554035344
4733 -0.2029187284515444 -0.21061281179823313
5600 -0.2070844432503145 -0.2495538231505422
9575 -0.21771885718206557 -0.22119258118371843
9877 -0.21913797801690824 -0.32443540337324855
24730 -0.2577372241781756 -0.2798083863111927
29724 -0.26200254982476406 -0.2776068446014485
55586 -0.278424241452001 -0.2794833589573414
55878 -0.29195252652204823 -0.38733927208019453
86705 -0.3233820751164616 -0.32946202909509986

11 -0.11289812262729393 -0.12413821766610093
131 -0.08643180152661158 -0.10900776402696082
132 -0.08643180152661158 -0.11203349210239888
585 -0.1338858308648324 -0.146732234006917
586 -0.1338858308648324 -0.13429904519919972
1594 -0.16626221750501846 -0.1821898424288075
1605 -0.16626221750501846 -0.1758287942597449
2835 -0.17028149711700588 -0.17595833269117156
6902 -0.17284151614166965 -0.17340628686041856
7688 -0.17497398660819344 -0.1923959752272013
7689 -0.17497398660819344 -0.19567867262253943
8919 -0.18471760907520426 -0.1847505743749436
8920 -0.18471760907520426 -0.19171499800287076
11926 -0.19330979179287833 -0.21270160294160578
14257 -0.19403958282556844 -0.20492250854918231
20786 -0.19894954846580745 -0.20415549931854748
32067 -0.2065356213179807 -0.22085676826482353
52289 -0.24240545514509454 -0.25448517169750273
61269 -0.24609591327731306 -0.25572887846515496
61914 -0.25572887846515496 -0.4433745152618511
69572 -0.26694654172299387 -0.29049526637344353
93164 -0.29290884042396026 -0.29793684216568467

131 -0.09931476363536224 -0.1420445311048573
132 -0.09931476363536224 -0.1475102772017711
363 -0.12185355154266791 -0.1571472986071215
364 -0.12185355154266791 -0.141059606546917
484 -0.14572524273974455 -0.14761488935543343
2805 -0.1826941617521292 -0.18835870613822042
6921 -0.18448785524756958 -0.20977128836409414
7587 -0.18452926706012632 -0.19400303314774725
7769 -0.18453129826294376 -0.189170494655567
11330 -0.19825965539359724 -0.20165018716384664
12178 -0.19852489108952928 -0.19996842770503692
14549 -0.20007894645633487 -0.25078888819752165
21420 -0.21036769159348867 -0.2312275622704515
33549 -0.2403030137194682 -0.2511002684708416
49563 -0.2642015513227115 -0.2725959866890447
69805 -0.2709455562609034 -0.2869328148585356
83215 -0.28644453523761587 -0.2925350644640793

11 -0.07063650826833814 -0.14099086100328087
2947 -0.2153090368010944 -0.2221643472899281
7719 -0.21998945787413784 -0.2261158131968301
19242 -0.22620555431886377 -0.2589313001822779
22107 -0.23887065332742882 -0.2672394086515662
39786 -0.24377537473906016 -0.25078861370801775
63883 -0.25892759588976366 -0.2711536957771761
89362 -0.2843681367374183 -0.30835066696863184

11 -0.07513385343032863 -0.12464714935238154
131 -0.0944236893646857 -0.1413060574391215
132 -0.0944236893646857 -0.13269648000507805
252 -0.1155536922399264 -0.1651887481370748
253 -0.1155536922399264 -0.14126839840928668
484 -0.14985542980280317 -0.169510279337513
485 -0.14985542980280317 -0.15234519640772248
2149 -0.17311764837118956 -0.18830842415449273
2491 -0.19963997462595748 -0.2206485793115667
2492 -0.19963997462595748 -0.22779536672739623
11593 -0.22210012136903953 -0.2453802805636181
30099 -0.23004737644187248 -0.2417336601908096
31541 -0.24067571648954708 -0.29073194922134177
54265 -0.25762665253231803 -0.2653174253940861
56222 -0.292950703507232 -0.30696798360987976
84718 -0.29959241674681875 -0.3170943837458085
84778 -0.30590969636854776 -0.5103201144473525

111 -0.08017905730135094 -0.13655823708479214
112 -0.08017905730135094 -0.12882071628146938
232 -0.11609280618506101 -0.15805635265870976
233 -0.11609280618506101 -0.15845486940094974
1019 -0.1548973718933442 -0.16991588452553524
1020 -0.1548973718933442 -0.15990334086344604
1948 -0.17254006518792972 -0.22921774990387092
2512 -0.17696271049265638 -0.20073680528627566
2734 -0.17713384635270293 -0.19285169732975607
2845 -0.17713775280171237 -0.17743410260582831
6821 -0.17872923125361456 -0.19407992533043902
8162 -0.18717564624378927 -0.20037824658910272
11381 -0.1914201848303657 -0.20291131813184296
14267 -0.19305389334949533 -0.1973623679613287
15186 -0.19376187052924282 -0.23453956644836804
20816 -0.20319717168113946 -0.20704547487401365
28202 -0.21543525315968848 -0.21803858863470166
34165 -0.21620387969167137 -0.22280150903318222
36314 -0.2332858305701592 -0.24378984347932442
60158 -0.2527924199900489 -0.27805220973972156
61126 -0.28899630993508657 -0.3469636796958415
84980 -0.304425293575253 -0.3076685794449464

41 -0.0686625725818545 -0.07081748993184908
51 -0.07193692450192951 -0.08173153498497025
171 -0.09284467145548274 -0.10065592713140493
212 -0.09888687869637786 -0.09895098267550681
222 -0.10091109069955564 -0.10997367350040356
232 -0.11000943365724969 -0.11158304447439094
242 -0.11341664915824758 -0.11520494627323674
252 -0.11520494627323674 -0.1152075369469668
292 -0.11975397636696686 -0.12431182968954203
483 -0.14417408844601512 -0.14824430889751092
1260 -0.14599134480433554 -0.1671560159345707
1361 -0.14647347378716777 -0.15206752542497604
2036 -0.17062208423580946 -0.18549909301022371
2037 -0.17062208423580946 -0.17652275539219686
3489 -0.1749588310588596 -0.21296826627900303
5598 -0.1774749086516331 -0.2356223134155647
8928 -0.18170372860680345 -0.18354529171461959
9039 -0.1818556720379075 -0.2015899133521464
9302 -0.18252297226750766 -0.19438882186582654
12268 -0.18824128607369292 -0.2180061009437537
13720 -0.1945445095214613 -0.1981814214536124
14154 -0.19466794012900537 -0.19774326030875822
18926 -0.21121505032285218 -0.21439554219560883
35596 -0.24402804518929075 -0.25201661813655074
61650 -0.26819634655572866 -0.2719345956200045
76402 -0.275187190929202 -0.3117951420261614
98702 -0.29362595900319927 -0.30349931802828156

71 -0.08093371792682055 -0.08140729140090383
131 -0.10600861233997183 -0.11743426494928756
132 -0.10600861233997183 -0.10817986293131515
242 -0.12341490235434026 -0.21001619817836623
243 -0.12341490235434026 -0.183044811247634
363 -0.13832913826793267 -0.1528592593225651
364 -0.13832913826793267 -0.15087085853872656
595 -0.15497431172208911 -0.1602022932247504
817 -0.1559511325759671 -0.16559232673782526
1615 -0.15735352175764472 -0.24804272248716153
1846 -0.16349578426552536 -0.16585809651476255
2290 -0.16439945388088054 -0.19076917262350646
2291 -0.16439945388088054 -0.17929461672833233
4823 -0.16743797904404012 -0.21274374174752572
7345 -0.19346745826132195 -0.21526088470833127
27536 -0.2547614719357706 -0.2611434628752939
51340 -0.26672014146252415 -0.2763914403504548
75669 -0.2796625670455941 -0.29271758664563907

131 -0.08610967290764165 -0.12241974595927481
132 -0.08610967290764165 -0.10960327006528073
252 -0.10898941680956206 -0.14416915008176487
253 -0.10898941680956206 -0.1291566746188684
484 -0.15373457648996033 -0.17518936420132253
485 -0.15373457648996033 -0.15590557913668943
3128 -0.17755985682178502 -0.18066846565497685
4025 -0.18030908928828343 -0.18934790989281938
5902 -0.18227401149984113 -0.22109809163464345
8797 -0.18472660948863975 -0.20287687200988766
9423 -0.18564897139328845 -0.1950973598057804
16799 -0.21939663618295818 -0.24604290520598968
18504 -0.23028563897918486 -0.2309233736888793
38251 -0.2556528813490267 -0.2856385306308591
55980 -0.26109512840461824 -0.2770720699401081
73285 -0.2732410326050554 -0.3193027816080164

11 -0.08896742575185415 -0.15180931576252385
243 -0.12760896938716523 -0.1285383334287435
1675 -0.16468039208472826 -0.17221579789266514
6649 -0.19857205591403349 -0.23043723493353885
8878 -0.22171318479741892 -0.2359139811254857
23157 -0.25247528609768216 -0.27161327204520463
23530 -0.25495794681202444 -0.2728407516240017
41522 -0.25857888057895245 -0.2916421098327265
42177 -0.27399608032222966 -0.2814191228496092
66576 -0.2860861234416555 -0.2973994706290761
92297 -0.2938926646434239 -0.3202936163481306

131 -0.10811230632613358 -0.14753836667552206
132 -0.10811230632613358 -0.14431072647464158
253 -0.11446235757825285 -0.12197868943328236
484 -0.15009847995113393 -0.15700994579583832
878 -0.15029383578267558 -0.18479575469842732
2724 -0.18860233533208515 -0.21671068481021494
7133 -0.19897527221835434 -0.20859948734657346
8697 -0.20785947141966876 -0.20887166348467653
10271 -0.21802913137911115 -0.22117862429339447
21471 -0.2312441964521566 -0.2374028439501368
21733 -0.23922894088791716 -0.34355236072703976
27484 -0.2629430069663714 -0.28947896992754796
51268 -0.29220080027849954 -0.29432761902214705
75153 -0.3085324763892035 -0.3378497707935067

464 -0.13332356704221454 -0.1559452926765157
465 -0.13332356704221454 -0.14375656063169875
1029 -0.15528824556747572 -0.1650646744892835
2281 -0.15626204600332513 -0.16547602262584613
2401 -0.16547602262584613 -0.18294625474052018
2402 -0.16547602262584613 -0.18268919310940082
3239 -0.18333944459691928 -0.1879346312023781
4308 -0.19434757664492466 -0.24031455992200784
6426 -0.19515921814962486 -0.22865742787971371
7082 -0.19525955728217548 -0.2170436155995902
8181 -0.20237961303101315 -0.20929664854472205
11329 -0.20458551767985586 -0.20818102667776933
12418 -0.2180596380522122 -0.23774951135660094
12912 -0.22339283801574955 -0.32573771703238363
17937 -0.23621661653592532 -0.2559009211442258
42044 -0.26604534644787303 -0.26679986094059954
63113 -0.29264684031199717 -0.30340698578187814
92083 -0.33001745093084023 -0.3350265363421006

11 -0.20198052662754926 -0.21278397703122678
172 -0.09512833817276775 -0.09683773140023451
514 -0.14322758516173711 -0.14832286829567717
515 -0.14322758516173711 -0.145942621277772
857 -0.16305736044594135 -0.1649460704548023
1079 -0.16392197344563636 -0.16686173470246143
2411 -0.1704366359201953 -0.18189658377236315
2593 -0.17095115411119993 -0.17507699983219777
6154 -0.17711323158238731 -0.18614423754399173
7153 -0.17718820000135646 -0.1773433540885733
8142 -0.1776646825205855 -0.18440347519895975
8474 -0.19293825076268797 -0.2901574344302642
11470 -0.2146493552595968 -0.22189608882629203
28261 -0.25170171252898765 -0.25406626606978
50682 -0.26121163878402176 -0.26876549550388723
73971 -0.262471061919543 -0.31375421446767643
98259 -0.2761961391765152 -0.2930082813794619

131 -0.11691157526637704 -0.12137247381375747
132 -0.11691157526637704 -0.12101097665412787
1473 -0.16397413793479007 -0.16601132118019368
2735 -0.17148475271519006 -0.20587476235425434
3743 -0.17630147381690398 -0.21528815063371845
3744 -0.17630147381690398 -0.1920631819878082
7568 -0.20232552417804944 -0.21193727228657452
15317 -0.23045142960219359 -0.2540816380594197
36921 -0.24184519027952636 -0.24484584524349992
37031 -0.24484584524349992 -0.441008271411545
37333 -0.25037620010847245 -0.25401640595186914
57333 -0.2594698802969043 -0.2910047049661753
81076 -0.2805341823072636 -0.3565297462915097

11 -0.1261725101794494 -0.1313349246293798
131 -0.12317126200601759 -0.13554577136493184
132 -0.12317126200601759 -0.1271747483668779
394 -0.15673994052927823 -0.164145489471329
2401 -0.16386014431491444 -0.17774920178172526
2402 -0.16386014431491444 -0.18678625691831566
2714 -0.19150961211343806 -0.26855505981682226
12824 -0.20909745513100933 -0.22999144837124696
13692 -0.20942478691834365 -0.24585343163615736
18121 -0.21600645905883706 -0.22446821015479534
28867 -0.2360510325667657 -0.2622225851828365
41319 -0.24324861031252215 -0.24401622759707875
63559 -0.24811449941627434 -0.26033378866311035
76959 -0.2514080620368588 -0.3003632050758812

11 -0.12321108464238296 -0.1749494198165505
737 -0.1549140994426362 -0.16343945096539836
2634 -0.17256218945800186 -0.17588940631877195
3572 -0.19129296324888018 -0.2395115284337743
5458 -0.1962810962399546 -0.2054854019588147
10099 -0.22896873531827652 -0.23720110547310383
13176 -0.24053635041956645 -0.2434987856231611
28756 -0.2547944579602541 -0.25487151491114113
45527 -0.2597635870464943 -0.26958441595585675
46475 -0.26958441595585675 -0.3250270006167183
58311 -0.2864388423035055 -0.3268720913607931
60016 -0.3024858694083534 -0.3036218182479363
85364 -0.31507523588376896 -0.31646564296158664

11 -0.07095946557504694 -0.1411742127742953
61 -0.06482096063222476 -0.06831869185131767
91 -0.0701587355074525 -0.07027694147125439
101 -0.07027694147125439 -0.07253465769813028
221 -0.08608649456963502 -0.11802074769329965
222 -0.08608649456963502 -0.11367001726608848
322 -0.10887219995330805 -0.108891774983588
343 -0.12077498618499416 -0.12335596321422035
786 -0.16156467962913715 -0.18560344693523764
906 -0.16539620778983835 -0.1904548364072868
907 -0.16539620778983835 -0.1718037566829135
2884 -0.18493901238698718 -0.1943916424851165
8877 -0.21284267824427094 -0.22208406058138166
14396 -0.22436702476766113 -0.23555712067347584
29633 -0.2369177752460691 -0.249831373680556
35747 -0.25661276607988753 -0.2720300390668683
53608 -0.2579127508926255 -0.26986624246490626
78794 -0.2769943106609666 -0.2904936281480136
96664 -0.2981882008196176 -0.3596561951078577

131 -0.0965978815253096 -0.10988540893820978
132 -0.0965978815253096 -0.10790909317376966
252 -0.122061663829904 -0.13661985713475228
253 -0.122061663829904 -0.13859160701869996
1261 -0.1460237675028581 -0.15180970544321779
1483 -0.1468055176896644 -0.1505630097696855
1816 -0.14871651416134474 -0.20021054085653958
1817 -0.14871651416134474 -0.16303945877258147
2159 -0.15831528025715194 -0.17285162024491377
2160 -0.15831528025715194 -0.17302176251592688
3723 -0.18494465543684818 -0.19422475429043087
7911 -0.19164207651410556 -0.20074777593438445
16831 -0.20332124107305566 -0.20367752736955946
17517 -0.21189347723319277 -0.3044905193945503
22784 -0.22855919588986803 -0.23040912226878266
45771 -0.23931702412043418 -0.2545933474052502
63732 -0.2449714734116847 -0.2534472861419896
86658 -0.2606990228651368 -0.3131455763392808

131 -0.09992790271560509 -0.1059806276412557
132 -0.09992790271560509 -0.10542060697355493
474 -0.1315423860675791 -0.14017395095154858
585 -0.1317539818269134 -0.1883013587693438
586 -0.1317539818269134 -0.19365447886565987
706 -0.15985114910185763 -0.17511373308073383
707 -0.15985114910185763 -0.17332272394476161
938 -0.16433056704080712 -0.2094675789901179
939 -0.16433056704080712 -0.1962316495063307
1059 -0.17774615168592345 -0.18410216477900462
1060 -0.17774615168592345 -0.18092649158687943
1372 -0.20216774493622255 -0.2779649216867683
22189 -0.2422620584278559 -0.2517552118870947
41876 -0.24833793182259478 -0.27481258612711407
53419 -0.2535231345719356 -0.2571232312538394
76698 -0.2734544268877859 -0.2736160600582589
93125 -0.28176854377074584 -0.30572800507984094

11 -0.11107618966709021 -0.17203293350620044
242 -0.1189463918378192 -0.13385190807806316
495 -0.11967014516536188 -0.1218058804906072
615 -0.12879639326090855 -0.13322260020481902
616 -0.12879639326090855 -0.13238341191120354
736 -0.14308933426104428 -0.1694141686231595
737 -0.14308933426104428 -0.16698157860380577
757 -0.1446664118170778 -0.14503838095430435
918 -0.1585280599277411 -0.31191666668822854
2259 -0.16519364008327947 -0.17719607336431747
2593 -0.1652075821442186 -0.18032548349122685
4489 -0.17097793352794924 -0.180227906612674
6548 -0.17347518098763262 -0.18359883493602766
8959 -0.19064709270517774 -0.19716200526034802
28071 -0.23862247764715128 -0.2517047264814362
39251 -0.2435721278774622 -0.251760819296191
60048 -0.27246119152529624 -0.2819591188086648
88120 -0.3044259254709938 -0.3444519726836993

11 -0.10107206970087579 -0.11045130804622849
131 -0.11425646911652335 -0.1230831146690093
242 -0.12331381472359769 -0.1979721590856924
243 -0.12331381472359769 -0.18936530788248154
2695 -0.18281818896029237 -0.22117678557502876
4147 -0.19867797768454967 -0.19890680327959728
8325 -0.20287156927131342 -0.20699027619387014
23955 -0.22886171701536628 -0.29265561474730334
47002 -0.2601025327049761 -0.2978391062928755
70241 -0.27189104763459193 -0.2819709203861298
94449 -0.2830075030695885 -0.28420417607175197

131 -0.10121562524467158 -0.19867145241122397
132 -0.10121562524467158 -0.20609861463967002
252 -0.11633033802768125 -0.20327639832673994
253 -0.11633033802768125 -0.1909690892537774
818 -0.17131648795054033 -0.18218704207380326
2775 -0.18593660008489107 -0.20637454666443888
5549 -0.1971793371066363 -0.21549014364803334
7183 -0.2198690665644147 -0.24022864326945978
10300 -0.22842850380898522 -0.26744761935388844
10522 -0.2285088387679402 -0.2676920158127021
24620 -0.23328131733377508 -0.2605313582881407
32379 -0.23577652388075465 -0.23895144983054958
47141 -0.24863533615243813 -0.2657265473791304
72206 -0.2815227609266184 -0.31310781605869675

2291 -0.1610220626189367 -0.19163105528504962
2411 -0.17518103339056673 -0.17568335178293942
2412 -0.17518103339056673 -0.17569450780054402
9848 -0.2158168981690545 -0.2239355063184172
12693 -0.24235111716952767 -0.2534426394567342
18010 -0.2541068107284643 -0.26539348238632965
21501 -0.28224339970035567 -0.28518424581560087
22651 -0.2882517477614361 -0.35790066080486854
51985 -0.3100857634352171 -0.3701626016035739
77363 -0.31735070362256224 -0.34196960596660964

242 -0.1254872755176148 -0.19267667594171808
243 -0.1254872755176148 -0.19397496305334727
474 -0.1361451240251424 -0.16030815207474433
475 -0.1361451240251424 -0.1436915263300548
939 -0.1490204575994388 -0.15108875901469132
1645 -0.1784079628697562 -0.18363865006299038
5317 -0.1831156597905859 -0.19626545698866443
8193 -0.1841931968413977 -0.1926064592373714
9111 -0.23399876553018426 -0.2936900176613287
23964 -0.2561560393813768 -0.2605712872763765
49574 -0.2733242771781511 -0.2735984590714122
73802 -0.2746331466195278 -0.2847107941051927
99806 -0.2820632700361274 -0.28658225098768236

11 -0.12398087273566061 -0.129173260839878
131 -0.09514016588159456 -0.14488635636574315
132 -0.09514016588159456 -0.137925343887895
252 -0.11237014985850582 -0.16165632578667033
253 -0.11237014985850582 -0.15096252666107432
263 -0.11492491925322258 -0.11957263256697374
827 -0.13658743089708708 -0.14302864533614823
1049 -0.13698551117536423 -0.15264180011161468
1050 -0.13698551117536423 -0.14931443918942472
2280 -0.16326152965767415 -0.19147912515597995
2502 -0.16375819861748694 -0.1854251453856934
2503 -0.16375819861748694 -0.18212006694519497
2734 -0.16909116602645194 -0.1892428897929734
2735 -0.16909116602645194 -0.19479981117802603
3188 -0.17931872598903895 -0.18404348743779897
3269 -0.17941083199180768 -0.2418836246211687
3813 -0.18398636977646618 -0.2720895104465696
6466 -0.1960741782097733 -0.20469537056976816
10764 -0.21271549408781848 -0.22680057014700716
18987 -0.2284571691871293 -0.23535534009223802
32297 -0.23851744031115693 -0.24638743953536807
45283 -0.24511471431381585 -0.2480969420671041
45989 -0.2530359619186665 -0.3857284888621363
73971 -0.303922025543955 -0.33708544115106037
74081 -0.3052816545834755 -0.4521135271442286

131 -0.09809012294313278 -0.10260742736420608
353 -0.12590941373478748 -0.180391586944976
354 -0.12590941373478748 -0.16600514281553877
696 -0.15274647739557098 -0.23606828487385836
697 -0.15274647739557098 -0.23496401305268333
4591 -0.19333163290242267 -0.20963704120721116
4713 -0.19336798263822658 -0.20071388066972298
8597 -0.21050848663251298 -0.22600599172423283
19252 -0.23005773062281262 -0.23611744145036903
19403 -0.23611744145036903 -0.3688910417897273
31158 -0.24115342418874613 -0.2602360934429343
54770 -0.2618489379627468 -0.2647113517960305
72832 -0.26972924098142037 -0.2709304217386884
74607 -0.2709304217386884 -0.3755500110225646
84435 -0.28858332862875286 -0.3039308410998033

989 -0.16609717753732467 -0.18748962286818874
1434 -0.1667405993445028 -0.16726715883261925
2624 -0.2063839430014862 -0.2583181418829242
23118 -0.22838595515231377 -0.2588366324956796
23904 -0.23896983671949337 -0.26716226655663533
23905 -0.23896983671949337 -0.2554763318773903
26649 -0.2474625472964813 -0.25472186919173884
48687 -0.2589965388604201 -0.27075804842150086
51270 -0.26065144264812073 -0.3000386538184349
53762 -0.2650580611872509 -0.2838906064666054
77485 -0.27566008691640065 -0.3064983245264243
88040 -0.2949697846849459 -0.29658674219754866
88917 -0.29658674219754866 -0.4535557986959247

131 -0.11171750068823594 -0.1272818050429808
132 -0.11171750068823594 -0.11915367731378053
363 -0.14758926504971406 -0.16381093824153886
1251 -0.150041932083045 -0.17445054974198262
1433 -0.15026742171234514 -0.16764966168033457
2219 -0.16359100230380108 -0.17712378237286777
2220 -0.16359100230380108 -0.16744809309381103
4106 -0.17675011021540443 -0.21555731145259516
4337 -0.2015627742882421 -0.2143844030626347
4338 -0.2015627742882421 -0.2155544084755571
11300 -0.22417846698465244 -0.2619257317720448
25689 -0.22960081155512432 -0.2608585103570157
49503 -0.267110718232402 -0.2849688927329678
75557 -0.2831513388967481 -0.29027722308159015

11 -0.06896547932914637 -0.10480635581127792
131 -0.08236154305544774 -0.17100461149468468
132 -0.08236154305544774 -0.14950976567833613
252 -0.10751726000180699 -0.1319338002825689
253 -0.10751726000180699 -0.1286581555308758
928 -0.15371468216430795 -0.18235198875894118
929 -0.15371468216430795 -0.1759450226686789
1160 -0.15993240916188492 -0.1949120694557862
1161 -0.15993240916188492 -0.19142486248821453
1968 -0.17576536595556203 -0.17710420191170023
3915 -0.20827267742853028 -0.21884592620675164
22593 -0.23355606629643338 -0.24271776713956286
24015 -0.23393306004275832 -0.2414468034747927
32319 -0.2531732185789666 -0.25373154669460757
33792 -0.25373154669460757 -0.31901987657714864
49967 -0.26393625515300484 -0.27115601475765677
72136 -0.2997973261077956 -0.30466271558589236
98594 -0.30885549536804263 -0.31051942823499784

242 -0.11535607997772766 -0.14814186975424207
243 -0.11535607997772766 -0.1559837016269164
1060 -0.1473832343266566 -0.2707505187568003
2946 -0.16071083400800684 -0.16855558238224705
4731 -0.16419521927445968 -0.16952298686718087
5397 -0.1652266062079082 -0.195333590314625
6053 -0.16567570027584916 -0.17809413294309842
6617 -0.17826232352289206 -0.19057372349193594
8171 -0.17942677973262688 -0.1794700777600495
8615 -0.17956392940719237 -0.1924543951250624
8837 -0.17984580290135996 -0.1873799880107811
10058 -0.18126057110076663 -0.23671096142905
10059 -0.18126057110076663 -0.1820055091698487
11067 -0.19323675328617965 -0.22247326040945092
11068 -0.19323675328617965 -0.20749770863299222
13620 -0.20740819437004446 -0.2080004091179691
14810 -0.24264683676285742 -0.3000013739572577
16000 -0.253334512716798 -0.2561501942248953
38704 -0.26501881790401166 -0.3065076522349679
39743 -0.27385024333089597 -0.3297876886503608
68804 -0.3299511449393578 -0.33228886890961706

131 -0.10417509405433197 -0.11800285248331532
132 -0.10417509405433197 -0.11978275699438723
252 -0.1295921117110796 -0.1594858686967982
253 -0.1295921117110796 -0.15075745324501086
484 -0.14682762060645735 -0.1793472921679353
485 -0.14682762060645735 -0.18352502020073552
1049 -0.17311964754583165 -0.18385151499446808
3502 -0.17816381319148195 -0.18388070789561048
3733 -0.18388070789561048 -0.19015129925359156
3734 -0.18388070789561048 -0.1888225782356086
4692 -0.19125643457453734 -0.19317734774655054
9030 -0.19727125970323056 -0.22167688009849812
9444 -0.19767755436156006 -0.2034256563902065
10382 -0.2044838579777009 -0.304227828324577
18716 -0.21665583826641285 -0.22195155247013376
19382 -0.2166653064479787 -0.22523289794981916
24408 -0.21689749697185642 -0.23184852949922158
48949 -0.2586531871916148 -0.26673717197484603
53933 -0.26444579817363356 -0.26766020817515296
57706 -0.2736844814670834 -0.2966612408749343
58351 -0.29060143948133393 -0.3961171132570143
87200 -0.30007414083519207 -0.3120114184197873

11 -0.11068871941736728 -0.13082349683188113
91 -0.08658015756242231 -0.08842247213981956
211 -0.12182441189675046 -0.13676915466078107
212 -0.12182441189675046 -0.1368504051611388
867 -0.13882926918176738 -0.14249994680752723
1209 -0.15626901788248335 -0.16048100204692833
1320 -0.15670037470562131 -0.16000515406215457
1542 -0.15762275302058898 -0.17818866273948633
1543 -0.15762275302058898 -0.1738561199944288
2995 -0.16072083984836885 -0.18312225200923452
2996 -0.16072083984836885 -0.17868712154193728
4650 -0.19297247081211824 -0.19619652834345602
6314 -0.21015565599309 -0.21257814272368913
8311 -0.23110597468671643 -0.26769965263493095
16686 -0.23305328511643197 -0.2641650263907081
21902 -0.2567899094710069 -0.2588993451592475
39924 -0.26550058248337577 -0.27426263490170855
63183 -0.2808906070939313 -0.28348461497762156
92053 -0.3049053049713705 -0.30585041603197816

61 -0.075411004181062 -0.12650021822374374
62 -0.075411004181062 -0.11870829070675083
82 -0.08052187258005812 -0.08112426547349451
152 -0.096074038616291 -0.10097718216758311
272 -0.12034933774929651 -0.18315061048194778
273 -0.12034933774929651 -0.1783621907573326
283 -0.1241582512131813 -0.1249944171869795
293 -0.12520729396899613 -0.12523015051064826
303 -0.12891740444245897 -0.1323053296219737
978 -0.15518375615117122 -0.1605536283502364
1423 -0.1555009038612663 -0.15813645757184783
2593 -0.15845820922801399 -0.1603995324643307
2824 -0.18781349692969504 -0.19665898465591347
2825 -0.18781349692969504 -0.19178260044598833
5458 -0.19963525136661933 -0.20177676057392988
10937 -0.20488533818600113 -0.21144475920230518
11522 -0.20769512677135854 -0.27029760668176
16849 -0.22341824019937725 -0.24814818346055809
17747 -0.23122734351285398 -0.24365673505158128
37575 -0.25071578361795527 -0.26250091557145755
39199 -0.2586407863463301 -0.2910518532406992
64628 -0.26543004317500574 -0.29221868356325287
94325 -0.31430878641730864 -0.32758851302971154

11 -0.11718807892076423 -0.15440236106812297
142 -0.11882278580105651 -0.12191969664814022
152 -0.12191969664814022 -0.12515780174032717
827 -0.18927345324694567 -0.18929529639268805
2038 -0.1917878531817071 -0.22913348875497977
5085 -0.20167338278157773 -0.2326089503782961
7092 -0.20457262764261394 -0.22192092732192473
7093 -0.20457262764261394 -0.2633511067508491
10099 -0.214011292880377 -0.23451278561148964
12652 -0.2142811865819031 -0.21893353819523378
16921 -0.21516144539957305 -0.21995957693769072
33843 -0.2280141395498777 -0.24318044141348943
43570 -0.2642869506090426 -0.2680956852072493
66032 -0.28093174653341063 -0.2897728174665792
91794 -0.3082261179353824 -0.33332049397778535
91844 -0.3308304124757206 -0.45524822886297117

11 -0.06739581127834414 -0.17944370645596594
131 -0.07450830572053191 -0.14052302552127388
132 -0.07450830572053191 -0.12139874653966863
252 -0.13791356673234198 -0.16326083834410654
253 -0.13791356673234198 -0.1597548660070274
484 -0.15734873905886507 -0.1586592979989308
706 -0.15766314227209174 -0.1609650931775187
1705 -0.16339664238887525 -0.17354525292149742
3592 -0.16746959386357188 -0.17099771215544965
3703 -0.16751707150267517 -0.17069127350571056
3966 -0.1675766979945711 -0.2038092279973687
4641 -0.19122258036901496 -0.21260245156633098
6518 -0.19382093506246678 -0.21339285459584093
10594 -0.2230116454465149 -0.24325448071159847
18242 -0.22853239984866358 -0.2401049123787679
31511 -0.23540417460667748 -0.238575213500512
55164 -0.28284753402285845 -0.297131577103761
82964 -0.3058129219891367 -0.3120356464877594

61 -0.10129407650319246 -0.10403661235091019
514 -0.14005722983069469 -0.1699102242106747
515 -0.14005722983069469 -0.16260645116912598
635 -0.176495862888768 -0.1858035161545625
636 -0.176495862888768 -0.1856691885494666
5267 -0.2118414385359327 -0.2407814022485334
5357 -0.2309462184522712 -0.3480113561640031
23571 -0.24551432742357032 -0.27050999016542016
28999 -0.24946832921983658 -0.26269811310665514
29796 -0.2502813274558348 -0.30579314713296313
51743 -0.2732888021031873 -0.27378474022425586
76728 -0.3107252925260087 -0.3131286679489465

131 -0.10624398964482089 -0.127819440751556
132 -0.10624398964482089 -0.1222142726295497
585 -0.13351714983990856 -0.1484200072665074
919 -0.13473075767912057 -0.13990637499236502
2250 -0.16155828452696933 -0.20375194233001215
3813 -0.17149798305130423 -0.1785829899359686
4146 -0.17207289072578041 -0.2199184287235138
6477 -0.17648868826547534 -0.17938351295395236
6538 -0.17653446618357405 -0.18216349414524416
8051 -0.20702334381181695 -0.30374125790449785
25144 -0.23125910903599084 -0.24055197252687588
43902 -0.23634891481072662 -0.27785827308609545
48382 -0.24262007079338355 -0.24894070357922976
49179 -0.24911948950329768 -0.4253986664814449
49552 -0.2730364066516498 -0.4593330698574669
77201 -0.31201567550905657 -0.33982517841028553

131 -0.10875295280146771 -0.11576823546055241
353 -0.11925382930810312 -0.1622841500861
354 -0.11925382930810312 -0.15889118073025274
1029 -0.13265169376040709 -0.14214715395995445
1251 -0.13344884860336997 -0.14878587077551728
1252 -0.13344884860336997 -0.1376665271162197
3340 -0.17885662303288832 -0.1840789551551214
4792 -0.19332820751846302 -0.20478896440348301
4793 -0.19332820751846302 -0.2078167283729956
6679 -0.19803221603459886 -0.20149386886825113
12208 -0.201017961749352 -0.22354093857127535
16224 -0.20838559780344437 -0.20843546647491548
21208 -0.2517555193058704 -0.26062420734211167
37131 -0.2546177236176455 -0.272380962812685
50632 -0.256667167638342 -0.2574144409391556
52165 -0.2574144409391556 -0.3141391047617442
67008 -0.2744985508734497 -0.33295417892186013
95212 -0.32051974366446884 -0.33098764103898054

586 -0.16293159350911368 -0.16982124849073058
706 -0.18178679208591988 -0.2554391513258187
707 -0.18178679208591988 -0.2537753849915591
2048 -0.18586436313493385 -0.20525408915738033
2049 -0.18586436313493385 -0.18954063440407706
6862 -0.21236075933445428 -0.2159721053867265
29425 -0.2400652545502649 -0.27203599795589783
30111 -0.25417111851131385 -0.3875406249814417
31099 -0.25985424616082786 -0.3444333303386044
57638 -0.2952037499858372 -0.324621771011791
81371 -0.30934226663217224 -0.3140018314855645

11 -0.12557773101763486 -0.16213251856963032
131 -0.11828177155084776 -0.13070332293775713
132 -0.11828177155084776 -0.12536111484368997
626 -0.16416271804474164 -0.1737834927783068
2159 -0.1677560459036852 -0.16841268517884728
2421 -0.17431145590489364 -0.31476113270007255
3036 -0.18056515965215916 -0.31600004910963714
9927 -0.18868836898322272 -0.19820424617862445
10119 -0.18880172165960502 -0.2064042212003289
10239 -0.19197291044472237 -0.1969433824952408
10240 -0.19197291044472237 -0.19677810571010698
16516 -0.2187720834794413 -0.23749860503081194
39553 -0.2572118474015589 -0.27703864239508075
43508 -0.2641247364488994 -0.26429436019633523
69007 -0.28296790548532696 -0.29751603083415906

131 -0.087149956783258 -0.23332501854275103
132 -0.087149956783258 -0.21554326915175973
252 -0.1310035714985436 -0.14215249274471978
253 -0.1310035714985436 -0.14156241784609025
484 -0.14081918431032558 -0.20295471456592135
485 -0.14081918431032558 -0.2016061065353553
938 -0.146739631783486 -0.1497702645431297
1917 -0.14757013667406674 -0.14985754616804434
3077 -0.17243097596289347 -0.2513333063368145
5084 -0.18505718229336096 -0.21160803325429825
6124 -0.18579205294344775 -0.18629926384084572
13278 -0.2125096404925704 -0.21355167157610302
28817 -0.2226428960298241 -0.2429133273046311
48746 -0.235963934901028 -0.2606801194391535
54901 -0.24894997235810765 -0.2561718907333415
75748 -0.25633261062993656 -0.29116628655986165

11 -0.10492195812506526 -0.14182452558726533
131 -0.08944026989857759 -0.1122769001374719
132 -0.08944026989857759 -0.10580861621250119
252 -0.1068488082480289 -0.11382341304967407
253 -0.1068488082480289 -0.11174805506729553
373 -0.11723280909017306 -0.1535115095262104
374 -0.11723280909017306 -0.15668819793232053
545 -0.1203254061651827 -0.12375648711068193
857 -0.14257326661943528 -0.148757367109132
1754 -0.1823741240385822 -0.1934413008262931
5185 -0.1905844487712572 -0.19978968709941294
11017 -0.21443695711146699 -0.21812860668146009
14720 -0.22360684797055133 -0.28605558047883023
34165 -0.22940929466263907 -0.2344444364293079
59452 -0.2665631956218454 -0.2699874269263487
83993 -0.27268796294945047 -0.2956105355202788

1020 -0.1496094537757921 -0.15577235994341182
1917 -0.1739639908088975 -0.17530348915111799
1918 -0.1739639908088975 -0.1818110934690268
2371 -0.18040114474207344 -0.18568055662938399
2372 -0.18040114474207344 -0.18238721317154385
3602 -0.18977894967043882 -0.22094918561902469
8022 -0.19123315375545163 -0.22144684130878345
11785 -0.20213283104701785 -0.2067817021093966
22652 -0.20847507598606613 -0.22022187339975619
28635 -0.23837265844429506 -0.24592347280064067
49967 -0.25156816461607473 -0.284966870933756
63872 -0.2593051151069482 -0.268872547737694
90411 -0.30559537025364447 -0.3515891006241141

242 -0.1313334231134276 -0.1407080790269331
243 -0.1313334231134276 -0.13662339003359292
363 -0.14634140470614374 -0.22656967506809206
364 -0.14634140470614374 -0.22165125048907805
394 -0.16586126984314326 -0.2189083035098034
2290 -0.17742716334242534 -0.2181350887940054
3733 -0.1816504051987126 -0.22786018667898775
6619 -0.1862673179480303 -0.18715113941902514
7487 -0.1864284863646975 -0.19896234858199532
32603 -0.25310862503670634 -0.2676933048202535
58153 -0.27727573173937264 -0.285167118212138
85267 -0.2865865034038998 -0.3289352003466123

242 -0.12516641314833665 -0.16585855008355382
243 -0.12516641314833665 -0.15834353998186693
363 -0.14309966812103375 -0.1925584975674408
364 -0.14309966812103375 -0.18945780853403393
1625 -0.175406030866053 -0.18470362604786802
2966 -0.1979043159581665 -0.20487589721892066
4783 -0.2030123292933935 -0.2059058891529777
5216 -0.20904854289583868 -0.3249155916333157
19585 -0.21694514920393101 -0.23744854162274132
19716 -0.2593293041363503 -0.43074707874939006
45488 -0.29538704999322896 -0.32780114495094714
72965 -0.308852000925861 -0.32349492126347407

