pass_rich_deceptive10_step0_poor10rich0
eval_cnt worst_rich_fitness new_rich_fitness
90 -0.1894168040551977 -0.23976391029009192
251 -0.29268949744405276 -0.3131619748715936
289 -0.31861298768683155 -0.3239482494193454
297 -0.3239482494193454 -0.36854714149151496
299 -0.3239482494193454 -0.4047474626874501
301 -0.3239482494193454 -0.34656319727776896
310 -0.4047474626874501 -0.4178387998253527
321 -0.4178387998253527 -0.4300637921248125
381 -0.4300637921248125 -0.43096540825256063
409 -0.4460536516003901 -0.46982820130194913
410 -0.4460536516003901 -0.4669494665475986
500 -0.5376927460246318 -0.5610034660080134
537 -0.5610034660080134 -0.5767049333152515
540 -0.5610034660080134 -0.6144863915353128
541 -0.5610034660080134 -0.5979822035939446
555 -0.6144863915353128 -0.6459647427806977
556 -0.6144863915353128 -0.622755988714538
577 -0.6459647427806977 -0.6694007017297787
578 -0.6459647427806977 -0.6981284884142276
615 -0.6981284884142276 -0.7005768116392691
666 -0.7005768116392691 -0.7041021707260786
691 -0.7041021707260786 -0.7402912015679695

12 -0.15769705417599655 -0.24467511958862564
13 -0.15769705417599655 -0.18957626983566947
15 -0.15769705417599655 -0.1632003183356084
259 -0.3283465078457059 -0.3496784952274046
556 -0.365586364136086 -0.405527981947333
738 -0.5085653304718861 -0.5117350521481919
780 -0.5117350521481919 -0.5128984330307191
792 -0.5128984330307191 -0.5489118527254548
838 -0.5489118527254548 -0.578526157857556
840 -0.5489118527254548 -0.561909204552056
842 -0.5489118527254548 -0.5525990992269161
901 -0.578526157857556 -0.5887093037564504
1082 -0.5887093037564504 -0.5897260882977934
1105 -0.5897260882977934 -0.6264160288979101

12 -0.1090048039435873 -0.19109496792762565
13 -0.1090048039435873 -0.1306920846446512
15 -0.1090048039435873 -0.1307990260318493
16 -0.1090048039435873 -0.14500667374077028
59 -0.20917362496509873 -0.22901957135228956
220 -0.2413921990857293 -0.25533626904880274
351 -0.2876703992898484 -0.3425048992970145
420 -0.3425048992970145 -0.3942365635635667
421 -0.3425048992970145 -0.37161105908903985
508 -0.3942365635635667 -0.4026857136403255
509 -0.3942365635635667 -0.3972627130465858
510 -0.3942365635635667 -0.40109925890845227
4451 -0.4160583002116354 -0.4928181229111795
4940 -0.4928181229111795 -0.4995314455261992
30222 -0.5139335097385941 -0.5176340483768141
31104 -0.5176340483768141 -0.5319645212067861

14 -0.13041252801469122 -0.222516511851924
15 -0.13041252801469122 -0.13804694655249997
16 -0.13041252801469122 -0.15562079695966452
19 -0.13041252801469122 -0.14035209254421316
210 -0.3068432322207495 -0.30999741029855055
219 -0.30999741029855055 -0.33246737093750867
250 -0.33246737093750867 -0.37391429458258724
1081 -0.4620359921412864 -0.4728522651947783
1142 -0.4728522651947783 -0.48083085418614957
1234 -0.48083085418614957 -0.4905120358997086
1265 -0.4905120358997086 -0.521559822626833
1370 -0.521559822626833 -0.5222689577315097
1612 -0.5222689577315097 -0.5319091557948562
1619 -0.5222689577315097 -0.5383290320252222
1659 -0.5383290320252222 -0.5430919644174136
1676 -0.5430919644174136 -0.5704177945627567
2001 -0.5946260170846464 -0.6025489118601275
2192 -0.6031791651648977 -0.6046176326461216

89 -0.30284764099372347 -0.3072214081906578
591 -0.4942065562162996 -0.494922621305787
728 -0.494922621305787 -0.5244572778019284
845 -0.5244572778019284 -0.5251264472782777
881 -0.5251264472782777 -0.5433431852953585
965 -0.5433431852953585 -0.5456848113698999
35663 -0.5737672698688654 -0.5875627937835034

11 -0.07823195129734732 -0.1371487533636901
12 -0.07823195129734732 -0.07833238755564698
13 -0.07823195129734732 -0.10435444117382159
14 -0.07823195129734732 -0.11599757622746854
15 -0.07823195129734732 -0.08051124047943013
16 -0.07823195129734732 -0.113503536173483
17 -0.07823195129734732 -0.16998528158266474
18 -0.07823195129734732 -0.09659558278531294
19 -0.07823195129734732 -0.15282981738511203
58 -0.16998528158266474 -0.17584396854237716
59 -0.16998528158266474 -0.18008976142653316
169 -0.2558776804927111 -0.26341610295834905
199 -0.26903931925422236 -0.2738602389230466
210 -0.2738602389230466 -0.2787592134703203
381 -0.371013360593878 -0.3902495632360549
401 -0.3902495632360549 -0.4096310132743101
421 -0.4096310132743101 -0.44101414861864296
431 -0.44101414861864296 -0.44173946751594184
449 -0.44173946751594184 -0.45488518715433174
479 -0.45488518715433174 -0.46615826023521195
480 -0.45488518715433174 -0.4934698347643897
481 -0.45488518715433174 -0.4750013731652285
496 -0.4934698347643897 -0.5001243302292384
506 -0.5001243302292384 -0.5310624019154322
571 -0.5310624019154322 -0.5440063142328724
792 -0.5440063142328724 -0.5461978699154175
816 -0.5461978699154175 -0.5662023671277286

11 -0.07866912004496177 -0.1027055060423546
13 -0.07866912004496177 -0.143886017298127
17 -0.07866912004496177 -0.1266314792340943
18 -0.07866912004496177 -0.26811490674900995
19 -0.07866912004496177 -0.12351258767217577
270 -0.31327618248404077 -0.31774573068421574
281 -0.318612240418045 -0.3192914308516897
291 -0.3192914308516897 -0.33349658698556706
341 -0.33349658698556706 -0.3698886940408792
401 -0.3698886940408792 -0.41472853396723386
488 -0.41472853396723386 -0.4380427322456643
495 -0.4380427322456643 -0.438903613450825
520 -0.438903613450825 -0.459500879367672
535 -0.459500879367672 -0.47625527870254236
546 -0.47625527870254236 -0.4848977331031446
558 -0.4848977331031446 -0.48912239084948883
590 -0.48912239084948883 -0.5118440417083471
1304 -0.5146875923170979 -0.5263175747525305
1527 -0.5263175747525305 -0.5300117944359387
1940 -0.5303062819091651 -0.536265200906602
1988 -0.536265200906602 -0.542295859724071
2293 -0.542295859724071 -0.553062704793504
2333 -0.553062704793504 -0.5568713392907367
2403 -0.5568713392907367 -0.5607608833381751
2453 -0.5607608833381751 -0.5624998659415362
2584 -0.5626450140381805 -0.5629232281453811
2715 -0.5708253932205788 -0.5718433581855588
2936 -0.5719744726518186 -0.5730361261914397
3178 -0.5738596385894202 -0.5744511184884087
38297 -0.578519668290823 -0.5926278283457811
39535 -0.5926278283457811 -0.603465709871574
61565 -0.6167018415882308 -0.6297775026225799
62430 -0.6297775026225799 -0.6755051691318009

19 -0.1721438271146026 -0.20182378589221117
89 -0.2186304342272591 -0.26031121637715887
348 -0.3516208296325952 -0.3621322335497181
541 -0.4926643657161252 -0.5061295759139445
591 -0.5061295759139445 -0.5147039640600772
610 -0.5147039640600772 -0.5175531327845655
661 -0.5175531327845655 -0.5204206885505583
675 -0.5204206885505583 -0.58155537307008
752 -0.58155537307008 -0.5832626182071436
789 -0.5832626182071436 -0.5855033264660399
798 -0.5855033264660399 -0.5948934818245045
921 -0.5948934818245045 -0.6205007502098798

11 -0.13693913963149176 -0.13866601400992662
12 -0.13693913963149176 -0.15539616637120224
13 -0.13693913963149176 -0.15266660990820083
17 -0.13693913963149176 -0.14241340783122175
18 -0.13693913963149176 -0.1466089275551027
29 -0.15539616637120224 -0.1794016796476641
69 -0.19600943275055382 -0.21819547642803672
129 -0.2690341176974327 -0.2962224848750849
260 -0.3233872742273135 -0.32841831578102
270 -0.32841831578102 -0.3569584231040582
299 -0.37822372417860645 -0.38648650129649903
306 -0.38648650129649903 -0.3945749719488185
307 -0.38648650129649903 -0.3877781701180704
310 -0.38648650129649903 -0.39755310400957244
320 -0.39755310400957244 -0.4362825056213134
420 -0.4541618291128218 -0.5197074630338444
427 -0.5197074630338444 -0.5378151728607357
437 -0.5378151728607357 -0.5449671989059177
439 -0.5378151728607357 -0.6316633669048353
468 -0.6316633669048353 -0.6406462371808644
486 -0.6406462371808644 -0.6548284201822252
504 -0.6548284201822252 -0.6740302154042896
509 -0.6548284201822252 -0.6623262118252582
550 -0.6740302154042896 -0.6959526026830771

11 -0.10095451534897677 -0.13349413258316392
12 -0.10095451534897677 -0.14821954921195377
13 -0.10095451534897677 -0.12459117695877979
15 -0.10095451534897677 -0.19126191358662997
16 -0.10095451534897677 -0.2040733034319941
18 -0.10095451534897677 -0.1269162352356576
19 -0.10095451534897677 -0.18955405411553608
140 -0.2451540106108254 -0.2951273536324141
271 -0.2951273536324141 -0.30729651303681016
311 -0.30729651303681016 -0.4106250541433743
331 -0.4106250541433743 -0.5392662277525516
520 -0.5392662277525516 -0.5580698978898779
561 -0.5580698978898779 -0.5879649410977967

21 -0.15487591333826942 -0.19656984537592276
38 -0.15487591333826942 -0.17150895985359071
59 -0.17150895985359071 -0.17963222474927173
70 -0.17963222474927173 -0.18564021308630774
90 -0.18564021308630774 -0.22162411636016524
120 -0.22224555275670854 -0.23630352325522705
209 -0.3477492162670387 -0.3852981423987573
369 -0.3919975307475723 -0.39376430134080626
376 -0.39376430134080626 -0.4126754984483167
386 -0.4126754984483167 -0.41350597555235946
416 -0.41350597555235946 -0.4138594832476033
421 -0.41350597555235946 -0.43140779063438717
429 -0.43140779063438717 -0.45355975040653096
458 -0.45355975040653096 -0.4567782643360331
461 -0.45355975040653096 -0.45557423817243
471 -0.4567782643360331 -0.4599524954544124
490 -0.4599524954544124 -0.49387452553349254
521 -0.49387452553349254 -0.4943287800661654
31090 -0.5160831946996421 -0.5342145036859142
32625 -0.5342145036859142 -0.5579026319474903
33083 -0.5579026319474903 -0.5884558740608046

11 -0.03571515465214232 -0.0671403133376322
12 -0.03571515465214232 -0.12338180061582947
13 -0.03571515465214232 -0.15104599040632335
14 -0.03571515465214232 -0.08622185796349716
15 -0.03571515465214232 -0.14646555678523052
16 -0.03571515465214232 -0.18544900224071525
17 -0.03571515465214232 -0.12218001458712614
18 -0.03571515465214232 -0.06604950401919156
19 -0.03571515465214232 -0.166141973909373
29 -0.18544900224071525 -0.1964552964156941
200 -0.2577297258039406 -0.27749190900284043
220 -0.2577297258039406 -0.28602010806205025
290 -0.3529473971970127 -0.35447907676351104
300 -0.35447907676351104 -0.38079460052576425
350 -0.38079460052576425 -0.3849116044303403
459 -0.4498781482556903 -0.4598575353976269
470 -0.4598575353976269 -0.4703642306960199
514 -0.4703642306960199 -0.47350401973066425
620 -0.47350401973066425 -0.4781245391557447
666 -0.4781245391557447 -0.4786743530162599
788 -0.4786743530162599 -0.49715222833531925
1068 -0.5048818466145657 -0.5052479275373196
1173 -0.5052479275373196 -0.507125556690227
1455 -0.5136046445856767 -0.5145245712393758
1586 -0.5145245712393758 -0.5152789074344795
1660 -0.5152789076201588 -0.5265311612644804
1797 -0.5265311612644804 -0.5302841737272289
25795 -0.5568671120235922 -0.56448511455438
27306 -0.56448511455438 -0.5724469910157688

13 -0.17791783478965403 -0.2369283579056776
15 -0.17791783478965403 -0.29101293311986026
170 -0.3440049970669747 -0.43210522460736883
340 -0.527426467295011 -0.5616143792037612
649 -0.5682323112492272 -0.5894603549683394
696 -0.5894603549683394 -0.5903859712470082
712 -0.5903859712470082 -0.6024570851143476

12 -0.08456038859674905 -0.0906406664086224
13 -0.08456038859674905 -0.1151549908827254
14 -0.08456038859674905 -0.12457740443627208
16 -0.08456038859674905 -0.12933361802525395
17 -0.08456038859674905 -0.1850271377805766
18 -0.08456038859674905 -0.24827747930069077
301 -0.29969108275585743 -0.3032647095863529
409 -0.3866953383399706 -0.41292771631832775
431 -0.41292771631832775 -0.42507373075053007
458 -0.42507373075053007 -0.4266210791375285
461 -0.42507373075053007 -0.4450861300656816
467 -0.4450861300656816 -0.45411044822424795
497 -0.45411044822424795 -0.45643837243221475
500 -0.45411044822424795 -0.46290794216663983
517 -0.46290794216663983 -0.47960440735160714
638 -0.47960440735160714 -0.48479422189631377
870 -0.48479422189631377 -0.503139913349828
904 -0.503139913349828 -0.5075588370510226
909 -0.5075588370510226 -0.5333141495652051
1055 -0.5333141495652051 -0.5408137305128836
25045 -0.556133220044684 -0.5603509617207454
26150 -0.5835009745479456 -0.5983080180899732

12 -0.09123230084855499 -0.10598206550229139
15 -0.09123230084855499 -0.11512991739201814
17 -0.09123230084855499 -0.130021963809234
180 -0.21184118175517105 -0.2135115837633262
311 -0.3030954087649931 -0.31317065335875865
330 -0.31317065335875865 -0.35981913306477714
370 -0.35981913306477714 -0.42200476076141274
378 -0.42200476076141274 -0.4406941430393271
391 -0.4406941430393271 -0.5060274263443375
520 -0.5290782942853414 -0.5468076101913198
532 -0.5468076101913198 -0.5566193484733631
541 -0.5566193484733631 -0.5894060205941788
647 -0.5894060205941788 -0.6002162195139623
696 -0.5461837939555021 -0.5605832570714543
698 -0.5461837939555021 -0.5593000804611254
711 -0.5605832570714543 -0.589120975967589
736 -0.589120975967589 -0.5933542642209821
775 -0.5933542642209821 -0.5997711791829665
822 -0.5997711791829665 -0.6266385563269505
829 -0.6266385563269505 -0.6455244215100451
902 -0.6455244215100451 -0.6504028841507806
931 -0.6504028841507806 -0.6698177231426171
942 -0.6698177231426171 -0.6737485162456746
952 -0.6737485162456746 -0.6909587143443292

11 -0.06999471504615437 -0.2547968948672791
13 -0.06999471504615437 -0.12514324841652572
14 -0.06999471504615437 -0.22965388023762323
15 -0.06999471504615437 -0.08261653624314959
17 -0.06999471504615437 -0.14462793470560725
18 -0.06999471504615437 -0.1297346733988689
19 -0.06999471504615437 -0.12384556957960187
69 -0.2585738194761741 -0.31206099652314523
301 -0.3619995475801522 -0.3986419311352454
391 -0.3986419311352454 -0.42080393906840086
408 -0.42080393906840086 -0.4505659812535154
431 -0.4505659812535154 -0.45852713080217183
479 -0.45852713080217183 -0.46582622012418096
530 -0.46582622012418096 -0.4768264108038574
556 -0.4768264108038574 -0.5049981574533513
601 -0.5049981574533513 -0.509938936684207
23428 -0.533437519604156 -0.550694292036574

11 -0.146890131701754 -0.1581291194617926
18 -0.146890131701754 -0.15416907956888126
231 -0.36071267113898825 -0.36940558374623594
271 -0.3838955636399206 -0.4012843332855469
290 -0.4012843332855469 -0.429872473849181
460 -0.429872473849181 -0.5211239491707182
462 -0.429872473849181 -0.5185739406973364
492 -0.5211239491707182 -0.5698331737900533
507 -0.5698331737900533 -0.5725015349170839
699 -0.5725015349170839 -0.5755637844236201
823 -0.5755637844236201 -0.5792665772418514
1282 -0.5802715553554254 -0.6089050605073851
1600 -0.6089050605073851 -0.6170805956092635

14 -0.182341476078468 -0.2484866692517354
15 -0.182341476078468 -0.2107475202636692
140 -0.33126259512304423 -0.34057291861039746
331 -0.36953359457052226 -0.37693464219714773
548 -0.3885955105972785 -0.39112020944301723
600 -0.39112020944301723 -0.39659793384664954
605 -0.39659793384664954 -0.40338254711720456
640 -0.40338254711720456 -0.427219391650659
657 -0.427219391650659 -0.43663443437713484
695 -0.43663443437713484 -0.45931554967300486
696 -0.43663443437713484 -0.48142354504968665
697 -0.43663443437713484 -0.4399017500199708
701 -0.43663443437713484 -0.43724321242766845
890 -0.48142354504968665 -0.4891994739589277
921 -0.4891994739589277 -0.4966187132729505
1003 -0.4966187132729505 -0.4970088846400458
1033 -0.4970088846400458 -0.5049947603257711
1083 -0.5049947603257711 -0.5083486408312872
1093 -0.5083486408312872 -0.509994113111669
1191 -0.5100152432330085 -0.5125066527782485
1252 -0.5125066527782485 -0.5156151596471418
1282 -0.5156151596471418 -0.5271671593393918
1656 -0.5313687689573422 -0.5314639247335359
1726 -0.5314639247335359 -0.5314704280194196
1826 -0.5315806319066609 -0.5327600181245612
1936 -0.5327600186620116 -0.5328216118029908
2107 -0.5334765611064357 -0.5345307134931102
2258 -0.5438084769942099 -0.5465545272793498
2479 -0.5467849795658857 -0.5509405315515238
60846 -0.5563925968732725 -0.5654402144049502
61923 -0.5654402144049502 -0.5847067127795833

13 -0.08649384791849317 -0.09798397537489882
15 -0.08649384791849317 -0.121896195309576
18 -0.08649384791849317 -0.1306455403000892
19 -0.08649384791849317 -0.09768407898178348
29 -0.1306455403000892 -0.14467488692663358
39 -0.14467488692663358 -0.15335581681326937
59 -0.15335581681326937 -0.15477672086839633
67 -0.1756313914526006 -0.21220102527373005
220 -0.25513582378018945 -0.2609870721297175
230 -0.2694630033427471 -0.28000288183290967
258 -0.28000288183290967 -0.2897526323093862
259 -0.28000288183290967 -0.3231456288109171
268 -0.3231456288109171 -0.33780021179479375
290 -0.33780021179479375 -0.34974733634712574
298 -0.34974733634712574 -0.3556468588207925
299 -0.34974733634712574 -0.38691596244530885
309 -0.38691596244530885 -0.4130470666719748
328 -0.4130470666719748 -0.4452406906379883
335 -0.4452406906379883 -0.465889513539971
363 -0.465889513539971 -0.48182793153929465
410 -0.48182793153929465 -0.48201104793326016
547 -0.48201104793326016 -0.4893721164444894
579 -0.4893721164444894 -0.49532152241130956
589 -0.49532152241130956 -0.5101666758198142
60848 -0.5798685273263404 -0.5803438172553611
60923 -0.5803438172553611 -0.5803438173283185

13 -0.1000501041460688 -0.17023350846950716
14 -0.1000501041460688 -0.12917608728813557
15 -0.1000501041460688 -0.10998726535727738
16 -0.1000501041460688 -0.1572647221822981
19 -0.1000501041460688 -0.1280815386692618
109 -0.19693679293888572 -0.2002317531928989
138 -0.20147956395306751 -0.22682306651443998
139 -0.20147956395306751 -0.22551926288037652
148 -0.22682306651443998 -0.23179412594904286
370 -0.30244457416350473 -0.3102003515248654
379 -0.3102003515248654 -0.32822355932509417
381 -0.3102003515248654 -0.31626823011863925
390 -0.32822355932509417 -0.37540680110128194
417 -0.38192144719012483 -0.404044823391381
431 -0.404044823391381 -0.4403524048662479
440 -0.4403524048662479 -0.4520788313278708
486 -0.4520788313278708 -0.48084429831342346
491 -0.4520788313278708 -0.45740113992887643
501 -0.48084429831342346 -0.49765391260417907
505 -0.49765391260417907 -0.5061551493183144
530 -0.5061551493183144 -0.5145629496068171
738 -0.5391955752728356 -0.5460122560356767
812 -0.5460122560356767 -0.5539946992810444
52231 -0.5914627998245202 -0.6134157336450916

11 -0.04853307343300883 -0.08652443065008925
12 -0.04853307343300883 -0.14263518667397113
13 -0.04853307343300883 -0.1057311704195052
14 -0.04853307343300883 -0.10227818133665374
15 -0.04853307343300883 -0.06552503632982445
16 -0.04853307343300883 -0.10652843667395967
17 -0.04853307343300883 -0.16201077222658303
18 -0.04853307343300883 -0.11858135042335367
19 -0.04853307343300883 -0.10761171709932907
230 -0.27183772233716363 -0.32275011200160253
482 -0.4515317770659558 -0.4565360623128546
492 -0.4565360623128546 -0.4659965642154569
1668 -0.4789732168506297 -0.49250863490601926
2004 -0.49250863490601926 -0.4969398856816774
26245 -0.5416787466763651 -0.590204724195514
27129 -0.590204724195514 -0.6083264200606198

12 -0.14882808496068534 -0.17163742155975176
16 -0.14882808496068534 -0.2745635582728362
19 -0.14882808496068534 -0.24461701270601185
419 -0.41928975910844923 -0.4196478213837314
441 -0.4196478213837314 -0.4219751066962731
446 -0.4219751066962731 -0.42621816726805395
460 -0.42621816726805395 -0.4358428064372615
462 -0.42621816726805395 -0.437352976691764
468 -0.437352976691764 -0.46732151047360365
470 -0.437352976691764 -0.48615119366810255
482 -0.48615119366810255 -0.49488283413968526
492 -0.49488283413968526 -0.505137965180726
521 -0.505137965180726 -0.5259602995542405
558 -0.5259602995542405 -0.5720408595852121
561 -0.5259602995542405 -0.5283055741312542
587 -0.5720408595852121 -0.576007522310355
635 -0.576007522310355 -0.5928268923039419
773 -0.5928268923039419 -0.6113537245820183
989 -0.6296218431892631 -0.6304898598435074

11 -0.12227188305229926 -0.15514758227585687
17 -0.12227188305229926 -0.28053390143249674
19 -0.12227188305229926 -0.1260995807320515
310 -0.4059736589057545 -0.47973659251211936
311 -0.4059736589057545 -0.4110784523482545
338 -0.47973659251211936 -0.5075719043619222
436 -0.5075719043619222 -0.5499033746129607
438 -0.5075719043619222 -0.5125343113057853
441 -0.5075719043619222 -0.5615736436738101
466 -0.5801830044011813 -0.6085126959958214
467 -0.5801830044011813 -0.588473625535888
470 -0.5801830044011813 -0.60424845759182
477 -0.6085126959958214 -0.6379980704363529
478 -0.6085126959958214 -0.6223968517739848
479 -0.6085126959958214 -0.6193449668924593
491 -0.6379980704363529 -0.6711348558090205
501 -0.6711348558090205 -0.7181118134661516

17 -0.15929830682456514 -0.199779081097938
18 -0.15929830682456514 -0.20462194376631568
442 -0.2840758711555053 -0.29221819295894247
470 -0.29221819295894247 -0.29241252150925284
508 -0.29241252150925284 -0.3070536312645771
520 -0.3070536312645771 -0.3686789693624389
534 -0.2901411040987791 -0.2983908909197227
536 -0.2901411040987791 -0.3091496652333546
541 -0.2901411040987791 -0.30074039534162367
547 -0.3091496652333546 -0.32105613383083387
550 -0.3091496652333546 -0.3228546134781342
552 -0.3091496652333546 -0.3311128037544454
555 -0.3311128037544454 -0.35702854453067406
556 -0.3311128037544454 -0.34759219818664544
562 -0.3311128037544454 -0.33659283550349545
570 -0.35702854453067406 -0.3777349542037326
572 -0.35702854453067406 -0.3951803361528161
651 -0.3951803361528161 -0.40465102299202693
798 -0.41432058000835165 -0.4166323934760774
819 -0.4166323934760774 -0.420494257843593
820 -0.4166323934760774 -0.4237559511069062
847 -0.4237559511069062 -0.4246388528108211
1031 -0.4516671259128856 -0.45176419581845695
1094 -0.45176419581845695 -0.46699005364652457
1169 -0.4682023345738212 -0.4683668840344513
1184 -0.4683668840344513 -0.4703142758026138
1615 -0.47175083191458395 -0.47970391828373454
1686 -0.47970391828373454 -0.4979973156836746
1871 -0.4979973156836746 -0.5022041294784885
1938 -0.5022041294784885 -0.5042377587712302
2240 -0.5244504393751286 -0.5311292129690369
3016 -0.5329893047761601 -0.5333986546526363
3227 -0.5334765179669578 -0.5365007534884332
3327 -0.5365394427990487 -0.5366266442333442
3337 -0.5366266442333442 -0.5366388671673726
3357 -0.5366683478180941 -0.5369197374876608
34550 -0.5433438649475991 -0.5450164615318175
36747 -0.5450164615318175 -0.5578008462464854

12 -0.1148001788635477 -0.13390724230905074
14 -0.1148001788635477 -0.1969402151224328
17 -0.1148001788635477 -0.15111374750076906
18 -0.1148001788635477 -0.1877327796389947
36 -0.1969402151224328 -0.21483911252047583
41 -0.21483911252047583 -0.24188870116555708
49 -0.21483911252047583 -0.2539614414516796
99 -0.326562657916575 -0.3423606172732335
109 -0.3423606172732335 -0.3680245420849384
239 -0.3680245420849384 -0.38523698456740707
246 -0.38523698456740707 -0.40085146728933135
250 -0.38523698456740707 -0.3999704807099571
290 -0.40085146728933135 -0.4478462715365235
388 -0.4478462715365235 -0.4934703223537741
588 -0.543391201826353 -0.5546847605859281
601 -0.5546847605859281 -0.557251888936648
618 -0.557251888936648 -0.5737687397218079
817 -0.5737687397218079 -0.5841480638045523
831 -0.5841480638045523 -0.5936638617967878
912 -0.5936638617967878 -0.5948922337998777
932 -0.5948922337998777 -0.59842537893588
1113 -0.5987450991175085 -0.6180944511110623
1244 -0.6279105848895566 -0.63148915215395
1284 -0.63148915215395 -0.6322463025549986
1415 -0.6322739206189448 -0.6330802229041882

11 -0.08850674992419877 -0.11210432516729897
13 -0.08850674992419877 -0.12589331743000812
14 -0.08850674992419877 -0.09911144756592787
15 -0.08850674992419877 -0.11055415463637865
16 -0.08850674992419877 -0.11709596540157398
17 -0.08850674992419877 -0.12628752463670329
19 -0.08850674992419877 -0.09295763492605855
58 -0.1352914495168876 -0.1484208583267991
158 -0.1781503392505848 -0.22653501647801663
209 -0.22653501647801663 -0.2905125956978223
239 -0.35192751318292687 -0.39339880123990245
378 -0.4293489376238872 -0.4678779137812932
380 -0.4293489376238872 -0.43838240254516897
408 -0.4678779137812932 -0.4826586245304673
430 -0.4826586245304673 -0.4906278675738993
438 -0.4906278675738993 -0.5051013656703858
448 -0.5051013656703858 -0.5325550289382567
459 -0.5325550289382567 -0.539106672150451
485 -0.539106672150451 -0.5475988818353941
499 -0.5475988818353941 -0.5922208355535344
528 -0.5922208355535344 -0.617416531951889
534 -0.617416531951889 -0.6244714705751645
548 -0.6244714705751645 -0.6563411999579827
549 -0.6244714705751645 -0.6416828022320293
563 -0.6563411999579827 -0.6652362059092235
620 -0.6652362059092235 -0.6763454994893061
679 -0.6763454994893061 -0.6813728655213065
697 -0.6813728655213065 -0.7042422226457208
926 -0.7043345207441243 -0.7054071320199201
951 -0.7054071320199201 -0.7175101776658734

12 -0.18526817361105222 -0.2648277872739336
16 -0.18526817361105222 -0.20837928009210185
79 -0.2648277872739336 -0.26748277624136463
462 -0.3681942486307612 -0.3799350293539547
471 -0.3799350293539547 -0.4010329511981079
511 -0.4010329511981079 -0.4024622906574183
530 -0.4024622906574183 -0.43148044412837666
708 -0.4393857964148257 -0.4467947947905674
748 -0.4467947947905674 -0.4487477049950464
770 -0.4487477049950464 -0.44894217378288076
786 -0.44894217378288076 -0.45176420930342215
789 -0.44894217378288076 -0.4556073279579752
793 -0.44894217378288076 -0.46391270360356185
802 -0.46391270360356185 -0.46864100315902785
810 -0.46864100315902785 -0.48756228850127126
826 -0.48756228850127126 -0.4893743180163995
828 -0.48756228850127126 -0.4906956371538865
846 -0.4906956371538865 -0.49383561515936714
862 -0.49383561515936714 -0.5076421407071756
27235 -0.5245040921837337 -0.5625604129495686
28662 -0.5625604129495686 -0.5671289010610662
80069 -0.5826176291379098 -0.5886946567118887

11 -0.10027872341568266 -0.12323968472052688
12 -0.10027872341568266 -0.10534380649013682
15 -0.10027872341568266 -0.22271152842977732
16 -0.10027872341568266 -0.10672793017853845
19 -0.10027872341568266 -0.15605145257105868
49 -0.23941579556459203 -0.25007281684062305
261 -0.36026569052010593 -0.37929992241394905
271 -0.37929992241394905 -0.38060531653318874
341 -0.3953093052302632 -0.41261753254483163
361 -0.41261753254483163 -0.4140729836884851
398 -0.4336110508246142 -0.44975729921475155
410 -0.44975729921475155 -0.4557867105188411
435 -0.4557867105188411 -0.4639986846699852
446 -0.4639986846699852 -0.4791000404004077
456 -0.4791000404004077 -0.5107748142655977
459 -0.4791000404004077 -0.48519809875917597
466 -0.5107748142655977 -0.5404538687489129
469 -0.5107748142655977 -0.5154122005489401
481 -0.5404538687489129 -0.5691288036103825
496 -0.5691288036103825 -0.583128274969292
590 -0.583128274969292 -0.5955526613611183
752 -0.5955526613611183 -0.6080767791883954

11 -0.06801397986629386 -0.10959690326475817
12 -0.06801397986629386 -0.1520601747013358
14 -0.06801397986629386 -0.12341362710150629
15 -0.06801397986629386 -0.11809358442200499
16 -0.06801397986629386 -0.15938736013964167
18 -0.06801397986629386 -0.08621323552760306
19 -0.06801397986629386 -0.11579318704485488
39 -0.15960478652086119 -0.17536408561056493
159 -0.2389999627216785 -0.26201103377228036
291 -0.3226501182130628 -0.3514533025674327
381 -0.37402726329954816 -0.3837982600477738
465 -0.3837982600477738 -0.3875175305230887
499 -0.3875175305230887 -0.3883558465544966
501 -0.3875175305230887 -0.3907180423655384
509 -0.3907180423655384 -0.3931929852018644
614 -0.3931929852018644 -0.3953854847066075
631 -0.3953854847066075 -0.3960708110655929
633 -0.3960708110655929 -0.39687858798037934
653 -0.39687858798037934 -0.4290470685693072
659 -0.39687858798037934 -0.4056976369735017
677 -0.4290470685693072 -0.432829231060683
679 -0.4290470685693072 -0.43873197147507986
680 -0.4290470685693072 -0.4315390350253717
25145 -0.4644257702153786 -0.48253605582999254
25914 -0.4967834788656745 -0.5210470091336913
26633 -0.5210470091336913 -0.5211332094188134
34569 -0.5299246799907072 -0.5647065674552338

11 -0.0442920572041673 -0.15678769840003767
12 -0.0442920572041673 -0.1612557777483821
13 -0.0442920572041673 -0.059960676581175584
14 -0.0442920572041673 -0.09170643468989421
15 -0.0442920572041673 -0.1786970473176583
16 -0.0442920572041673 -0.09970541172911633
17 -0.0442920572041673 -0.197198455001765
18 -0.0442920572041673 -0.09559245294856529
19 -0.0442920572041673 -0.1417748122844342
119 -0.21301469758792818 -0.21850590565881534
320 -0.2733854794649696 -0.28009332883614285
321 -0.2733854794649696 -0.3151993212204642
497 -0.32125222100680123 -0.32393744234818145
502 -0.32125222100680123 -0.32501945989086817
507 -0.32501945989086817 -0.3285678380069744
509 -0.32501945989086817 -0.3288057046362733
536 -0.3616416092007621 -0.3624934928767316
539 -0.3616416092007621 -0.3837678412812852
542 -0.3616416092007621 -0.3728071031293975
568 -0.3837678412812852 -0.39955752852362775
578 -0.39955752852362775 -0.4049120133806455
621 -0.4049120133806455 -0.409556753562583
627 -0.4265869792850932 -0.43246600596780904
639 -0.43246600596780904 -0.44124935041848
640 -0.43246600596780904 -0.43361424767940326
651 -0.44124935041848 -0.45009917577660263
652 -0.44124935041848 -0.4617822686940151
660 -0.4617822686940151 -0.4823780126336874
662 -0.4617822686940151 -0.47216684485984045
681 -0.4823780126336874 -0.48489541954520365
697 -0.48489541954520365 -0.48511030050789744
766 -0.4864905861857642 -0.490821480078512
771 -0.4864905861857642 -0.48709214345806906
786 -0.490821480078512 -0.49948078106933386
802 -0.49948078106933386 -0.5038422108209251
819 -0.5038422108209251 -0.50853256924863
829 -0.50853256924863 -0.5181292890929755
841 -0.5181292890929755 -0.5395243510593084
872 -0.5395243510593084 -0.5432862297160894
878 -0.5496756409904395 -0.5568924662245193
901 -0.5568924662245193 -0.5661382329966378

12 -0.14889511519807488 -0.18215219687345766
160 -0.2560287795646681 -0.2665502407621639
260 -0.3342884340056835 -0.41578490900715537
441 -0.45339003004547684 -0.49495558030238174
555 -0.5177775575836231 -0.5243937284910678
578 -0.5243937284910678 -0.5267920088494092
579 -0.5243937284910678 -0.5491348757167036
650 -0.5491348757167036 -0.5505782652016561
665 -0.5505782652016561 -0.5829588345629945
770 -0.5829588345629945 -0.5893516199403116

12 -0.1617270104614181 -0.2408254012936448
18 -0.1617270104614181 -0.1827663316593909
298 -0.40668331453724255 -0.4392263871045533
300 -0.40668331453724255 -0.40838569128468377
370 -0.4392263871045533 -0.4410886946780003
371 -0.4392263871045533 -0.44553095874991777
428 -0.44553095874991777 -0.462666125489364
478 -0.462666125489364 -0.4852987106174179
523 -0.4852987106174179 -0.49143718140030257
616 -0.49143718140030257 -0.506053779139124
30436 -0.5349984952527531 -0.5762979461302266
31609 -0.5762979461302266 -0.6144019604856884

12 -0.13348633952971112 -0.23234005283712597
13 -0.13348633952971112 -0.24767257225029243
16 -0.13348633952971112 -0.15523724806165756
19 -0.13348633952971112 -0.16817372475662576
362 -0.41303141990251313 -0.4195203838665425
382 -0.4195203838665425 -0.42083558442289243
392 -0.42083558442289243 -0.44278996099528345
402 -0.44278996099528345 -0.445551769146233
412 -0.445551769146233 -0.464424254920088
432 -0.464424254920088 -0.4677436990073715
462 -0.4795743379103873 -0.4812822629436466
480 -0.4812822629436466 -0.49858872560595563
518 -0.49858872560595563 -0.5001453485693622
551 -0.5276646797517105 -0.5315810129956232
568 -0.5350149639162199 -0.5352152883064462
609 -0.5352152883064462 -0.5375515937632626
679 -0.5375515937632626 -0.5453873044095654
700 -0.5453873044095654 -0.5483207901911057
790 -0.5483207901911057 -0.5546707099230872
1140 -0.5555276223444185 -0.5570542435295074
20573 -0.5663599576448377 -0.5724082126902349
20912 -0.5724082126902349 -0.5789730456810349

12 -0.07342173804942614 -0.08234425459807784
13 -0.07342173804942614 -0.15264875697453617
15 -0.07342173804942614 -0.11029692437836307
16 -0.07342173804942614 -0.08703660452714658
17 -0.07342173804942614 -0.16291675319506202
19 -0.07342173804942614 -0.13973667099673562
28 -0.16291675319506202 -0.1645503837359934
39 -0.1645503837359934 -0.17082058424418314
189 -0.27013652563709944 -0.28511635483123055
280 -0.28511635483123055 -0.28598407458496106
360 -0.3057957827661447 -0.32652227911957055
538 -0.4303338941235777 -0.433496358185951
589 -0.433496358185951 -0.43945277952769135
599 -0.43945277952769135 -0.4653014861483415
666 -0.4653014861483415 -0.473286868493922
869 -0.473286868493922 -0.4749228897385131
882 -0.4749228897385131 -0.4865369734977166
27332 -0.5075211752427937 -0.542041506008037
28813 -0.542041506008037 -0.5500721919881699
33390 -0.5736781905902971 -0.592751662489161

271 -0.28755964957952707 -0.30170791802006935
401 -0.34482652076476633 -0.35015877849489774
412 -0.35015877849489774 -0.36672230985719184
432 -0.3713156321490518 -0.3747638967877411
442 -0.3747638967877411 -0.4062576732793339
459 -0.4062576732793339 -0.4351384588651054
480 -0.4351384588651054 -0.454824136328153
577 -0.454824136328153 -0.46303674175520365
580 -0.454824136328153 -0.46538186654667046
668 -0.46538186654667046 -0.470372021696222
699 -0.470372021696222 -0.47160907880813285
726 -0.47160907880813285 -0.4838477589410648
737 -0.4838477589410648 -0.50320533170881
781 -0.50320533170881 -0.5149857262138118
1356 -0.5160342882461803 -0.5176305201270222
1609 -0.5176305201270222 -0.5176345543006624
1759 -0.5189179818452455 -0.5207914203894826
1845 -0.5207914203894826 -0.5280004262305537
1887 -0.5280004262305537 -0.5291216758992835
1969 -0.5291216758992835 -0.5315795268752015
1998 -0.5365635720913953 -0.5378081853304915
2231 -0.5441874038082453 -0.5520118492501165
2288 -0.5520118492501165 -0.5658396480054386
2341 -0.5658396480054386 -0.5681342903310291
2604 -0.5707794446366556 -0.5708431058570859
2735 -0.5762124135060873 -0.5776062962541196
2876 -0.5872191389604215 -0.5911014601183617
3037 -0.5913774517786035 -0.5918728226863395
3097 -0.5918728226863395 -0.5919372834732742

140 -0.2161524181115831 -0.21987395537831061
261 -0.2557004742340417 -0.26033259307640155
280 -0.26033259307640155 -0.28161349031831207
291 -0.28161349031831207 -0.33093961080508183
338 -0.33093961080508183 -0.3319924820636762
386 -0.36440052890957053 -0.3731571007539996
408 -0.3731571007539996 -0.41016065682804476
486 -0.41016065682804476 -0.4275250694005708
497 -0.4275250694005708 -0.42770224713286337
504 -0.42770224713286337 -0.43019823405969126
525 -0.4369603738043423 -0.44585559853038664
527 -0.4369603738043423 -0.4411391613950813
529 -0.4369603738043423 -0.4549625216943598
544 -0.4549625216943598 -0.4576846475706776
555 -0.4576846475706776 -0.5008857572824547
561 -0.4576846475706776 -0.46186684779476167
594 -0.5008857572824547 -0.5070023581418804
607 -0.5070023581418804 -0.5141498886530887
628 -0.5148013533715847 -0.5237994553828333
644 -0.5237994553828333 -0.5278099939790255
745 -0.5402810005546357 -0.5422268007250121
97435 -0.5802491497840453 -0.5859526905098349
99006 -0.5859526905098349 -0.5973420852464096

11 -0.07778449696533625 -0.15355904425253
12 -0.07778449696533625 -0.14575065053205807
14 -0.07778449696533625 -0.3637085265236516
16 -0.07778449696533625 -0.09099654492551937
19 -0.07778449696533625 -0.13735769776804496
377 -0.44902289646719556 -0.45875662307950266
429 -0.45875662307950266 -0.46861359908760336
462 -0.46861359908760336 -0.483534144527131
32911 -0.5270280252934084 -0.5573150943860589
34195 -0.5573150943860589 -0.5691061070229032

12 -0.1391240167949357 -0.18339570614017822
14 -0.1391240167949357 -0.14198220790274965
19 -0.1391240167949357 -0.1556277872885605
188 -0.20240488936189036 -0.2406128718715118
189 -0.20240488936189036 -0.2188756748131922
250 -0.2406128718715118 -0.2555992032189756
269 -0.2555992032189756 -0.2842666037426451
290 -0.2842666037426451 -0.2944490102593609
307 -0.2944490102593609 -0.33869708888056665
310 -0.2944490102593609 -0.34937160788775223
349 -0.36421159009180637 -0.38290804814043927
359 -0.38290804814043927 -0.4060143481227661
438 -0.4060143481227661 -0.4206845973998429
450 -0.4206845973998429 -0.42202072365926924
454 -0.42202072365926924 -0.4471996161872834
487 -0.4471996161872834 -0.45259109502995876
488 -0.4471996161872834 -0.4492756089479115
525 -0.45259109502995876 -0.45582668588044545
634 -0.45582668588044545 -0.46668695461811815
698 -0.46668695461811815 -0.46675882754285497
27486 -0.489845457875472 -0.524301945981348
28348 -0.524301945981348 -0.5815404689182684

13 -0.0749600110576043 -0.09834936144965202
14 -0.0749600110576043 -0.12854551357863292
15 -0.0749600110576043 -0.11243686737880519
16 -0.0749600110576043 -0.12346058813078642
17 -0.0749600110576043 -0.0860927155472095
19 -0.0749600110576043 -0.09416423934313016
69 -0.12854551357863292 -0.1359465575613411
79 -0.1359465575613411 -0.13885712082645071
206 -0.25136226935729344 -0.2517302745899314
218 -0.2517302745899314 -0.29115149448697375
329 -0.29115149448697375 -0.3010463959752802
350 -0.3010463959752802 -0.3112480058044992
357 -0.3112480058044992 -0.31722071868951424
370 -0.31722071868951424 -0.3201217723887904
378 -0.3201217723887904 -0.33811347692922955
397 -0.3400288235289356 -0.36567599204788337
416 -0.36567599204788337 -0.38442238880942586
417 -0.36567599204788337 -0.39753372888818694
429 -0.39753372888818694 -0.45563356089593493
448 -0.45563356089593493 -0.4563368474418778
478 -0.4563368474418778 -0.4682986603207147
485 -0.4682986603207147 -0.47702466460374454
503 -0.503082257150719 -0.5290961998671379
539 -0.5290961998671379 -0.5513237967595912
540 -0.5290961998671379 -0.5295327120058512
37794 -0.5764559233748097 -0.5994788312845241
38854 -0.5994788312845241 -0.6018861692373167

14 -0.1657772890920891 -0.1891111549008535
59 -0.1891111549008535 -0.19252328717286335
240 -0.22755491715629939 -0.22861480632181538
248 -0.22861480632181538 -0.24184667260417445
250 -0.22861480632181538 -0.23242828336975258
280 -0.26229277058940687 -0.3081832777248772
438 -0.40676859079634864 -0.41077007087353024
461 -0.41077007087353024 -0.4347125153161287
481 -0.4347125153161287 -0.43614797568717284
558 -0.46440391555027905 -0.49380704858313285
588 -0.49380704858313285 -0.49941271405071336
596 -0.49941271405071336 -0.5156114071630943
599 -0.49941271405071336 -0.5201175810142544
625 -0.5201175810142544 -0.5396899043397544
645 -0.5396899043397544 -0.5523342424304711
655 -0.5523342424304711 -0.553018802579068
669 -0.553018802579068 -0.5753080007739954
832 -0.5753080007739954 -0.5769285222590106
842 -0.5769285222590106 -0.5770509104148381

11 -0.13208535119177237 -0.14919351357694002
12 -0.13208535119177237 -0.14549386328695718
13 -0.13208535119177237 -0.13619208490996898
17 -0.13208535119177237 -0.17408963760976795
49 -0.18030316358461432 -0.18216328140040208
170 -0.29247208832827964 -0.35043663322570306
320 -0.3729361784556147 -0.3887083460758842
321 -0.3729361784556147 -0.42680471933740727
361 -0.42680471933740727 -0.46235108231681804
428 -0.46481345890012626 -0.46876801434533844
431 -0.46481345890012626 -0.49928889626095035
437 -0.49928889626095035 -0.5083530093883091
501 -0.5083530093883091 -0.5281801050500167
698 -0.5322703636848325 -0.5345985780108462
765 -0.5345985780108462 -0.5487709185200536
772 -0.5345985780108462 -0.5487055295680111
832 -0.5487709185200536 -0.5554724194890461

12 -0.0794850152513436 -0.10311335243914889
13 -0.0794850152513436 -0.12993129592294275
14 -0.0794850152513436 -0.10754009958617904
15 -0.0794850152513436 -0.1077429267050775
16 -0.0794850152513436 -0.10538231745939551
17 -0.0794850152513436 -0.13616699883357297
18 -0.0794850152513436 -0.21711413643668925
19 -0.0794850152513436 -0.11474691540950241
170 -0.25890417455976805 -0.2863124255010407
240 -0.2863124255010407 -0.29857890100190304
249 -0.29857890100190304 -0.3064994842717261
250 -0.29857890100190304 -0.3161864366387828
260 -0.3161864366387828 -0.3179734343601578
347 -0.3823353406214747 -0.39838102731994285
358 -0.39838102731994285 -0.4232781247808238
360 -0.39838102731994285 -0.4001647392884246
368 -0.4232781247808238 -0.42645739251880665
374 -0.42645739251880665 -0.42943896308056745
499 -0.42943896308056745 -0.4353333445227638
521 -0.4353333445227638 -0.4413577123534099
881 -0.4550791137919827 -0.46773433114279445
1274 -0.45675478443107026 -0.4963730128865628
1363 -0.4963730128865628 -0.49640688515095016
1384 -0.49640688515095016 -0.526245116042782
1396 -0.526245116042782 -0.5774647164916158
1420 -0.5774647164916158 -0.6418181541306196
1422 -0.5774647164916158 -0.6840394216810175
1520 -0.6840394216810175 -0.6896712563008024

190 -0.29062853857527016 -0.3436062352861415
230 -0.3436062352861415 -0.34413279501844
240 -0.34413279501844 -0.3783068306246736
315 -0.3783068306246736 -0.40814557096993664
349 -0.40814557096993664 -0.41471997987086673
368 -0.41471997987086673 -0.44908356024313145
408 -0.44908356024313145 -0.4743522359796112
469 -0.4743522359796112 -0.4817019205309955
506 -0.4817019205309955 -0.503045265073789
641 -0.503045265073789 -0.5042703848385467
710 -0.5042703848385467 -0.5174314764349021
51548 -0.5719848641243666 -0.5725720521141393

11 -0.10829829822899502 -0.12852164665768737
12 -0.10829829822899502 -0.2060231838448679
17 -0.10829829822899502 -0.1371573551655019
18 -0.10829829822899502 -0.23973835223952272
19 -0.10829829822899502 -0.18062426194971393
59 -0.2611596223711325 -0.2659839320917097
250 -0.3099824210245922 -0.32016944944544945
441 -0.3803312593599217 -0.4204170192078989
461 -0.4204170192078989 -0.43811530342161004
488 -0.43811530342161004 -0.44677854275591683
491 -0.43811530342161004 -0.45898160386493775
500 -0.45898160386493775 -0.4600996856127298
541 -0.5105406018555245 -0.5159651306145044
549 -0.5159651306145044 -0.5184550364241802
578 -0.5184550364241802 -0.5404594918983949
698 -0.5404594918983949 -0.5529291446556556
749 -0.5529291446556556 -0.5529413901082744
61171 -0.5772158011432632 -0.5998907804464794

11 -0.04727013376922608 -0.1255411877899172
12 -0.04727013376922608 -0.1510671455642593
13 -0.04727013376922608 -0.2549135105721194
14 -0.04727013376922608 -0.0943442193366808
16 -0.04727013376922608 -0.10016852587060698
17 -0.04727013376922608 -0.21589926725411807
19 -0.04727013376922608 -0.060700003420030485
209 -0.2725763205281183 -0.2823214947162183
220 -0.2823214947162183 -0.2856263013789244
250 -0.2899336774629865 -0.2997317939365267
278 -0.3018323569015291 -0.3212485649626256
290 -0.3379096298136491 -0.346289985222451
368 -0.346289985222451 -0.3467904758266698
380 -0.3467904758266698 -0.34886280681292986
400 -0.38561057354890266 -0.3993285071939094
469 -0.428305527789843 -0.43148877465220875
510 -0.43303970333304226 -0.4383046117035092
576 -0.4479756769366728 -0.45774287835948047
586 -0.45774287835948047 -0.46177171677433937
590 -0.45774287835948047 -0.46242546520386174
598 -0.46242546520386174 -0.47410465141046804
635 -0.47410465141046804 -0.4819720787011245
676 -0.4819720787011245 -0.48646429274390324
715 -0.48646429274390324 -0.5106629756530973
717 -0.48646429274390324 -0.4874204592955425
749 -0.5106629756530973 -0.5138684353346519
770 -0.5138684353346519 -0.5320904429134479
873 -0.5320904429134479 -0.5333139536202854
905 -0.5333139536202854 -0.5379439974880385
912 -0.5379439974880385 -0.5417301882611164
1094 -0.5417301882611164 -0.5495429738557095
1131 -0.5495429738557095 -0.5513484565511416
1234 -0.5526919571499498 -0.5620799342913586
1301 -0.5620799342913586 -0.5633864104742756
1506 -0.5672588745915939 -0.568782499064941
1531 -0.568782499064941 -0.5693465291854719
1683 -0.5733810894248504 -0.5747293413504754
1864 -0.5749601589446317 -0.5755030289104709
71654 -0.5791346000457027 -0.5821566409661627
72802 -0.5821566409661627 -0.5858513604991691
73024 -0.5821566409661627 -0.5840513107272599

251 -0.3773778905365003 -0.37776747344681616
281 -0.37776747344681616 -0.3832667295248909
369 -0.3849417972904897 -0.40136402951148503
427 -0.40136402951148503 -0.40503187205025853
431 -0.40136402951148503 -0.4161047144033262
558 -0.4162510747384037 -0.42843941740326513
627 -0.42843941740326513 -0.4327767389753089
629 -0.42843941740326513 -0.4324482652131916
771 -0.4327767389753089 -0.4469415898752866
832 -0.4469415898752866 -0.4524999591258379
903 -0.4524999591258379 -0.45321169505381187
24366 -0.483560776885305 -0.49614149722793444
25277 -0.49614149722793444 -0.5052142421462169
25826 -0.5052142421462169 -0.5332283868495591
26809 -0.5424761583292144 -0.5548113752451153
28004 -0.5548113752451153 -0.5552026192491629

11 -0.11779536584313853 -0.14856351848809057
12 -0.11779536584313853 -0.1929413069625131
17 -0.11779536584313853 -0.127952794135495
18 -0.11779536584313853 -0.14992999349885974
19 -0.11779536584313853 -0.1838708104695345
29 -0.1929413069625131 -0.21837753334269314
392 -0.46049184720896713 -0.47623788015156576
470 -0.47623788015156576 -0.4765374558189275
472 -0.47623788015156576 -0.48960506513435326
569 -0.4963204861156452 -0.503822671674417
586 -0.503822671674417 -0.5112431320356656
631 -0.5112431320356656 -0.5173097684394473
1870 -0.5211428830922995 -0.5267987460126937
1880 -0.5267987460126937 -0.5354698495531134
2266 -0.5354698495531134 -0.5438011611416897
86743 -0.5819508386199547 -0.5883115882732918
88553 -0.5883115882732918 -0.6038432709150752

11 -0.18015850844066536 -0.1869740825226778
29 -0.1971959127907614 -0.1982179113590245
39 -0.1982179113590245 -0.20125073974351546
49 -0.20125073974351546 -0.21381286587426918
409 -0.3065992353639788 -0.30845250375774796
438 -0.2912922408044009 -0.2949749451512556
445 -0.2949749451512556 -0.3151111507582276
449 -0.2949749451512556 -0.3010931747038583
477 -0.3151111507582276 -0.31519403478866687
478 -0.3151111507582276 -0.3185394291558626
545 -0.3185394291558626 -0.3351425460573822
554 -0.3351425460573822 -0.3526966202530682
558 -0.3351425460573822 -0.34165803141675366
602 -0.3526966202530682 -0.35285931709592916
699 -0.35304448957882734 -0.3551246500864665
782 -0.3551246500864665 -0.3552619432178363
798 -0.3553476327371309 -0.3643429087137363
847 -0.3643429087137363 -0.3678665376067767
867 -0.3563796517064672 -0.35690790749750423
871 -0.3563796517064672 -0.35653283933908647
896 -0.35690790749750423 -0.3641059843211011
897 -0.35690790749750423 -0.35919972863657196
967 -0.3641059843211011 -0.3768525930759146
1017 -0.3768525930759146 -0.38464539231683115
1024 -0.38464539231683115 -0.41057561791418007
1080 -0.41057561791418007 -0.4167629915260577
1082 -0.41057561791418007 -0.41123519992066543
1165 -0.4167629915260577 -0.4199888754847264
1228 -0.4199888754847264 -0.42355704985873
1229 -0.4199888754847264 -0.42049695867476883
1306 -0.42355704985873 -0.42360937899751133
1331 -0.42360937899751133 -0.45170874422496665
1369 -0.45170874422496665 -0.4520361934593193
1482 -0.4520361934593193 -0.45440057946894186
1616 -0.45833278373891156 -0.4597887970123109
1754 -0.4597887970123109 -0.46090486994828
5016 -0.47844562094840654 -0.5859629750235678
5333 -0.5859629750235678 -0.6087956030157875
5829 -0.6087956030157875 -0.6201092099575286
5949 -0.6256755633605358 -0.6257189395089681
5960 -0.6257189395089681 -0.6379836549106677

16 -0.11528907066099 -0.18436530273471882
18 -0.11528907066099 -0.22751229449373622
19 -0.11528907066099 -0.14958794666544162
190 -0.24840112667629163 -0.26778009893852384
199 -0.26778009893852384 -0.2685014069466754
210 -0.2685014069466754 -0.30786206139124334
240 -0.30786206139124334 -0.32449730492780515
369 -0.5612314509648879 -0.5721727643218997
516 -0.6020805292976013 -0.6116560776024321
676 -0.6116560776024321 -0.6134349061827254
702 -0.6134349061827254 -0.6196938609610138
703 -0.6134349061827254 -0.6178496085229761
713 -0.6196938609610138 -0.6636900433837795
722 -0.6636900433837795 -0.671229317756901
943 -0.6832310007385647 -0.6894804675937644
954 -0.6894804675937644 -0.6948027252632006

11 -0.10212113307806335 -0.15501830518213447
16 -0.10212113307806335 -0.17717914953580707
17 -0.10212113307806335 -0.1513636759322802
19 -0.10212113307806335 -0.10571057351373356
170 -0.26679422641206796 -0.2735964089312958
180 -0.2735964089312958 -0.27489635509315147
190 -0.27489635509315147 -0.2844253278026297
199 -0.2844253278026297 -0.2861837596065039
200 -0.2844253278026297 -0.3028433574289429
209 -0.3028433574289429 -0.35274233638879815
399 -0.39226584838233003 -0.39314336540272543
411 -0.39314336540272543 -0.454348008820329
486 -0.454348008820329 -0.4567155406304216
498 -0.4567155406304216 -0.463855893429064
501 -0.4567155406304216 -0.46119304138545625
511 -0.463855893429064 -0.4739756852021857
621 -0.49098989602969667 -0.4960913535866609
627 -0.4960913535866609 -0.4967417167608024
640 -0.4967417167608024 -0.5030665486711374
33914 -0.5375975423689584 -0.5505335865120158
34898 -0.5505335865120158 -0.5520451466952987

13 -0.10427593806075282 -0.14322774950883047
15 -0.10427593806075282 -0.11147143965497573
16 -0.10427593806075282 -0.1453010370467909
17 -0.10427593806075282 -0.13090427234971733
18 -0.10427593806075282 -0.1788385081833448
19 -0.10427593806075282 -0.14724691236348242
29 -0.1788385081833448 -0.18476032275330528
210 -0.34911713772429126 -0.363061427873947
220 -0.385369812867797 -0.3977203300912159
310 -0.5633957864678205 -0.5704597317331835
319 -0.5704597317331835 -0.6049979111515422
337 -0.6049979111515422 -0.6358921203698644
359 -0.6358921203698644 -0.63689129641426
365 -0.63689129641426 -0.6633934586200572
376 -0.6633934586200572 -0.6667927678014066
379 -0.6633934586200572 -0.6861318463285382
509 -0.6861318463285382 -0.7195051399571589
591 -0.7195051399571589 -0.7213577994833592
698 -0.7298788462836673 -0.7336799612991743

15 -0.15801981988282746 -0.2522181087888589
16 -0.15801981988282746 -0.19362097734967795
261 -0.3129409473299556 -0.33476597274026443
409 -0.33476597274026443 -0.335098708276297
577 -0.3856805490809318 -0.38929806006381557
579 -0.3856805490809318 -0.4078383464977688
592 -0.4078383464977688 -0.41622429504410025
593 -0.4078383464977688 -0.41183297663381613
631 -0.4193387653463963 -0.4514176418407488
632 -0.4193387653463963 -0.4343607180702529
641 -0.4514176418407488 -0.4781222081604134
764 -0.4781222081604134 -0.4805581403450317
2265 -0.5128250517230933 -0.5159337192400354
2367 -0.5159337192400354 -0.51666152191008
35043 -0.5452266144111116 -0.5710183289464603
36251 -0.5710183289464603 -0.5740103211807555

11 -0.08052326367362324 -0.2954316986400677
12 -0.08052326367362324 -0.13360256246903848
13 -0.08052326367362324 -0.1358860803893148
15 -0.08052326367362324 -0.11510297810309554
16 -0.08052326367362324 -0.09570392595805137
17 -0.08052326367362324 -0.09308772680490061
18 -0.08052326367362324 -0.15874023915477914
180 -0.4301352016116502 -0.4354873026108037
230 -0.4354873026108037 -0.4629161323820318
361 -0.46648612468080713 -0.4749015630147228
507 -0.4895490784736931 -0.5200843681200686
537 -0.5200843681200686 -0.5346642069787952
539 -0.5200843681200686 -0.5354895133084644
542 -0.5200843681200686 -0.5258858770248352
559 -0.5185798158244109 -0.5605847549845067
582 -0.5605847549845067 -0.5765921888161237
690 -0.5765921888161237 -0.6007080118916523
701 -0.6007080118916523 -0.6096933145255642
711 -0.6096933145255642 -0.6205145882465528

11 -0.07981955151763408 -0.10781236752693059
12 -0.07981955151763408 -0.10431113531472315
13 -0.07981955151763408 -0.09414126159030467
14 -0.07981955151763408 -0.11604454382142326
15 -0.07981955151763408 -0.15544828973977995
17 -0.07981955151763408 -0.14112241900708214
19 -0.07981955151763408 -0.0878808898865911
28 -0.15544828973977995 -0.1578309726313745
141 -0.19274697029194057 -0.2366778753668521
142 -0.19274697029194057 -0.19758620826591058
600 -0.3759109659660822 -0.3779606580576445
603 -0.3759109659660822 -0.3815037601820745
624 -0.3815037601820745 -0.39209540755278355
3009 -0.4068536914443317 -0.408505231860547
3220 -0.408505231860547 -0.41036006985216433
3284 -0.41036006985216433 -0.41992626817309825
3457 -0.41992626817309825 -0.42181027431188417
3465 -0.42181027431188417 -0.46177507682438174
3466 -0.42181027431188417 -0.4301074557083999
3507 -0.46177507682438174 -0.4800133892959098
37626 -0.5578406656686828 -0.5617336448717808
39288 -0.5617336448717808 -0.5655251447118936
89653 -0.5794278508165138 -0.5907314708071923
90448 -0.5907314708071923 -0.5928986218526668

11 -0.14242831587057883 -0.14528079366187083
13 -0.14242831587057883 -0.14517283835447514
14 -0.14242831587057883 -0.15543072579691292
16 -0.14242831587057883 -0.15410746797196737
18 -0.14242831587057883 -0.20713815892627124
98 -0.2322156167525259 -0.2359383681721493
109 -0.2359383681721493 -0.23899605310570085
289 -0.2812674676047789 -0.2866880672131643
306 -0.29362276713290847 -0.3486460437788241
319 -0.3486460437788241 -0.38965943415495485
330 -0.38965943415495485 -0.42082232283369914
388 -0.42082232283369914 -0.5006742580444364
419 -0.5006742580444364 -0.6071920248373737
449 -0.6071920248373737 -0.6147141803229221
466 -0.6147141803229221 -0.6298950259718654
504 -0.6298950259718654 -0.6371181936230544
506 -0.6298950259718654 -0.6336291509256748
537 -0.6371181936230544 -0.6373452889939141
552 -0.6373452889939141 -0.6866059642649371
558 -0.6373452889939141 -0.6445868149300565
569 -0.6866059642649371 -0.6971277894913072

11 -0.07621789209330992 -0.10548371649664867
12 -0.07621789209330992 -0.11307587100514646
14 -0.07621789209330992 -0.16946408557571904
16 -0.07621789209330992 -0.08861161762702495
18 -0.07621789209330992 -0.09761596052413707
99 -0.2242139084033827 -0.227527067359033
109 -0.25956554925560166 -0.2796880624617431
129 -0.2796880624617431 -0.3095842542270224
139 -0.3095842542270224 -0.3536512892360093
169 -0.40189814038129384 -0.41022611007276644
197 -0.41022611007276644 -0.4148405740121301
207 -0.41658911948880556 -0.43769177048098684
269 -0.43769177048098684 -0.524248565681427
487 -0.5640348754276746 -0.600202259736966
525 -0.600202259736966 -0.6047084836002673
539 -0.6047084836002673 -0.6149594178753155
549 -0.6149594178753155 -0.6610139988731303
588 -0.6610139988731303 -0.6789462274529728
788 -0.7010299086809687 -0.7117681746120317
972 -0.7117681746120317 -0.7231210379023754

11 -0.12164188407165472 -0.14433248520671374
12 -0.12164188407165472 -0.15060126177578723
15 -0.12164188407165472 -0.13262764833580062
28 -0.15060126177578723 -0.16066075088598056
48 -0.136820492749543 -0.13712209139724
148 -0.21581595759302313 -0.21881489300729828
149 -0.21581595759302313 -0.22251014152693419
248 -0.25633506437941034 -0.2654549240935399
502 -0.37911120520397745 -0.3837809776399688
529 -0.3837809776399688 -0.38508154502767233
537 -0.38508154502767233 -0.4002223271159579
548 -0.4002223271159579 -0.40958001792133386
549 -0.4002223271159579 -0.4265508121192165
607 -0.4265508121192165 -0.42857653517997857
763 -0.42857653517997857 -0.43548115922378333
793 -0.43548115922378333 -0.4374973654776317
1133 -0.43772543744055536 -0.4460060311687761
1144 -0.4460060311687761 -0.45581224850837115
1367 -0.45581224850837115 -0.45784302576394253
1467 -0.46853972041081954 -0.47386675525313143
1648 -0.47464892363832484 -0.4751136939159291
1698 -0.47537658731204785 -0.475415149669689
2303 -0.47845717830283746 -0.47988273767365286
2484 -0.48544178735923615 -0.4865103901117646
28056 -0.496204863205992 -0.536110051736516
29038 -0.536110051736516 -0.5364529709096942
45796 -0.5382472596293302 -0.5704652437135106
79796 -0.5935995539951046 -0.6078297442462596
85435 -0.6078297442462596 -0.6209293239205259

11 -0.08281584566821269 -0.1432191359244273
14 -0.08281584566821269 -0.1613798070199318
15 -0.08281584566821269 -0.09979489061842681
17 -0.08281584566821269 -0.09908045702793342
18 -0.08281584566821269 -0.18786695867345982
19 -0.08281584566821269 -0.20043397700755466
180 -0.28480024227304096 -0.2944800913435201
310 -0.32249546341768276 -0.35488555049960213
311 -0.32249546341768276 -0.3579944329209045
325 -0.3579944329209045 -0.3711313867024376
359 -0.3711313867024376 -0.4011339993755052
459 -0.4011339993755052 -0.4012515593209598
540 -0.4012515593209598 -0.40361540565019094
595 -0.40361540565019094 -0.43175492476753013
691 -0.43175492476753013 -0.43639595562103073
746 -0.43639595562103073 -0.44152025636720355
780 -0.44152025636720355 -0.4448741949986213
879 -0.4448741949986213 -0.4535914449372351
919 -0.4535914449372351 -0.4668837785471642
28139 -0.4767996170669729 -0.5493932835746467
29799 -0.5493932835746467 -0.5539452346415022
30556 -0.5539452346415022 -0.5616648090465729
40729 -0.5781479236469784 -0.5835312022515659
41473 -0.5835312022515659 -0.6217360724833786

11 -0.09771829271090346 -0.14356189642523978
12 -0.09771829271090346 -0.18947967731718954
13 -0.09771829271090346 -0.1068760277659901
17 -0.09771829271090346 -0.11320691042853093
18 -0.09771829271090346 -0.09982046232965847
19 -0.09771829271090346 -0.10126536271686502
128 -0.2628391622260206 -0.264492022086347
138 -0.264492022086347 -0.2874573788518683
139 -0.264492022086347 -0.330775069036316
149 -0.330775069036316 -0.33988131046281717
167 -0.33988131046281717 -0.39112654145653
319 -0.4061578978555346 -0.42252679431904583
417 -0.42252679431904583 -0.44003362647059974
436 -0.37218285496184295 -0.4056553020628619
439 -0.37218285496184295 -0.39666577967205296
463 -0.4056553020628619 -0.43898200547044364
466 -0.4056553020628619 -0.4221680909205477
468 -0.4056553020628619 -0.43879184754163414
488 -0.43898200547044364 -0.44430811771373024
507 -0.4446076949474847 -0.45681537891144897
509 -0.4446076949474847 -0.4650288362059476
514 -0.4650288362059476 -0.5261870589169978
519 -0.4650288362059476 -0.4940312462429343
557 -0.5261870589169978 -0.5356722820694214
564 -0.5356722820694214 -0.5412769138718696
569 -0.5356722820694214 -0.5376207928526423
576 -0.5412769138718696 -0.5624360901567466
620 -0.5624360901567466 -0.5709724078626768
633 -0.5709724078626768 -0.5958004345158753
644 -0.5958004345158753 -0.5995641699429552
648 -0.5958004345158753 -0.6122369342117042
650 -0.5958004345158753 -0.6199584019752903
675 -0.6199584019752903 -0.6423257391794206
693 -0.6423257391794206 -0.6664366118861422
818 -0.6664366118861422 -0.6718432548357437
921 -0.6718432548357437 -0.674511617797085
1042 -0.674511617797085 -0.6793953636465906
1160 -0.6793953636465906 -0.6909798082614532
1163 -0.6793953636465906 -0.6905915905452435
1173 -0.6909798082614532 -0.6918037149801284
1182 -0.6918037149801284 -0.6956380444223432

11 -0.09625733078784035 -0.17211150346112666
12 -0.09625733078784035 -0.1034943703116056
14 -0.09625733078784035 -0.12510474661579996
17 -0.09625733078784035 -0.1707904672491269
18 -0.09625733078784035 -0.14765506803514783
19 -0.09625733078784035 -0.13943141417005106
29 -0.17211150346112666 -0.17540558713869486
39 -0.18633975921555482 -0.22487943518924255
49 -0.22487943518924255 -0.23562908908381064
58 -0.23562908908381064 -0.28039991221578997
89 -0.28039991221578997 -0.29781086807159785
99 -0.29781086807159785 -0.3127198243181997
138 -0.3127198243181997 -0.3215653830131944
298 -0.3879485516592232 -0.41635622960709506
330 -0.41635622960709506 -0.4166366581621456
380 -0.4166366581621456 -0.41904355754722566
477 -0.41904355754722566 -0.42496318845978354
485 -0.42496318845978354 -0.4609540813657281
598 -0.4609540813657281 -0.46238723118855096
602 -0.46238723118855096 -0.46565703978449635
610 -0.46238723118855096 -0.4843259591876343
662 -0.4843259591876343 -0.4855756946719926
748 -0.4855756946719926 -0.486529585293559
29178 -0.5123815596797077 -0.5358650042256695
30457 -0.5358650042256695 -0.5417891717800694
30746 -0.5458359458697885 -0.5690292094616882
32933 -0.5690292094616882 -0.5730543646555246
33825 -0.5730543646555246 -0.585217522802781

12 -0.059412489281253984 -0.09471590732583937
14 -0.059412489281253984 -0.12027567234678951
15 -0.059412489281253984 -0.11615856323367671
16 -0.059412489281253984 -0.10252163978081184
17 -0.059412489281253984 -0.11139728604547243
18 -0.059412489281253984 -0.15243345584523502
19 -0.059412489281253984 -0.11328829739693017
109 -0.20383963286960788 -0.21753788129090224
279 -0.3203547965045387 -0.3333302407756029
418 -0.3333302407756029 -0.37768877185444816
421 -0.3333302407756029 -0.4031834093099196
431 -0.4031834093099196 -0.4120133703486253
441 -0.4120133703486253 -0.44919660270838674
448 -0.44919660270838674 -0.47188276449618527
458 -0.47188276449618527 -0.4751481699650243
468 -0.4751481699650243 -0.48335122882982356
470 -0.4751481699650243 -0.5546490707212166
477 -0.5546490707212166 -0.5585246168935508
501 -0.5585246168935508 -0.56286935061843
591 -0.56286935061843 -0.568152934786753
599 -0.568152934786753 -0.5731575292881882
610 -0.5731575292881882 -0.579385990423757
680 -0.593686069474116 -0.6070243140524545
685 -0.6070243140524545 -0.6202809661985605
761 -0.6202809661985605 -0.6239361827948466

14 -0.09555604196091279 -0.3199126927430994
15 -0.09555604196091279 -0.1421137130811841
16 -0.09555604196091279 -0.22664761324784682
17 -0.09555604196091279 -0.17606640239271923
19 -0.09555604196091279 -0.13858366690390742
140 -0.37589043826524343 -0.39990264134975223
180 -0.39990264134975223 -0.40625945361420096
190 -0.40625945361420096 -0.41117597084294716
209 -0.41117597084294716 -0.433659215156902
210 -0.41117597084294716 -0.4261486630246686
220 -0.433659215156902 -0.4460588175311259
230 -0.4460588175311259 -0.47310912305355063
358 -0.4845174308786977 -0.49110607755225144
361 -0.4845174308786977 -0.49587844098006484
420 -0.49587844098006484 -0.4971918867778373
446 -0.4971918867778373 -0.5332509424471498
595 -0.5332509424471498 -0.5347127295021771
620 -0.5347127295021771 -0.5370149824540689
688 -0.5370149824540689 -0.5392865003855072
702 -0.5392865003855072 -0.542367759412997
725 -0.542367759412997 -0.5491409066172303
792 -0.5491409066172303 -0.5546964498229511
798 -0.5546964498229511 -0.5554276843460627
812 -0.5554276843460627 -0.574070504606791
816 -0.574070504606791 -0.5868754186636665
892 -0.5868754186636665 -0.5924515805830088

11 -0.09041959209003746 -0.1741802918576098
15 -0.09041959209003746 -0.21807652432787838
18 -0.09041959209003746 -0.2999814287354509
19 -0.09041959209003746 -0.1093581729366898
448 -0.37743662743526774 -0.3847138854436539
468 -0.3847138854436539 -0.39314798142898877
470 -0.3847138854436539 -0.38947409953594303
478 -0.39314798142898877 -0.3992344781873418
481 -0.39314798142898877 -0.39941056740563186
517 -0.39941056740563186 -0.40485480518724853
530 -0.40485480518724853 -0.4056950495728522
532 -0.40485480518724853 -0.40708932626209055
567 -0.4171481419214803 -0.41792657831428587
581 -0.41792657831428587 -0.4245300429037817
618 -0.4245300429037817 -0.4259282599456145
803 -0.4259282599456145 -0.42763857272806505
1074 -0.4281416813829111 -0.42944679435541006
1153 -0.42944679435541006 -0.43212653682933233
1193 -0.43212653682933233 -0.44068256162520336
1204 -0.44068256162520336 -0.44734633758569875
1244 -0.44734633758569875 -0.4518722132171343
1283 -0.45624878671977476 -0.4671327730923468
1374 -0.4693703035577178 -0.46989020903130546
1404 -0.46989020903130546 -0.4710447057221733
1495 -0.4710447057221733 -0.47544567312727076
1535 -0.47544567312727076 -0.48790058632330974
17230 -0.49576567805780425 -0.5407533527366327
18325 -0.5407533527366327 -0.5678262353159244

16 -0.16188191227744878 -0.20847754427886495
19 -0.16188191227744878 -0.17433034326432195
180 -0.4205195005959788 -0.4407089991546613
200 -0.4407089991546613 -0.4500537011827241
290 -0.47878973770945543 -0.5131866119948628
340 -0.5131866119948628 -0.5173671269698766
368 -0.5173671269698766 -0.5305371380814905
420 -0.5305371380814905 -0.5561160613891313
449 -0.5561160613891313 -0.5685635029754021
498 -0.5685635029754021 -0.5917200647230109
528 -0.5917200647230109 -0.6121677148922479

11 -0.1351210656234567 -0.20886418106760762
12 -0.1351210656234567 -0.14758247376691375
19 -0.1351210656234567 -0.20159133599709697
150 -0.24929080959642982 -0.25744730528585535
198 -0.2654787857398377 -0.2674540678232843
210 -0.2674540678232843 -0.278992353317736
230 -0.278992353317736 -0.3163405110924868
280 -0.3163405110924868 -0.36559468074712764
489 -0.3662935574679258 -0.3691753704260331
538 -0.3691753704260331 -0.3802105879423387
544 -0.3802105879423387 -0.39055827409785976
690 -0.39055827409785976 -0.3955752693350584
721 -0.3955752693350584 -0.41152580820183926
739 -0.41152580820183926 -0.44547303104228236
767 -0.44547303104228236 -0.49496427707298873
993 -0.49496427707298873 -0.5039465156181403
1088 -0.5039465156181403 -0.5223464640002896
1161 -0.5325964128243318 -0.5549958127857463
1212 -0.5549958127857463 -0.5554983205755104
1253 -0.5554983205755104 -0.5569624708112769
1273 -0.5569624708112769 -0.5580695459612972
1394 -0.5626066770848719 -0.5627048139163824
1404 -0.5627048139163824 -0.56271920949703
1535 -0.5633832507844904 -0.5687699938371276
1624 -0.569519187756927 -0.5744169568881211
1635 -0.5744169568881211 -0.5792802678913692

13 -0.10212584798019987 -0.108639798138805
15 -0.10212584798019987 -0.23752230267896354
17 -0.10212584798019987 -0.19660276897383597
362 -0.452245031204316 -0.45932771090777014
492 -0.4756415430728679 -0.48290252660444727
802 -0.5290679294688991 -0.5354610271784805
830 -0.5354610271784805 -0.5441568052454694
885 -0.5441568052454694 -0.5463633197342747
902 -0.5463633197342747 -0.5466969967844524
944 -0.5466969967844524 -0.5528431307977268
947 -0.5528431307977268 -0.5644353018260503
978 -0.5644353018260503 -0.5646196602120785
990 -0.5646196602120785 -0.5796074995632293
1005 -0.5796074995632293 -0.5847847451036198
1223 -0.5864606689016826 -0.6199789945703581
1537 -0.6199789945703581 -0.6275357644683995
1558 -0.6275357644683995 -0.635168534065246
1756 -0.6356831253084393 -0.6398139262530038
1828 -0.6398139262530038 -0.645730711290021
2101 -0.655114986020717 -0.655289517073834
2232 -0.6559322155684535 -0.6591937866380322

11 -0.09113860655262901 -0.12085440444060959
13 -0.09113860655262901 -0.14610781150276125
14 -0.09113860655262901 -0.14766196617469202
15 -0.09113860655262901 -0.18719682789695824
16 -0.09113860655262901 -0.2560395349620561
18 -0.09113860655262901 -0.09257422824763097
19 -0.09113860655262901 -0.1393588598500466
160 -0.2686738356909985 -0.36236650077843396
319 -0.43774298930116073 -0.44608570593933267
321 -0.43774298930116073 -0.553428986166661
410 -0.553428986166661 -0.5818843775262291
418 -0.5818843775262291 -0.6246077432614247
419 -0.5818843775262291 -0.5896945329765404
421 -0.5818843775262291 -0.6446954794083473
457 -0.6446954794083473 -0.6586449234225317
468 -0.6586449234225317 -0.6768999805537032
501 -0.6768999805537032 -0.6809954495187177
581 -0.6809954495187177 -0.6877153922932842
607 -0.6877153922932842 -0.701260714514421
660 -0.701260714514421 -0.7016580286763017
661 -0.701260714514421 -0.7025265923650702
711 -0.7025265923650702 -0.7624259944702657

11 -0.11629467043928575 -0.264001813180184
12 -0.11629467043928575 -0.1757620166916588
13 -0.11629467043928575 -0.19376672549026325
14 -0.11629467043928575 -0.3083140435869703
15 -0.11629467043928575 -0.12672001395699498
16 -0.11629467043928575 -0.12613208199554693
230 -0.49410653829670065 -0.5404711738789835
603 -0.5583630363135501 -0.5850134995100582
633 -0.5850134995100582 -0.5868709683720288
666 -0.5973749848473354 -0.6022701906211828
693 -0.6022701906211828 -0.609080202225838
710 -0.609080202225838 -0.6291195155040966
729 -0.6291195155040966 -0.6440812521120838
753 -0.6440812521120838 -0.6471033822061131

11 -0.12031187078435862 -0.138006743924272
15 -0.12031187078435862 -0.2865901775098413
279 -0.3373591276372946 -0.3700547185262408
280 -0.3373591276372946 -0.34335235030570266
321 -0.3700547185262408 -0.3724113260817595
331 -0.3724113260817595 -0.4174070912405864
391 -0.4174070912405864 -0.4211176857026407
401 -0.4211176857026407 -0.43525901816350676
411 -0.43525901816350676 -0.4399037428818002
481 -0.44079428649893226 -0.44286693617203915
501 -0.44286693617203915 -0.45724754366812786
509 -0.45724754366812786 -0.4842183681789809
569 -0.4842183681789809 -0.5177945844588429
571 -0.4842183681789809 -0.4850929171137023
638 -0.5177945844588429 -0.5197157461833036
640 -0.5177945844588429 -0.5203704038383665
2594 -0.535654051352777 -0.5559870200805315
2991 -0.5559870200805315 -0.5677506840817312

39 -0.16437053741176003 -0.16876926340823908
139 -0.2588523737923964 -0.26313105328316966
219 -0.30270546394081965 -0.3199479416742891
309 -0.3199479416742891 -0.3502224385116887
350 -0.40288438735963944 -0.41526976557924833
370 -0.41526976557924833 -0.4266735091860284
379 -0.4266735091860284 -0.4391692741529949
380 -0.4266735091860284 -0.43891171422715297
389 -0.4391692741529949 -0.45212271219872374
409 -0.45212271219872374 -0.4685007782812769
420 -0.4685007782812769 -0.47151975128362306
957 -0.5457589564203188 -0.5482307167220308
1024 -0.5482307167220308 -0.5482442101968085
82732 -0.5862077153084491 -0.5985099760280712
83991 -0.5985099760280712 -0.6033679371732625

11 -0.13481035480871503 -0.14035660303252628
12 -0.13481035480871503 -0.1553706398668062
13 -0.13481035480871503 -0.25672099222001166
15 -0.13481035480871503 -0.20191566255896318
17 -0.13481035480871503 -0.15492225108266777
29 -0.25672099222001166 -0.2644840623666188
382 -0.41196800058487965 -0.4235731592374247
410 -0.4235731592374247 -0.4278158487051744
431 -0.4278158487051744 -0.4374782829197941
661 -0.4626645607021009 -0.46359411855411203
784 -0.5029001834550147 -0.5102275551514514
829 -0.5102275551514514 -0.5169510794484432
831 -0.5102275551514514 -0.5225241103590822
1450 -0.5252600883432631 -0.5306414562003822
1571 -0.5306414562003822 -0.5307753222806965
1712 -0.5308061702372746 -0.5310601170694517
1843 -0.5310665745796908 -0.5335562630228374
1984 -0.5335780872266667 -0.5342428513621045
2195 -0.5344005945466321 -0.536014269165816
2527 -0.5361659067247226 -0.5370063585995791
2748 -0.5406914734662409 -0.5414753558632258
2969 -0.5416264038873115 -0.5417308878589647
3211 -0.5487494973076548 -0.5497189071786323
3362 -0.5499963736803833 -0.5515054395865053
3493 -0.5515302758191567 -0.5526007298668965
3664 -0.5526056938867163 -0.5541178238265201
3825 -0.5541632976077907 -0.5547424965697222
4208 -0.5559920218773731 -0.5576508370373261
33388 -0.564281771187283 -0.5694293772500676
35549 -0.5694293772500676 -0.5899260005670957

11 -0.04716377070066378 -0.12138087152515864
12 -0.04716377070066378 -0.1404809246829679
13 -0.04716377070066378 -0.10871404141967714
14 -0.04716377070066378 -0.1516175457555964
16 -0.04716377070066378 -0.09078130007091606
17 -0.04716377070066378 -0.06166623546339155
19 -0.04716377070066378 -0.12943966082645045
129 -0.2046477043316389 -0.25616069570707034
169 -0.25616069570707034 -0.27179912177867344
179 -0.2879820040521554 -0.2979949763658093
219 -0.3715021098105772 -0.38620019416027984
258 -0.44103150370837313 -0.45045088739702194
349 -0.46589108565169896 -0.472078761949067
398 -0.472078761949067 -0.4930504914315934
419 -0.5046799531355036 -0.512223716120057
457 -0.512223716120057 -0.5418640446039587
458 -0.512223716120057 -0.5544731999674
497 -0.6286881113912722 -0.6301605444184506
507 -0.6301605444184506 -0.6486515604742827
514 -0.6486515604742827 -0.6534371536923667
515 -0.6486515604742827 -0.6734276579369498
549 -0.6734276579369498 -0.677349974921099
566 -0.677349974921099 -0.7059786535642534
634 -0.7059786535642534 -0.7276197426713197

11 -0.07082622840867307 -0.08325143085168123
12 -0.07082622840867307 -0.08603977857928513
13 -0.07082622840867307 -0.08217991148348532
14 -0.07082622840867307 -0.21732139858949323
15 -0.07082622840867307 -0.19143800541390704
16 -0.07082622840867307 -0.15143889217119275
17 -0.07082622840867307 -0.1581360051064981
19 -0.07082622840867307 -0.07714936256831423
220 -0.26826979300498616 -0.2818841439680242
290 -0.3051189478888305 -0.3220243535701727
318 -0.3220243535701727 -0.33122317075995744
369 -0.33122317075995744 -0.37355291664901236
410 -0.37355291664901236 -0.3787905871772847
419 -0.3787905871772847 -0.380513937103096
449 -0.380513937103096 -0.4008241529580831
450 -0.380513937103096 -0.3923713830154887
456 -0.4008241529580831 -0.42977787832924796
459 -0.4008241529580831 -0.4562173158288603
503 -0.4862135288857403 -0.4959302833023295
505 -0.4862135288857403 -0.5052870822239467
519 -0.5052870822239467 -0.5109130695697355
560 -0.5109130695697355 -0.5203076258793126
603 -0.5203076258793126 -0.5310977137060188
624 -0.5310977137060188 -0.5326161176187839
654 -0.5326161176187839 -0.55863332046037
703 -0.55863332046037 -0.5728602048421061
730 -0.5728602048421061 -0.5796864257068016
840 -0.5796864257068016 -0.5835449828534048
870 -0.5835449828534048 -0.5888934137232086
890 -0.5888934137232086 -0.5893240078729596
910 -0.5893240078729596 -0.5907889737469709
920 -0.5907889737469709 -0.5919497645135108
940 -0.5919497645135108 -0.5982508257864053
1030 -0.5987436679747998 -0.6050823146776423
1282 -0.6059344556174647 -0.6077224956824305
1463 -0.6078196667274038 -0.6101384071758804

201 -0.29512622400035504 -0.33857131192340717
372 -0.36163317366434405 -0.3621038797132754
437 -0.3621038797132754 -0.37535975750042005
467 -0.37535975750042005 -0.40295948975466006
527 -0.41760561470999186 -0.41875263679665725
551 -0.41875263679665725 -0.42270809071323584
571 -0.42270809071323584 -0.4318555870205618
572 -0.42270809071323584 -0.4457618003407323
579 -0.4457618003407323 -0.45358808726411115
581 -0.4457618003407323 -0.4556323436883556
741 -0.4556323436883556 -0.4556898358046694
762 -0.4556898358046694 -0.4584211695638451
769 -0.4639957616784379 -0.4755377358676489
770 -0.4639957616784379 -0.46946473601741046
803 -0.4755377358676489 -0.4854428593146342
912 -0.4854428593146342 -0.4895239736947518
1084 -0.4895239736947518 -0.4897899121723522
1119 -0.4897899121723522 -0.49598264199049574
1314 -0.49598264199049574 -0.503716976397445
1335 -0.503716976397445 -0.5044969838662022
1373 -0.5044969839872022 -0.5198070767743878
1596 -0.5198070767743878 -0.5205242209155867
2730 -0.5239829807351045 -0.5428405969135917
2794 -0.5428405969135917 -0.5499669349473435
3128 -0.5516173650216383 -0.558338020819593
3189 -0.5827081608741176 -0.5866672320234755

11 -0.07434876768903882 -0.12186912894238812
12 -0.07434876768903882 -0.1253116092678582
13 -0.07434876768903882 -0.19652695887069305
14 -0.07434876768903882 -0.19215115377981923
15 -0.07434876768903882 -0.10739437300001334
16 -0.07434876768903882 -0.08304382653527932
17 -0.07434876768903882 -0.09057158182218143
19 -0.07434876768903882 -0.10023876260761255
250 -0.40389874673363474 -0.4092779698404276
481 -0.42890138864152916 -0.4303968711982207
528 -0.43646613650718313 -0.4505554547023818
531 -0.43646613650718313 -0.4439853741491525
581 -0.4505554547023818 -0.45077398782506817
609 -0.45077398782506817 -0.46969621719606
653 -0.46969621719606 -0.47016693846921775
2592 -0.4965355837652791 -0.5210772508397374
2993 -0.5210772508397374 -0.5229608252369697
33900 -0.5379440514969255 -0.5523766713509553
35061 -0.5523766713509553 -0.588272252952288

16 -0.14246304681564828 -0.18674353107385105
18 -0.14246304681564828 -0.15855165502315993
240 -0.28572361895955295 -0.3062110021271546
329 -0.3062110021271546 -0.31887280348739433
571 -0.4348045800233463 -0.4411842255642044
590 -0.4411842255642044 -0.4910674283113726
612 -0.4910674283113726 -0.5282560868282333
808 -0.5394421239561513 -0.5571147647630499
843 -0.5571147647630499 -0.562226967911129
851 -0.562226967911129 -0.5639699681643967
883 -0.5639699681643967 -0.5747022282268469

11 -0.03403524450515068 -0.12902752990049726
12 -0.03403524450515068 -0.08827787257762466
13 -0.03403524450515068 -0.1107826640325597
14 -0.03403524450515068 -0.16282548478279876
15 -0.03403524450515068 -0.1663912946608118
17 -0.03403524450515068 -0.16593660649706046
18 -0.03403524450515068 -0.09489556661214248
19 -0.03403524450515068 -0.31751508431773184
189 -0.3848046259043423 -0.38632703956283676
33842 -0.5427072019272864 -0.5707609945408574
34841 -0.5707609945408574 -0.5738254431861678

14 -0.13181224983574 -0.17214034634133338
15 -0.13181224983574 -0.15708778002031634
16 -0.13181224983574 -0.1811718531397447
17 -0.13181224983574 -0.15852926461890474
19 -0.13181224983574 -0.19860634049333323
49 -0.19860634049333323 -0.200285114656756
280 -0.3064273373976981 -0.3722174413340405
482 -0.3894474546455148 -0.3902796001010765
492 -0.3902796001010765 -0.42123121591291357
536 -0.44030409498655143 -0.4411248709654554
597 -0.4411248709654554 -0.446761738423554
627 -0.446761738423554 -0.44886499629306437
630 -0.446761738423554 -0.46484014419562725
675 -0.46484014419562725 -0.4667280177594028
681 -0.46484014419562725 -0.4841664677374253
1311 -0.488285220347847 -0.489536773556116
1377 -0.489536773556116 -0.4895745170153018
31976 -0.49478833706079506 -0.500891710935697
47536 -0.5694506016757778 -0.6146389739720124
48399 -0.6146389739720124 -0.6306486387333378

14 -0.18969415891288513 -0.19131520764919202
15 -0.18969415891288513 -0.23845950475492736
119 -0.30678069641382655 -0.32552737563687134
148 -0.32552737563687134 -0.3295333456145892
169 -0.32956381962512027 -0.3995569476508114
377 -0.48504196522295684 -0.49071267662607687
380 -0.48504196522295684 -0.5062316768054741
388 -0.5062316768054741 -0.6168218671252261
389 -0.5062316768054741 -0.5104987757427878
410 -0.6168218671252261 -0.6190374059544937
850 -0.693128320053617 -0.6937115002603953
893 -0.6937115002603953 -0.6938223938769368

12 -0.14517809019101938 -0.24651086365683808
16 -0.14517809019101938 -0.19387634498658685
69 -0.24651086365683808 -0.25378085824385804
79 -0.25378085824385804 -0.27258064059264836
127 -0.27258064059264836 -0.2772148095911087
139 -0.2885426048490206 -0.29839785033571703
147 -0.29839785033571703 -0.32317707614377184
159 -0.32317707614377184 -0.33066199977439575
320 -0.36574132113214575 -0.3844930309615178
340 -0.3844930309615178 -0.3963753599882649
359 -0.3963753599882649 -0.39894847445267473
416 -0.39894847445267473 -0.40638765800448395
417 -0.39894847445267473 -0.4216499831463713
551 -0.4216499831463713 -0.43598532399001333
599 -0.43598532399001333 -0.43771384069354446
607 -0.43771384069354446 -0.45129380975811245
620 -0.45129380975811245 -0.46287670660269037
630 -0.4733255380012833 -0.4774882498516534
839 -0.4842440493288873 -0.4971301156904839
912 -0.4971301156904839 -0.5004639867948608
26395 -0.5288436799275638 -0.5398919206279876
27621 -0.5398919206279876 -0.5746622631814797
94647 -0.6070227488733961 -0.6228399438404127
95774 -0.6228399438404127 -0.6282477443669836

11 -0.03168411077198167 -0.07819541146097223
12 -0.03168411077198167 -0.12493053275534857
13 -0.03168411077198167 -0.11269281791616141
14 -0.03168411077198167 -0.03719498993110613
15 -0.03168411077198167 -0.07919605262881306
16 -0.03168411077198167 -0.23961718718011885
17 -0.03168411077198167 -0.23437703291391657
18 -0.03168411077198167 -0.06464876932808973
19 -0.03168411077198167 -0.17712027273182898
190 -0.28720366036549577 -0.3142465033440602
220 -0.3142465033440602 -0.3841379400446652
381 -0.3841379400446652 -0.41720461139885007
478 -0.41720461139885007 -0.4200768670622624
490 -0.4200768670622624 -0.4591894927689777
10376 -0.48812031873671974 -0.5396486874687743
11035 -0.5396486874687743 -0.552148451924953

11 -0.09155200126041213 -0.1000249391824595
13 -0.09155200126041213 -0.17792343804401034
14 -0.09155200126041213 -0.1675314611696261
16 -0.09155200126041213 -0.12566601393555976
17 -0.09155200126041213 -0.22568069088365436
89 -0.2515328646134165 -0.2559499023726041
109 -0.2559499023726041 -0.2716166661384454
118 -0.2716166661384454 -0.27697010110979386
119 -0.2716166661384454 -0.31025328617476106
270 -0.3511896298854971 -0.3759066063229215
378 -0.4075356552392438 -0.4296004280864244
380 -0.4075356552392438 -0.4293424752093341
397 -0.4296004280864244 -0.43719789859784974
480 -0.43719789859784974 -0.47480405392530156
490 -0.47480405392530156 -0.47689058770211257
496 -0.47689058770211257 -0.47772316075844645
507 -0.47772316075844645 -0.47949704896733986
537 -0.47949704896733986 -0.4836938957931552
563 -0.48990464001819367 -0.5106332088483747
570 -0.48990464001819367 -0.5118300151392822
584 -0.5118300151392822 -0.5147626752051812
615 -0.5147626752051812 -0.5196945298656187
736 -0.5196945298656187 -0.5595905816384824
947 -0.5595905816384824 -0.5620371219909596
1143 -0.6664220147640828 -0.691741650509772
1153 -0.691741650509772 -0.7175140287761347

11 -0.07915684976396618 -0.10323522822960463
13 -0.07915684976396618 -0.10741234169918795
14 -0.07915684976396618 -0.15170072261662987
15 -0.07915684976396618 -0.19967047198908183
16 -0.07915684976396618 -0.18101007582877157
17 -0.07915684976396618 -0.11255726355560024
18 -0.07915684976396618 -0.19537648418271805
19 -0.07915684976396618 -0.08767638324608414
351 -0.3781257394543071 -0.381503331891307
489 -0.39624741060945223 -0.3997824566382747
510 -0.3997824566382747 -0.4008139667796248
547 -0.4008139667796248 -0.41519336261888384
2196 -0.42607927376981486 -0.45086558946783417
2438 -0.45086558946783417 -0.46192551262538284
2624 -0.4679348725282384 -0.4727488048341279
2750 -0.4727488048341279 -0.47641734384415735
27532 -0.4982249234191753 -0.5121580203403466
28794 -0.5121580203403466 -0.5160580384758381
50239 -0.5571397868921318 -0.5789253879284596

11 -0.11968692223343835 -0.14799821064935043
13 -0.11968692223343835 -0.12258912931495887
19 -0.11968692223343835 -0.1344406792534192
291 -0.31541493537937165 -0.33539135183093227
1078 -0.39927512942939203 -0.3994573184217224
1096 -0.3994573184217224 -0.4003864572899534
1112 -0.4003864572899534 -0.40479293111437975
1134 -0.40479293111437975 -0.4152560012475657
1141 -0.4152560012475657 -0.4328705270037567
1146 -0.4152560012475657 -0.46586999954535446
1224 -0.46586999954535446 -0.46910348603358787
1550 -0.46910348603358787 -0.4696599218375836
1616 -0.4696599218375836 -0.48348734006979577
1869 -0.48348734006979577 -0.48720072562746614
1878 -0.48720072562746614 -0.4973307788609904
1896 -0.4973307788609904 -0.5253968504402585
1928 -0.5253968504402585 -0.5257316556885867
1957 -0.5257316556885867 -0.5415111493038984
1972 -0.5415111493038984 -0.5542706398105067
2061 -0.5555666640867213 -0.5793658135292951
2091 -0.5793658135292951 -0.5826590372233614
2102 -0.5826590372233614 -0.5846756371422808
2199 -0.5955251696166748 -0.6021052977514257
2230 -0.6021052977514257 -0.6038751815432192
2232 -0.6021052977514257 -0.6050360891479885
2301 -0.6100517256710771 -0.6115312218054013

16 -0.18452786687566408 -0.2524082469017935
220 -0.3323977331887101 -0.3369412953174389
230 -0.3369412953174389 -0.33714012544019695
239 -0.33714012544019695 -0.35538462183463726
310 -0.35538462183463726 -0.3607642554165651
339 -0.3607642554165651 -0.36123389588193516
346 -0.36123389588193516 -0.3682492539675074
377 -0.37391982840612226 -0.3768702870881268
380 -0.37391982840612226 -0.3817874601479489
405 -0.3817874601479489 -0.39431877434700213
425 -0.39431877434700213 -0.4067854027893425
427 -0.39431877434700213 -0.4093546241556089
428 -0.39431877434700213 -0.401719509130828
460 -0.41436205049124347 -0.4167822800765432
506 -0.4167822800765432 -0.41974572526630477
527 -0.41974572526630477 -0.4258647213659443
559 -0.4258647213659443 -0.43122282608092083
606 -0.43122282608092083 -0.4381024957380849
656 -0.4381024957380849 -0.43848840302793685
664 -0.43848840302793685 -0.44068369977601735
679 -0.44068369977601735 -0.4458185998602027
694 -0.4458185998602027 -0.44866127351077817
718 -0.44866127351077817 -0.4523824295661091
722 -0.4523824295661091 -0.4562810152197003
755 -0.4562810152197003 -0.4621307866632437
790 -0.4674361606482854 -0.46934878242463324
850 -0.47056498941903363 -0.47662248128037665
890 -0.47662248128037665 -0.47692326398180396
1068 -0.4766281967324492 -0.4826260318035939
1181 -0.4826260318035939 -0.4828715629677692
1432 -0.4872542858494153 -0.49130745302785905
1548 -0.4994015999067617 -0.509810891397274
1584 -0.509810891397274 -0.5099152143594182
1624 -0.5099152143594182 -0.5140771239335861
1647 -0.5140771239335861 -0.5274210040944346
1682 -0.5274210040944346 -0.5293519326222832
1694 -0.5293519326222832 -0.5297922103312216
1700 -0.5297922103312216 -0.5402154423696325
1764 -0.5402154423696325 -0.541719913674448
1770 -0.541719913674448 -0.551478262404314
1833 -0.551478262404314 -0.5555893560745286
1843 -0.5555893560745286 -0.5607220210043364
2186 -0.5674820866933817 -0.5694338742860655
2308 -0.5694338742860655 -0.5714208598831866
2429 -0.5714726103285206 -0.5728451458226491
2590 -0.5783834022252036 -0.5795003009053663
2751 -0.5812045046221451 -0.5814593225218376
2922 -0.5814897308087114 -0.5824505332410929
3073 -0.5824513032480644 -0.5829180870679627
67677 -0.5955845023249204 -0.6083598414689863
69894 -0.6083598414689863 -0.6120362736442976

11 -0.03345731502911396 -0.09743432364925493
12 -0.03345731502911396 -0.07261765356222905
13 -0.03345731502911396 -0.10985637236497463
14 -0.03345731502911396 -0.11166729714937333
15 -0.03345731502911396 -0.10027972775164132
16 -0.03345731502911396 -0.1258605500431528
17 -0.03345731502911396 -0.12803313131754337
18 -0.03345731502911396 -0.05887628877877713
19 -0.03345731502911396 -0.10600636739413465
49 -0.16519623233093667 -0.17319729503725131
59 -0.17319729503725131 -0.1884378576484669
69 -0.1884378576484669 -0.22891317162173347
98 -0.2515619075950454 -0.265354640453825
209 -0.33925259035081956 -0.36959958200326254
279 -0.4065207441480156 -0.43613395556838197
414 -0.4592598945512832 -0.5161584492355099
416 -0.4592598945512832 -0.48500708887578314
419 -0.4592598945512832 -0.5000819709747982
420 -0.4592598945512832 -0.5351865844137363
425 -0.5351865844137363 -0.5398236203082959
426 -0.5351865844137363 -0.5412815276216513
464 -0.5412815276216513 -0.5700961852959766
586 -0.5700961852959766 -0.5706371956626669
671 -0.5706371956626669 -0.5791398217119924
706 -0.5791398217119924 -0.6114673352551866
731 -0.6114673352551866 -0.677899629711033
796 -0.677899629711033 -0.6885041659187343
820 -0.6885041659187343 -0.7121249197430527
1079 -0.7121463139624711 -0.7232060969121437
1214 -0.7232060969121437 -0.7286708504048174
1233 -0.7286708504048174 -0.7392563684413538
1294 -0.7392563684413538 -0.7396382298913285

34513 -0.5299255632414179 -0.5537208805493183
79688 -0.577922044665936 -0.5830357969014749

15 -0.0687272351366098 -0.19067091184193585
16 -0.0687272351366098 -0.18981710782038475
17 -0.0687272351366098 -0.10898596049899888
19 -0.0687272351366098 -0.17124862160725468
190 -0.3270687762765537 -0.33159901408347137
220 -0.33159901408347137 -0.3405982863248385
319 -0.3405982863248385 -0.3659048848861786
549 -0.39100054256906935 -0.39142962797823005
595 -0.39142962797823005 -0.3930804268696171
706 -0.3930804268696171 -0.41110603904413423
730 -0.41110603904413423 -0.4192026356367528
888 -0.4235559944299997 -0.42395609288141556
903 -0.42395609288141556 -0.42776330075777325
24128 -0.44258758382552055 -0.4502661400997333
25921 -0.4502661400997333 -0.4863112517350608
26250 -0.4863112517350608 -0.5018478921187771
31832 -0.5315173781398463 -0.5660142508036621
32768 -0.5660142508036621 -0.5732903851754628

11 -0.10164374306510325 -0.12417997865505463
12 -0.10164374306510325 -0.1391303811017091
13 -0.10164374306510325 -0.18348272830874401
14 -0.10164374306510325 -0.11730093311543284
15 -0.10164374306510325 -0.18392886386362436
17 -0.10164374306510325 -0.13811284127337328
18 -0.10164374306510325 -0.10327276761813087
19 -0.10164374306510325 -0.20222050165413502
49 -0.21146700185148723 -0.22343853389760837
88 -0.22962717685632356 -0.2422073040792621
129 -0.2619930528436599 -0.2687003713827413
330 -0.4031181918277795 -0.40970604193582505
340 -0.40970604193582505 -0.41799491416789436
347 -0.41799491416789436 -0.42462438348752246
360 -0.42462438348752246 -0.4318564452769398
374 -0.4318564452769398 -0.44840323176711455
375 -0.4318564452769398 -0.44171029237323706
376 -0.4318564452769398 -0.49132111612944146
385 -0.49132111612944146 -0.529336858919801
395 -0.529336858919801 -0.5353451753113562
408 -0.5353451753113562 -0.5456833226731562
763 -0.5693133846789801 -0.5718608310155737
813 -0.5718608310155737 -0.571944974844058

70 -0.2896406266965562 -0.3114611867182281
191 -0.34068256813652303 -0.3468259045323934
271 -0.39979250016111967 -0.40675988696329046
291 -0.40675988696329046 -0.473619593025173
420 -0.5137232153725941 -0.5289289005834168
448 -0.5289289005834168 -0.5536503163491426
472 -0.5536503163491426 -0.5623748673502943
581 -0.5623748673502943 -0.562769456349351
667 -0.562769456349351 -0.5881905188084884
692 -0.5340948481272273 -0.5458871564867764
717 -0.5799774724632485 -0.6116054480870726
738 -0.6116054480870726 -0.6176957132614063
762 -0.6176957132614063 -0.6238092686638547
953 -0.6285711726713424 -0.6484125140148299
1006 -0.6484125140148299 -0.657151932196966
1023 -0.657151932196966 -0.6581121690521091
1031 -0.6581121690521091 -0.6602674082155373
1092 -0.6603444197213134 -0.6669624833107773
1214 -0.6672576307272372 -0.6738654414396135
1304 -0.6790428725478712 -0.6896990275208507

14 -0.1924005876602593 -0.21567645898804944
29 -0.21567645898804944 -0.2482795528153551
291 -0.4039117979948066 -0.4109220404666656
301 -0.4109220404666656 -0.44533360604702793
340 -0.44533360604702793 -0.4605906465737026
401 -0.4605906465737026 -0.4679879863233472
459 -0.4760987371847702 -0.47686827500303375
471 -0.47686827500303375 -0.480303125783808
27840 -0.5151799056635368 -0.5175798577782526
28706 -0.5175798577782526 -0.5553126125672772
29813 -0.5553126125672772 -0.5557163728160927
62147 -0.5779655836974916 -0.6082512435940894

12 -0.14496821282144953 -0.17526927771552078
14 -0.14496821282144953 -0.20205385857628966
15 -0.14496821282144953 -0.14824589240604807
18 -0.14496821282144953 -0.1747037667754463
29 -0.20205385857628966 -0.22559251377141767
200 -0.3127193670118051 -0.3166294265314467
230 -0.3166294265314467 -0.3265530067646348
250 -0.35966249320775756 -0.36352126199236073
260 -0.36352126199236073 -0.36745016062334795
285 -0.3702188730827229 -0.38712450373312185
290 -0.3702188730827229 -0.3774505236137989
310 -0.38712450373312185 -0.4242046723373557
319 -0.4242046723373557 -0.43290260892002147
388 -0.4396510862222816 -0.44234617736356285
390 -0.4396510862222816 -0.44644453143284535
400 -0.44644453143284535 -0.482057057075504
418 -0.482057057075504 -0.5100569828192613
1227 -0.5177447115646228 -0.5325910506415451
1479 -0.5325910506415451 -0.5523962293551872

17 -0.1531300213210567 -0.19402431281504587
260 -0.285605927694062 -0.29958330903050845
450 -0.36340384112521196 -0.36937150180388184
477 -0.36937150180388184 -0.3738361323035275
519 -0.3738361323035275 -0.379963495485981
527 -0.379963495485981 -0.39820036930464503
530 -0.379963495485981 -0.3907868523021919
581 -0.39820036930464503 -0.40331525407935254
589 -0.40331525407935254 -0.40922283267354315
677 -0.40922283267354315 -0.41283305307530177
796 -0.41283305307530177 -0.41448023693600206
883 -0.41448023693600206 -0.43293358297662127
1125 -0.43312751819882284 -0.43897874447330876
1648 -0.44138112209029745 -0.4510056778412164
1840 -0.45167667356160557 -0.4564770224830458
1981 -0.4566841978630327 -0.4570285418533752
2071 -0.45702854188149733 -0.4571360332133777
2252 -0.458192131429398 -0.4594692010846906
2332 -0.4594814603917389 -0.45959634636222696
2543 -0.4610718371495676 -0.4617778931050798
2744 -0.4622120048842142 -0.4624399417879991
2764 -0.4624399417879991 -0.4624683925349924
3480 -0.46371961650286275 -0.470927679337156
3661 -0.470927679337156 -0.47182300838268637
3711 -0.48527241996863235 -0.49102132049609415
3811 -0.4910481706249224 -0.49120279123834454
3841 -0.49120279123834454 -0.4912080842998211
4032 -0.49167973421198063 -0.4926723700558544
4132 -0.4926809494111494 -0.4927543066221149
19619 -0.49456434174506203 -0.5700063520492916
20498 -0.5700063520492916 -0.570503687948129

16 -0.1592348835470494 -0.17945175614871045
17 -0.1592348835470494 -0.19718246996297004
18 -0.1592348835470494 -0.20147240013068313
29 -0.20147240013068313 -0.23113232977046275
252 -0.2509852648572807 -0.30654765753637025
253 -0.2509852648572807 -0.29029489138562387
521 -0.3911722348580837 -0.39937055378336955
683 -0.39937055378336955 -0.40457797374186244
699 -0.40457797374186244 -0.4154628105480875
742 -0.4154628105480875 -0.4239918485672811
748 -0.4239918485672811 -0.4284583003983268
770 -0.4284583003983268 -0.4295153912178271
787 -0.4418226315525699 -0.47680599943615387
794 -0.4418226315525699 -0.4485591423293117
798 -0.47680599943615387 -0.48397542678702155
842 -0.48397542678702155 -0.48655588569668073
843 -0.48397542678702155 -0.49309438339526074
850 -0.49309438339526074 -0.4954870379736861
1135 -0.5098409874446582 -0.5110064854677272
1265 -0.5110064854677272 -0.5130555574941527
1355 -0.5130555574941527 -0.5221177106650352
1609 -0.5389033298373755 -0.5455714264303729
1659 -0.5455714264303729 -0.546532805519787
1689 -0.5465776760977675 -0.5495763607549006
1830 -0.5495808376721147 -0.553737636775124
2082 -0.5576640681706097 -0.5584974526287789
2122 -0.5584974526287789 -0.5585248746606652
2152 -0.5585248746606652 -0.5609756818982709
2283 -0.5613661639668361 -0.5618767076545611
2363 -0.5618767077158587 -0.5619378703356528
2494 -0.5621170178168965 -0.5622799396047216
2504 -0.5622799396047216 -0.5623611473174134
2564 -0.562491398042265 -0.5631645635524511
2705 -0.5656704087165457 -0.5675109417128584
2906 -0.5676572504156591 -0.5700444421294071

11 -0.1331259371886544 -0.18841143671984667
12 -0.1331259371886544 -0.2441538390664246
15 -0.1331259371886544 -0.153444495258526
306 -0.33787036116792674 -0.33883441410306475
310 -0.33787036116792674 -0.3396699462664563
319 -0.3396699462664563 -0.356718478591276
459 -0.356718478591276 -0.3661379734667224
552 -0.39859164666360636 -0.400940962796286
592 -0.400940962796286 -0.4055241349210808
602 -0.4055241349210808 -0.4131655349486211
612 -0.4586965114887413 -0.47641876386847604
697 -0.4949643015058765 -0.5021967045799246
708 -0.5021967045799246 -0.5040939182207579
712 -0.5021967045799246 -0.5039510271366089
720 -0.5040939182207579 -0.5413695428830251
740 -0.5413695428830251 -0.6030685148021501
756 -0.6030685148021501 -0.6128650689795042
807 -0.6128650689795042 -0.650657639911816
895 -0.650657639911816 -0.7169289564360317
1111 -0.7169289564360317 -0.7177945756842886
1130 -0.7177945756842886 -0.7234695797078837

41 -0.17136714557487784 -0.17878383981862303
42 -0.17136714557487784 -0.18651870388518263
100 -0.19661508227298374 -0.23575429057926647
200 -0.23873166894105372 -0.2688270014341474
240 -0.3565455922370193 -0.4020680233020755
250 -0.4020680233020755 -0.4426664660766688
269 -0.4426664660766688 -0.5991170924314368
461 -0.5991170924314368 -0.6547858483007862
520 -0.6547858483007862 -0.6675331899197792
608 -0.6675331899197792 -0.7296931009363788
792 -0.7296931009363788 -0.7493738303553841
892 -0.7493738303553841 -0.7795061550851413
902 -0.7795061550851413 -0.7814365997134688

11 -0.13945186468129256 -0.19809774954878273
13 -0.13945186468129256 -0.24703411239773507
15 -0.13945186468129256 -0.19703915168262842
17 -0.13945186468129256 -0.16554037039477562
200 -0.3362782487549154 -0.35219769788338456
360 -0.35219769788338456 -0.3558974823424551
429 -0.3558974823424551 -0.3691740429554467
480 -0.3691740429554467 -0.3730867291924809
579 -0.3730867291924809 -0.3789269436120822
623 -0.3789269436120822 -0.39137281719012157
637 -0.39137281719012157 -0.39535744738632295
681 -0.39535744738632295 -0.39882199358635606
6295 -0.41908998380724316 -0.419608072461183
6314 -0.419608072461183 -0.43627369673242544
6865 -0.43627369673242544 -0.4754681919662985

11 -0.07925205205632128 -0.12348946156453416
12 -0.07925205205632128 -0.1220305008235807
14 -0.07925205205632128 -0.08776276737300191
15 -0.07925205205632128 -0.14966422429988904
16 -0.07925205205632128 -0.08624229049604702
17 -0.07925205205632128 -0.0912811582984294
19 -0.07925205205632128 -0.13009377495920074
109 -0.22765880567221664 -0.2283201424142305
260 -0.292580093331277 -0.3537583403288166
350 -0.4606116303250262 -0.4791049611522712
407 -0.4791049611522712 -0.49026580188032914
419 -0.49026580188032914 -0.5507669068395179
587 -0.5664840957749893 -0.579724239350315
608 -0.579724239350315 -0.6021996436920576

12 -0.1435545015775211 -0.23384698249154898
14 -0.1435545015775211 -0.14729063150530494
17 -0.1435545015775211 -0.15044751626833933
362 -0.2760552492879232 -0.28326560768366754
431 -0.3053498087705592 -0.3193527557136828
567 -0.3193527557136828 -0.3244859202548789
607 -0.3244859202548789 -0.3258510016716737
626 -0.3258510016716737 -0.3345048925337246
638 -0.3345048925337246 -0.34578576960433677
640 -0.3345048925337246 -0.33484802388389073
641 -0.3345048925337246 -0.34218733655541383
653 -0.34578576960433677 -0.35588345038391456
670 -0.35588345038391456 -0.385134610382341
699 -0.385134610382341 -0.435322278215961
712 -0.435322278215961 -0.43769172369057635
759 -0.45735386571208203 -0.4652866535633457
792 -0.4652866535633457 -0.4985829949725994
840 -0.4985829949725994 -0.5101066760341777
841 -0.4985829949725994 -0.5173715662598004
873 -0.5173715662598004 -0.5225097186219452
4555 -0.5444782508383745 -0.5514330390651923
4997 -0.5514330390651923 -0.5665583570306956
4999 -0.5514330390651923 -0.5557038184723695
5109 -0.5665583570306956 -0.5693555727449715

191 -0.45930268253514456 -0.46609089876371457
331 -0.6253259516106782 -0.636480477936425
362 -0.636480477936425 -0.6735567821660369
479 -0.6735567821660369 -0.7616472679059109
723 -0.7616472679059109 -0.7682265344708259
735 -0.7682265344708259 -0.8000675246870659
785 -0.8000675246870659 -0.80342688041535
795 -0.80342688041535 -0.8048152895528683

