pass_rich_dj2_step0_poor10rich0
eval_cnt worst_rich_fitness new_rich_fitness
11 27.050344207072527 19.28030686392731
12 27.050344207072527 6.014358666737786
13 27.050344207072527 0.9530219219460212
14 27.050344207072527 12.526330119657246
15 27.050344207072527 1.0258047585928598
16 27.050344207072527 16.80704174311667
17 27.050344207072527 12.359007125233548
18 27.050344207072527 8.2053204878823
29 0.9530219219460212 0.8914380629730303
39 0.8914380629730303 0.6420191081935572
49 0.6420191081935572 0.48256244801583764
59 0.4081186330607938 0.37111319585016356
69 0.37111319585016356 0.2848508359223238
109 0.22837270877063165 0.15781778398607071
119 0.15781778398607071 0.08471343410387912
149 0.08471343410387912 0.05344414075613957
159 0.034379433136389595 0.02506371756874043
169 0.02506371756874043 0.017747505171602444
179 0.017747505171602444 0.0017042347871534683
219 0.0017042347871534683 1.3886406473999969e-05

11 40.00210147112219 26.128567479569487
12 40.00210147112219 14.926975737391402
13 40.00210147112219 0.37184711648181346
14 40.00210147112219 10.444331416962179
15 40.00210147112219 39.28463781144339
16 40.00210147112219 12.737871490235419
17 40.00210147112219 32.76934940022347
18 40.00210147112219 4.723614705099118
19 40.00210147112219 27.135464726037302
291 0.008373973942736337 0.0013879635228982727
330 0.0013879635228982727 0.00013236165003366194

15 5.951026818694486 1.8055356358821342
17 5.951026818694486 1.5838396122478324
29 1.5838396122478324 1.539048940304309
39 1.4128154403636184 1.2924549511808416
49 1.2924549511808416 1.2416823188315296
59 1.2416823188315296 0.8699055694379362
89 0.7724306911944119 0.7681557451838466
99 0.7681557451838466 0.5604454171154468
119 0.5604454171154468 0.31665018252054233
129 0.31665018252054233 0.256106449465989
139 0.256106449465989 0.1996649340960111
149 0.1996649340960111 0.18185836687559798
159 0.17150663634865237 0.1640142545040576
169 0.15795737668593304 0.12914784291777257
179 0.12914784291777257 0.07723121306044017
209 0.07723121306044017 0.044501717666332014
219 0.04028043353031708 0.02383314744641409
229 0.02383314744641409 0.01252733658206516
249 0.01252733658206516 0.0052211042198370234
259 0.0052211042198370234 0.0048633829659918675
268 0.0048633829659918675 0.0014686335462997168
278 0.0009133773196013294 4.633188513695035e-05

12 6.159317245414541 2.807553758447162
290 0.23050248391673162 0.2070649873479544
301 0.2070649873479544 0.14140248890467078
311 0.06587176265259881 0.06422518136441485
320 0.033154497812295756 0.008600363766146897
321 0.033154497812295756 0.004804034864909084
331 0.004804034864909084 0.0005661079662014565
361 0.0005661079662014565 0.0003930085136033928
419 0.0003930085136033928 0.00037046519622591876
437 0.00037046519622591876 2.9005494392304328e-05
1096 1.945534937388255e-05 1.2863925607714578e-05
1550 1.1292808935384416e-05 9.63083558645294e-06
1560 9.63083558645294e-06 8.942496049598767e-06

12 19.320078229505114 12.432429165501135
15 19.320078229505114 16.693328105420882
16 19.320078229505114 6.1206729132469535
131 4.574767071803496 4.313698445644688
132 4.574767071803496 3.941849066693041
150 3.8429431303742136 3.528489663155916
160 3.3604966254632394 2.929875553723906
163 2.929875553723906 2.913364544015308
170 2.929875553723906 2.7016076294817966
179 2.7016076294817966 2.5998785324464313
180 2.7016076294817966 2.3365452218849434
199 2.3365452218849434 2.240080905471114
200 2.3365452218849434 2.1046814475128426
209 2.1046814475128426 1.78730107497564
210 2.1046814475128426 2.041278590601382
220 1.6951219420862838 1.5576726536473742
270 0.887307073176434 0.7393210353437696
308 0.41847766689131627 0.40743349719031413
309 0.41847766689131627 0.40194772173995935
310 0.41847766689131627 0.28300488012475045
317 0.28300488012475045 0.28245689120618117
319 0.28300488012475045 0.2811720422294215
327 0.2811720422294215 0.21405974477477602
328 0.2811720422294215 0.19106846143657846
329 0.2811720422294215 0.2267731736439773
330 0.2811720422294215 0.11238508342443626
339 0.11238508342443626 0.06082132714308307
340 0.11238508342443626 0.09599225855166178
347 0.06082132714308307 0.05746967926505833
349 0.06082132714308307 0.055175908418639716
350 0.06082132714308307 0.028293174363568444
358 0.019891355410463663 0.006204639681787464
359 0.019891355410463663 0.007602772241394303
368 0.006204639681787464 0.0007709549508454887
370 0.006204639681787464 0.0045185535459571335
446 0.0005392018290299475 0.0003071646932437921
496 0.0003071646932437921 0.00023486579987036082
498 0.0003071646932437921 0.000100836518897122
588 0.000100836518897122 1.167417238766407e-05
1285 1.8653149397707475e-06 5.812355695281216e-07
1376 5.812355695281216e-07 5.138155800687715e-07

11 23.275398289315262 7.748092144409293
13 23.275398289315262 23.25093916929538
15 23.275398289315262 21.912383339089175
17 23.275398289315262 6.145021378439786
18 23.275398289315262 0.8894473723913103
108 0.5735320364407518 0.5251493255756248
109 0.5735320364407518 0.5612374496466493
118 0.5251493255756248 0.510989164789037
119 0.5251493255756248 0.46005078963790336
148 0.4387545737452453 0.34630686170864966
159 0.34630686170864966 0.3310454775652809
169 0.3310454775652809 0.29293400050600554
178 0.29293400050600554 0.27316925121832025
179 0.29293400050600554 0.2860471415173509
189 0.25757405631193636 0.21612268605193435
199 0.11031285114525116 0.10081446550681103
209 0.04671569059402936 0.040253913252570335
228 0.025982174990166744 0.02542243674225105
279 0.007306060745218992 0.0011059724499134776
289 0.0011059724499134776 0.0005742197876809971
317 0.0005742197876809971 0.0004336777214031945
336 0.0004336777214031945 0.00026182773473067567
398 0.00026182773473067567 0.0002016559785607671
528 0.0002016559785607671 9.924706824816765e-05
545 9.924706824816765e-05 1.558672420270803e-05

12 15.52742473613922 5.6995448914156635
14 15.52742473613922 6.640318480792562
15 15.52742473613922 8.606098963425753
16 15.52742473613922 13.824705952862619
17 15.52742473613922 7.173839886512472
18 15.52742473613922 3.452853353370278
19 15.52742473613922 9.814191699191996
109 2.5437441610979974 2.5007514324207687
129 2.125891914888741 1.9344548485038504
139 1.9344548485038504 1.7361519970210062
149 1.598534969211578 1.392863804913761
159 1.392863804913761 1.2466782444966813
169 1.2466782444966813 1.0870587388599398
179 1.0870587388599398 1.0212017896388346
188 1.0212017896388346 0.8469768697230772
189 1.0212017896388346 0.9719837427568377
198 0.7832002212698672 0.7223115204552767
199 0.7832002212698672 0.669634781110682
208 0.669634781110682 0.581584680355272
209 0.669634781110682 0.48068242749511453
229 0.3619558757934147 0.3579218042382804
239 0.3579218042382804 0.23524855553151916
257 0.23524855553151916 0.1251250812542438
258 0.23524855553151916 0.15300725115661287
259 0.23524855553151916 0.2109229766856344
269 0.1251250812542438 0.09148769364967188
277 0.09148769364967188 0.09052277410053006
279 0.09148769364967188 0.08745793976391686
287 0.08745793976391686 0.033142392852455904
289 0.08745793976391686 0.06931033621719426
297 0.033142392852455904 0.03274757063453217
298 0.033142392852455904 0.01147629259394629
299 0.033142392852455904 0.030126541843727983
305 0.011301363664918504 0.01040445671284391
307 0.011301363664918504 0.009644829988606538
309 0.011301363664918504 0.006844501047603852
327 0.004502926932300504 0.002022840271549004
329 0.004502926932300504 0.002138853244203145
365 0.002022840271549004 0.0009642089620174807
376 0.0009642089620174807 0.0004849019769922211
395 0.0004849019769922211 0.00023380878779465303
493 0.00023380878779465303 0.00016982182508951205
536 0.00016982182508951205 6.202989670881702e-05
719 6.202989670881702e-05 1.89259773943126e-05

39 1.595150874589063 1.5936594267945705
55 1.292840286827044 1.2659883302152948
119 0.9160685847919054 0.7937577458616786
159 0.6009071124724896 0.5210438695659454
178 0.5210438695659454 0.4021480978795917
189 0.4021480978795917 0.3678926495332038
248 0.1670487528647258 0.12997228656020987
249 0.1670487528647258 0.08860677045370721
269 0.08860677045370721 0.05652620124616032
289 0.05652620124616032 0.056072150473307936
308 0.04129420611159016 0.019668376980749122
309 0.04129420611159016 0.03207520066651195
329 0.019668376980749122 0.013368845243438149
348 0.013368845243438149 0.009071739144324617
349 0.013368845243438149 0.007671139807065391
359 0.007671139807065391 0.00048054940653858376
377 0.00048054940653858376 3.2079108621981177e-05
539 1.3005666528148665e-05 6.8549207726873975e-06
627 6.8549207726873975e-06 2.8409385947651314e-06

15 17.844840837287514 1.9088727990188574
16 17.844840837287514 0.3167129061524953
281 0.0018969242365722127 0.0013641736687721444
301 0.0013641736687721444 1.1310859685902943e-06

11 18.8398686813941 1.4577434633697517
15 18.8398686813941 1.6751096999229174
17 18.8398686813941 4.006386758856425
18 18.8398686813941 16.086927270799798
39 1.4577434633697517 1.1682632464171743
89 0.5949636369372949 0.5899609901780841
119 0.29909662125313113 0.22582361248644076
179 0.035273648526592684 0.005795919867152569
209 0.005795919867152569 0.003243956138473258
258 0.003243956138473258 0.0010609389153747209
268 0.0010609389153747209 0.000727851574442759
288 0.000727851574442759 7.67346993672562e-06

11 3.405381343841808 1.0943467259079913
15 3.405381343841808 3.0802317043551204
190 0.18311857854407515 0.17475647168842556
220 0.08438921357910362 0.05853078373522823
230 0.05853078373522823 0.04945124119018361
239 0.04945124119018361 0.028458906199382003
240 0.04945124119018361 0.00440991722071523
249 0.00440991722071523 0.003924711272921131
250 0.00440991722071523 0.000848105383598147
446 0.00014922873196884833 0.00011965683152436628
471 0.00011965683152436628 0.0001002726174119401

11 3.8846474505672735 0.5914180811692396
13 3.8846474505672735 0.8837417975031474
39 0.5914180811692396 0.4264398129056818
59 0.4264398129056818 0.35829067853309304
180 0.0018484740231254288 0.000346077374599968
230 0.000346077374599968 0.00028379025137545996
399 0.00028379025137545996 4.206765843470662e-05
421 4.206765843470662e-05 5.967066180270195e-06

11 22.639341500753854 2.9474949693991945
12 22.639341500753854 16.190617435254573
14 22.639341500753854 14.919370527658515
15 22.639341500753854 5.218018208846205
16 22.639341500753854 3.163163531328428
17 22.639341500753854 14.534488731419644
29 2.9474949693991945 2.7613167919954584
39 2.4808873076843168 2.198806728729832
160 0.6618363558855831 0.6556395865440374
230 0.3301419610189632 0.21405984387840601
250 0.21405984387840601 0.13494353974080267
260 0.13494353974080267 0.10427369513030985
270 0.10427369513030985 0.06915536631094905
280 0.06915536631094905 0.03485139508570821
290 0.03485139508570821 0.027090021646321506
300 0.027090021646321506 0.023460498082539333
309 0.0227191453815449 0.017760881617746235
310 0.0227191453815449 0.01488467833922208
319 0.01488467833922208 0.011619052027664287
329 0.011619052027664287 0.0006503772323837124
350 0.0006503772323837124 0.00011071394007460496

11 27.54252077894114 10.34569064832397
12 27.54252077894114 17.112350459639156
13 27.54252077894114 17.33679166598042
14 27.54252077894114 21.101404490708525
15 27.54252077894114 18.7941478447839
16 27.54252077894114 8.24745173973703
17 27.54252077894114 5.258795597788853
18 27.54252077894114 12.482019541107595
199 2.0905098612353332 1.6360273786373853
250 1.1067076733780299 0.8027399439594888
279 0.7975301761115249 0.592900349593837
299 0.592900349593837 0.4240320316853706
300 0.592900349593837 0.461951678432721
330 0.2406886799069746 0.21292838186211616
340 0.13427463511677543 0.11858630726340227
350 0.11858630726340227 0.0773239852843323
379 0.021067324719190792 0.01352128096937087
397 0.01352128096937087 0.008136773495928234
398 0.01352128096937087 0.004307542777589011
399 0.01352128096937087 0.010276885877404836
408 0.004307542777589011 0.0006007646716337033
409 0.004307542777589011 0.004303408261160489
410 0.004307542777589011 0.0025721628056808157
463 0.0006007646716337033 0.00030649077793767476
483 0.00030649077793767476 3.141431316049479e-05
484 0.00030649077793767476 3.71677479941884e-05

13 14.684571526142522 12.197495948382056
14 14.684571526142522 7.298594943700566
15 14.684571526142522 6.671201113695551
16 14.684571526142522 8.382515273813008
59 5.690324994641736 5.669872246264587
99 5.298045168668519 5.284989141999747
109 5.284989141999747 4.950148628225218
119 4.950148628225218 4.891763654193126
128 4.891763654193126 4.57114073754622
129 4.891763654193126 4.280098942855939
149 4.07337953999871 3.9079325785568617
159 3.599509212081852 3.2413034778242418
189 2.8838049316495953 2.538671861781852
198 2.538671861781852 2.3605101792253826
218 2.3504296048144018 2.3094944065517753
219 2.3504296048144018 2.02723166975783
228 2.02723166975783 1.7513421004116614
249 1.7375612694591664 1.7219715793644383
257 1.7219715793644383 1.5900859099048752
258 1.7219715793644383 1.5400698535629476
259 1.7219715793644383 1.459236693378604
276 1.459236693378604 1.4532537326746313
279 1.459236693378604 1.2920461332491224
289 1.2920461332491224 1.1662737542628312
297 1.1662737542628312 1.1311161530181895
299 1.1662737542628312 1.0591022114965958
309 0.8413966028378863 0.7086485907445536
317 0.7086485907445536 0.6360877374967321
329 0.5706797809121334 0.51123062038771
338 0.42749975369665993 0.3693876875260037
339 0.42749975369665993 0.32479281610213034
357 0.29882040335556526 0.2619766206728404
359 0.29882040335556526 0.15195811652158533
369 0.15195811652158533 0.1149366552300072
379 0.1149366552300072 0.04645636336185004
387 0.04645636336185004 0.027598361554938753
388 0.04645636336185004 0.03312787442939335
398 0.027598361554938753 0.019648803219950373
399 0.027598361554938753 0.01861146552520135
409 0.01861146552520135 0.017177853932502363
419 0.0027582107308949506 0.0021623204303682394
427 0.0021623204303682394 0.001684740444785151
437 0.001684740444785151 0.0009436302764338135
467 0.0009436302764338135 0.0007449639793209849
488 0.0007449639793209849 0.0004931301102921913
489 0.0007449639793209849 0.00043531647084942655
516 0.00043531647084942655 0.00037276576250062053
562 0.00037276576250062053 0.00021998511063407196
579 0.00021998511063407196 1.5252681362064594e-05
767 1.5252681362064594e-05 1.3684424143042865e-05

16 17.310700335566878 9.637920409719179
17 17.310700335566878 10.205048519879927
18 17.310700335566878 13.272071093897353
39 9.637920409719179 9.050051457150786
129 6.827665113590676 6.400173933871938
139 6.400173933871938 6.129402613522844
167 6.129402613522844 6.0833850184406035
169 6.129402613522844 5.613029579848247
189 5.613029579848247 5.5995976558655745
198 5.5995976558655745 5.595256452876521
199 5.5995976558655745 5.372385887015568
208 5.372385887015568 4.974369079881539
209 5.372385887015568 5.087467202109731
218 4.974369079881539 4.915579123910396
226 4.915579123910396 4.549546871150724
228 4.915579123910396 4.668953312344002
229 4.915579123910396 4.1577818789505026
239 4.1577818789505026 4.024019581771933
248 4.024019581771933 3.701131924275167
249 4.024019581771933 4.007355700535012
258 3.701131924275167 3.3912976486464435
308 2.4575432898822362 2.1454766323620342
318 2.1454766323620342 1.8819590372383272
319 2.1454766323620342 2.0906853162344956
408 0.9288435202326766 0.8840851606635279
409 0.9288435202326766 0.7981751385174409
419 0.7981751385174409 0.5971821677437155
429 0.5971821677437155 0.5791005486253307
439 0.41361729982857226 0.32925300000226004
449 0.32925300000226004 0.2468031464539396
459 0.2468031464539396 0.14171552487586603
479 0.14171552487586603 0.07739860421448892
489 0.07037993200148894 0.05390298657450374
498 0.05390298657450374 0.05317759647674512
509 0.014698030853257845 0.0005565336944772779
529 0.0005565336944772779 0.0003839403633032315
546 0.0003839403633032315 0.0003002051437092155
577 0.0003002051437092155 0.00021704291139548773
597 0.00021704291139548773 3.88111083769846e-05

11 12.862832174721524 2.014419414775423
12 12.862832174721524 0.8104819950798351
13 12.862832174721524 3.5637585804876397
14 12.862832174721524 8.170501559898106
17 12.862832174721524 10.202497359074957
118 0.4961963599384688 0.3547894792357117
159 0.30731385635597674 0.28417437025325515
179 0.27657880896083187 0.21386555565355259
189 0.19264575438834405 0.18623770585622945
198 0.18623770585622945 0.15034896714580875
199 0.18623770585622945 0.179408401829433
209 0.15034896714580875 0.08771560808200361
239 0.08771560808200361 0.048731354394148836
278 0.038029040762312095 0.03146539484147542
279 0.038029040762312095 0.02678554675006585
288 0.005301601178223925 0.0020275516613685847
299 0.0020275516613685847 0.0019486415277074765
307 0.0019486415277074765 0.00019342373164087174
308 0.0019486415277074765 0.0006654903387472884
479 0.00010356791669757227 4.131779560051818e-05
1013 2.576165509745643e-05 1.660083968963306e-05
1124 1.660083968963306e-05 1.6289821759866323e-05

11 30.34574112040469 10.057166170803454
12 30.34574112040469 26.057015956948707
13 30.34574112040469 11.901105420657284
14 30.34574112040469 17.32136147989682
15 30.34574112040469 23.778115357696304
16 30.34574112040469 11.335558599551408
17 30.34574112040469 2.9288672420238346
19 30.34574112040469 27.147001685522767
230 0.5969712347954098 0.5561095843787164
240 0.5561095843787164 0.546616333528134
250 0.45821825036615366 0.3426523960330469
260 0.3426523960330469 0.3316799688651299
270 0.3311188465919315 0.1902965406530902
300 0.16012416529984722 0.1489117860654813
340 0.005636671674346018 0.0037122025978927253
349 0.0037122025978927253 0.0017862141803195453
350 0.0037122025978927253 0.0029517837887577873
399 0.0017862141803195453 0.0005263863221611302
489 0.0005263863221611302 0.0001976704950805138
570 0.0001976704950805138 0.00017425806599634361
606 0.00017425806599634361 5.693789608870646e-05

13 6.380572263004077 0.005473667154033768
14 6.380572263004077 0.11567589264554676

12 9.466194876254423 0.06555692112436318
16 9.466194876254423 8.205184277311018
18 9.466194876254423 4.63787986337453

13 20.344562759731783 7.731027255446368
15 20.344562759731783 11.327423441124425
17 20.344562759731783 19.654755145294263
18 20.344562759731783 20.14097491838086
19 20.344562759731783 11.484077180056573
99 6.541823709629279 6.062901850039026
109 6.062901850039026 5.8273384235337335
121 4.856406725267647 4.420544091932655
129 4.856406725267647 4.673146795366442
139 4.420544091932655 4.178836748944628
149 3.8711467863250064 3.7248135808035494
169 3.475605054554284 3.4157546640206116
179 3.412561705687465 2.991157259480283
189 2.991157259480283 2.7369584127356408
209 2.7369584127356408 2.7076806467782917
218 2.7076806467782917 2.296747315855036
219 2.7076806467782917 2.397628384255652
229 2.296747315855036 1.9179361690076642
239 1.9179361690076642 1.732537573220844
249 1.7313945258163181 1.5223246142824094
259 1.5168735311695372 1.2056867147276804
269 1.2056867147276804 0.9150170102193292
368 0.7449337866598276 0.7442202194137477
379 0.7442202194137477 0.6773308274924709
389 0.605899880991461 0.5094145983250012
398 0.5094145983250012 0.4753809071968903
399 0.5094145983250012 0.35632482622031086
418 0.35632482622031086 0.3054354445195044
419 0.35632482622031086 0.35491468158303735
426 0.301828017806275 0.26164691984693894
427 0.301828017806275 0.23518123842175243
429 0.301828017806275 0.2788960408536908
436 0.23518123842175243 0.19997708875190406
437 0.23518123842175243 0.17680150645878548
438 0.23518123842175243 0.1814204861902657
439 0.23518123842175243 0.14014482590975916
447 0.14014482590975916 0.09815153615301689
448 0.14014482590975916 0.1234796694308552
449 0.14014482590975916 0.07230942753264802
457 0.07230942753264802 0.06918574556522096
458 0.07230942753264802 0.06674788790637419
459 0.07230942753264802 0.05414886289120339
477 0.02266447271873238 0.017770964659633154
488 0.002033250917852629 0.0014252250535233802
496 0.0014252250535233802 0.0009968131223521393
509 0.00028774607494655284 0.00013133053236365233
529 0.00013133053236365233 2.405278618449616e-05
609 2.405278618449616e-05 2.0856933976867317e-05
627 2.0856933976867317e-05 1.816472643521204e-05
794 1.816472643521204e-05 3.6152218438225692e-06

11 31.933228595176118 14.998861643644734
12 31.933228595176118 1.9521735876591981
13 31.933228595176118 16.15144154399558
14 31.933228595176118 10.956105242371974
15 31.933228595176118 6.62099107449081
16 31.933228595176118 27.342340923350683
17 31.933228595176118 19.57928908356262
18 31.933228595176118 16.479073928260135
19 31.933228595176118 29.236946881552733
301 0.024474467821784432 0.005072930213750372
311 0.005072930213750372 0.001281282175608059
562 0.0001233670890411161 8.887613474361964e-06
663 8.887613474361964e-06 6.811386698888862e-06

14 16.091586451084012 5.124849912253498
131 3.6810660137850038 1.6317831313421698
132 3.6810660137850038 1.7852554507635237
240 0.9557379521660719 0.9433972851946408
250 0.9433972851946408 0.6091103952380651
280 0.48333712438596427 0.4807657661584024
300 0.32194274611992585 0.26788547883709435
320 0.26788547883709435 0.14290405070871723
340 0.13884420662582514 0.11777579221499039
349 0.10217004522636007 0.06486877313854074
369 0.06486877313854074 0.05925927010901589
370 0.06486877313854074 0.044183171933535166
379 0.044183171933535166 0.017883610394478344
390 0.017883610394478344 0.01185304121381202
399 0.00347054367086659 0.0018743145238417688
437 0.0018743145238417688 0.0004236669086687188
485 0.0004236669086687188 0.0003098792151063285
536 0.0003098792151063285 0.00020329223133410822
609 0.00020329223133410822 0.0001192803911208468
750 0.0001192803911208468 5.217792431517308e-05
1242 3.159526550969312e-05 1.2051565590163913e-06

13 22.61149504372392 1.6585371691697954
14 22.61149504372392 15.179223075467734
15 22.61149504372392 9.76516274754006
16 22.61149504372392 8.243213517573855
18 22.61149504372392 5.147858882992117
19 22.61149504372392 5.146424941311087
128 0.7856317193801685 0.7244806903000207
131 0.5643817904229403 0.19376985183203327
132 0.5643817904229403 0.2448650055536527
169 0.2448650055536527 0.17447804930909727
180 0.17447804930909727 0.1698136052378952
189 0.1698136052378952 0.1655181079635985
190 0.1698136052378952 0.12580088143772455
200 0.12580088143772455 0.10639330403382945
209 0.10639330403382945 0.08042305489751328
213 0.08042305489751328 0.06971576505745496
249 0.06971576505745496 0.02122481975530642
258 0.02122481975530642 0.015437279923180662
259 0.02122481975530642 0.011084907623267654
260 0.02122481975530642 0.0083585705783675
269 0.0083585705783675 0.004188717248640484
277 0.004188717248640484 0.002897818734007716
278 0.004188717248640484 0.002595000187817945
290 0.002595000187817945 0.0004682315980586318
359 0.0004682315980586318 8.985118299476611e-05
418 8.985118299476611e-05 7.156631020798366e-05

130 4.658367441890778 4.1298618638631845
150 4.1298618638631845 4.039852025587568
160 4.039852025587568 3.4092399757175573
170 3.4092399757175573 3.388595620377051
180 3.388595620377051 2.8248179473972708
190 2.8248179473972708 2.6109282195173718
200 2.6109282195173718 2.2445114442026317
230 1.8655246707042286 1.8607288779615208
240 1.8607288779615208 1.5728132687471719
270 1.3024635927201023 1.0844768861164948
390 0.08876554454608672 0.06932700556168667
401 0.04589279086794338 0.008855471251956959
420 0.008855471251956959 0.0002031228747036402
421 0.008855471251956959 0.004090500704833802
517 0.0002031228747036402 2.0655101710177706e-05

11 21.737319659625108 19.810851165786673
12 21.737319659625108 19.98012404313379
13 21.737319659625108 15.618142750883795
15 21.737319659625108 10.61043188614401
16 21.737319659625108 1.0692164502148926
17 21.737319659625108 17.47198976401763
18 21.737319659625108 10.655020669865166
19 21.737319659625108 10.44740947713084
261 0.035600070759234693 0.03020853699078556
271 0.006519348172021185 0.005372697182320093
281 0.005372697182320093 0.004814666772073914
340 0.004814666772073914 0.0010512718622174171
361 0.0010512718622174171 0.000408436826902097
486 0.000408436826902097 4.382993247587529e-05
743 4.382993247587529e-05 2.1149990455660868e-05
833 2.1149990455660868e-05 1.6876240239283473e-05
1096 1.235973782602662e-05 3.241683000692845e-06

11 28.19401387709428 15.209647471232635
12 28.19401387709428 9.37323994215207
13 28.19401387709428 27.92646762845881
14 28.19401387709428 27.947991972982035
15 28.19401387709428 3.7073341568748233
16 28.19401387709428 22.16835013991147
17 28.19401387709428 24.285526016361366
18 28.19401387709428 21.483008916415034
242 1.0469938660238658 0.5397907592810561
243 1.0469938660238658 0.3827829491321635
350 0.02615342990008839 0.00854085502552978
361 0.00854085502552978 0.0012640213235920903
371 0.0012640213235920903 0.0007245334604454757
498 0.0007245334604454757 0.0006046045137483184
597 9.368304437253834e-05 8.988681153843514e-05
601 9.368304437253834e-05 6.893042603350269e-05
618 6.893042603350269e-05 4.5280338811271506e-05
733 4.5280338811271506e-05 1.965974654474777e-05
1106 1.965974654474777e-05 1.0682395055041505e-05
1206 1.0682395055041505e-05 1.0617400690450102e-05

11 8.650376721814224 6.4455996073758595
14 8.650376721814224 4.1869710474912765
79 3.795935310515415 3.3854894099890265
119 2.3579163721892766 2.2913465739259733
129 2.2913465739259733 2.036577155882897
139 2.036577155882897 1.6758158381464945
149 1.6758158381464945 1.5787408369303075
159 1.5787408369303075 1.4174101946413482
169 1.4174101946413482 1.1558216556252745
179 1.1558216556252745 1.0825634013151906
199 1.0825634013151906 0.9869836996339861
209 0.9274664180669495 0.6534830423431925
249 0.4161081499065358 0.4128407135369827
259 0.2642858534291974 0.23770246714356694
269 0.23770246714356694 0.1930050772770746
279 0.1930050772770746 0.1928191603783098
289 0.1928191603783098 0.1123887019709252
299 0.10085761163601832 0.07420735137485676
329 0.04362057296611538 0.040995121195295525
358 0.008205406299798152 0.007188732252083451
368 0.002365389251305818 0.0010709344373138773
369 0.002365389251305818 0.0012243654239067212
389 0.0010709344373138773 0.0005757518591907197
429 0.0005757518591907197 0.00048511787635160264
457 0.00048511787635160264 0.0003140237097833224
507 0.0003140237097833224 0.00013204825182015434
584 0.00013204825182015434 0.00012815218824043027
607 0.00012815218824043027 5.166382592682832e-05

11 31.513063035404272 28.53797683450522
12 31.513063035404272 11.472481387793517
13 31.513063035404272 15.168228532048227
14 31.513063035404272 9.571227725946892
15 31.513063035404272 14.316721954951849
16 31.513063035404272 24.886597094236897
17 31.513063035404272 28.852820090098
19 31.513063035404272 28.610239252541344
49 9.43473555110665 9.377117987361038
69 9.028340230326755 8.056452829114967
149 6.543724499785345 6.323460446041113
169 5.8980150238849385 5.42953557499652
190 5.276143556802789 5.069285480430502
200 4.880890769817498 4.459543837249113
229 3.9191420436629127 3.7595899208634678
239 3.6583149479491466 3.534933957785124
240 3.6583149479491466 3.5452902875324375
250 3.2802672834451942 3.0937329784702636
259 3.0937329784702636 2.977479788752089
260 3.0937329784702636 3.0203539877143344
268 2.977479788752089 2.7827953063833077
269 2.977479788752089 2.8616888978230057
270 2.977479788752089 2.506201623068219
278 2.506201623068219 2.473655853232406
279 2.506201623068219 2.3336832417757565
290 2.1590311613515274 1.994207602555476
309 1.994207602555476 1.7569182080721604
310 1.994207602555476 1.8026462446873759
320 1.7569182080721604 1.512969273887627
339 1.512969273887627 1.51154817947699
340 1.512969273887627 1.4054769173416288
349 1.3996161515524181 1.3812621000150136
360 1.3812621000150136 1.1336860344869832
377 1.1133279436198191 1.0413716907253847
379 1.1133279436198191 1.0331263491663811
380 1.1133279436198191 0.9266621183720647
388 0.9266621183720647 0.7900369678492982
389 0.9266621183720647 0.7817808679450695
390 0.9266621183720647 0.8363724043956013
399 0.7817808679450695 0.7604107032900512
400 0.7817808679450695 0.7568759338373496
407 0.7568759338373496 0.7202522221519789
409 0.7568759338373496 0.6375342349195833
410 0.7568759338373496 0.6725503440715019
417 0.6375342349195833 0.532446254156342
420 0.6375342349195833 0.5316034022270708
430 0.5316034022270708 0.5166427447285564
440 0.5166427447285564 0.4599897625615297
448 0.4149702289246793 0.3416966851925597
449 0.4149702289246793 0.2731009386096911
450 0.4149702289246793 0.3566953718449988
460 0.27029928173209794 0.17934254800207403
467 0.17934254800207403 0.16306679231643062
470 0.17934254800207403 0.17330158814037844
500 0.020801901061685196 0.009611228927424822
516 0.009611228927424822 0.0069136240737906465
517 0.009611228927424822 0.006122529540235351
519 0.009611228927424822 0.0014142738476122729
538 0.0014142738476122729 0.00019163234807214458
575 0.00019163234807214458 6.974157628179183e-05
1255 1.5910515842307205e-05 3.699128927520753e-07
1346 3.699128927520753e-07 2.440891894556602e-07

11 11.846822351409834 2.266287496173702
13 11.846822351409834 2.410356764506882
16 11.846822351409834 10.40026597670331
18 11.846822351409834 1.6728645853055046
19 11.846822351409834 5.616150543740595
109 1.0477943084991157 1.0392764356955362
119 1.0392764356955362 0.9847840559030494
159 0.7459059132931725 0.6068019635583743
168 0.6068019635583743 0.5756574287233189
209 0.47232974459243315 0.3049093594795576
219 0.3049093594795576 0.27201781740237735
229 0.2240972558103047 0.14745335504961538
239 0.14745335504961538 0.09319853848632115
287 0.005922751227851998 0.0010128959028560237
289 0.005922751227851998 0.003449474204858591
316 0.0010128959028560237 0.0005151848954237627
329 0.0005151848954237627 0.0003600290545807919
338 0.0003600290545807919 0.0001353111284275355
359 0.0001353111284275355 2.9490635036376148e-06

11 25.877847199675486 4.849105683869451
13 25.877847199675486 13.776688507571171
14 25.877847199675486 3.351866460184856
15 25.877847199675486 25.271299816938203
17 25.877847199675486 24.691576560904615
18 25.877847199675486 22.604769171477685
19 25.877847199675486 18.319135151497953
69 3.311480694006635 3.097461178817226
79 3.097461178817226 2.9030580012918454
89 2.9030580012918454 2.6183069289633907
99 2.6183069289633907 2.274813684738916
109 2.274813684738916 2.192582091996192
119 2.0411585295645867 1.836924254132317
129 1.597823016962164 1.5368043620814733
139 1.5368043620814733 1.1382073133175972
149 1.1382073133175972 1.0642133712503667
159 1.0642133712503667 0.9656395301705325
189 0.9656395301705325 0.9009666577266402
199 0.9009666577266402 0.7387671774014593
249 0.6108057901449796 0.4829947889072631
259 0.4829947889072631 0.3559532892235764
329 0.04819281581548692 0.03493653904565956
339 0.03493653904565956 0.030021313474162523

12 21.269865088914155 4.597273736679292
14 21.269865088914155 13.618042273011387
15 21.269865088914155 17.904126090225986
16 21.269865088914155 16.557076732549156
17 21.269865088914155 0.5371512747151569
371 0.0008215611352721697 0.000756785916145627
390 0.000756785916145627 0.00030089735229120153
431 0.00030089735229120153 7.855828822318789e-05

12 24.20375961753062 19.673581928638797
13 24.20375961753062 5.181248016574527
14 24.20375961753062 16.558091589598554
15 24.20375961753062 11.353454019052158
18 24.20375961753062 20.62851195936731
301 1.8530519392454208 1.8047326612028685
331 1.3233330003195198 1.236520915817219
340 1.236520915817219 1.0096193128926951
341 1.236520915817219 1.038121354748703
350 1.0096193128926951 0.8882074244657174
351 1.0096193128926951 0.8436735082438058
359 0.7674940705219205 0.7432967678710476
360 0.7674940705219205 0.6749384177318423
361 0.7674940705219205 0.7586765867426033
369 0.6749384177318423 0.5942141323652352
370 0.6749384177318423 0.5960343726530144
371 0.6749384177318423 0.592622371753049
380 0.5293104110364393 0.32837767256899586
381 0.5293104110364393 0.35643111911895325
390 0.32837767256899586 0.3074311168760842
391 0.32837767256899586 0.19234500986711486
409 0.17943121992459493 0.12231916767502517
410 0.17943121992459493 0.10404531995031739
428 0.10404531995031739 0.08157410866106167
429 0.10404531995031739 0.04173155453768514
441 0.04173155453768514 0.039780313658025694
450 0.039780313658025694 0.0033252109861035203
451 0.039780313658025694 0.010332257681966727
460 0.0033252109861035203 6.531369471020207e-05
478 6.531369471020207e-05 6.539805188640435e-06

11 20.990784153023597 2.1529694618849926
12 20.990784153023597 15.263051268793287
13 20.990784153023597 17.833665225235013
15 20.990784153023597 3.398041619801173
17 20.990784153023597 0.4352337100984017
19 20.990784153023597 8.266721379734348
150 0.15784904103352837 0.12349292171952476
170 0.10635265191360953 0.0696494779932053
180 0.0696494779932053 0.03593138473995345
199 0.03593138473995345 0.019083322831910724
210 0.019083322831910724 0.005688915501001117
220 0.005688915501001117 0.0026283902428164193
250 0.0026283902428164193 0.0005660563345434972

11 6.566042036679907 0.7891002557683497
362 0.0026963094008576388 0.002590596375618181
370 0.002590596375618181 3.888090228948807e-06
372 0.002590596375618181 0.0007642330599141668

11 6.803292950612048 6.570622446132264
14 6.803292950612048 6.19207557505556
17 6.803292950612048 6.263428381882417
29 6.19207557505556 5.977645516347666
48 5.977645516347666 5.41519436621955
49 5.977645516347666 5.580792144241104
58 5.41519436621955 4.961719152786474
59 5.41519436621955 5.2180417176018
68 4.961719152786474 4.612298308789377
69 4.961719152786474 4.404705422346808
77 4.404086255754158 4.330660063107433
78 4.404086255754158 4.293043895706014
79 4.404086255754158 3.987175995298296
87 3.9447710835831966 3.809290134071495
89 3.9447710835831966 3.848468395969345
97 3.809290134071495 3.227908484054211
98 3.809290134071495 3.517442321764487
99 3.809290134071495 3.392479904338182
109 3.227908484054211 2.7912375138887113
128 2.7912375138887113 2.6225935361027166
129 2.7912375138887113 2.6885340104706295
137 2.6072352414689983 2.35132692688287
138 2.6072352414689983 2.6005627766216555
139 2.6072352414689983 2.2531110626927076
149 2.1963596465155604 1.8286302362174451
179 1.5715016372170423 1.4704293233707675
186 1.4704293233707675 1.388105846657226
189 1.4704293233707675 1.4661734016050418
195 1.255240348529551 1.1035406215446901
197 1.255240348529551 1.2522160200102677
199 1.255240348529551 1.0167041914429567
209 1.0167041914429567 0.9500390302952119
218 0.9500390302952119 0.9162532475782931
219 0.9500390302952119 0.7565570294295975
229 0.6912800244783518 0.5638425586981286
237 0.5638425586981286 0.5512431314120946
238 0.5638425586981286 0.543717678813777
239 0.5638425586981286 0.556674112123657
258 0.46428324683383004 0.4296082703104689
259 0.46428324683383004 0.3270849301335626
268 0.3270849301335626 0.2698716965264399
276 0.2698716965264399 0.22858839742737513
278 0.2698716965264399 0.18716614137983975
279 0.2698716965264399 0.20060862527357076
289 0.18716614137983975 0.14609568987643293
299 0.14303734532181675 0.06064283544414355
309 0.06064283544414355 0.05737748566436652
319 0.0425200192336704 0.032151802979129854
327 0.032151802979129854 0.01662821712789468
336 0.01662821712789468 0.013200103664800285
346 0.013200103664800285 0.002575226536449656
347 0.013200103664800285 0.002470424005959591
348 0.013200103664800285 0.007327404536214872
349 0.013200103664800285 0.005697036056112956
356 0.002470424005959591 0.002422176740387515
368 0.002422176740387515 4.274779223504321e-05

15 17.110164057386967 11.805152130249464
16 17.110164057386967 0.7733676897381967
17 17.110164057386967 0.7904702387742482
19 17.110164057386967 11.721725815127254
29 0.7733676897381967 0.5172704332082594
59 0.48943354462958905 0.4784309846307404
69 0.46467817860088967 0.3372221301898519
79 0.26250341972635555 0.24527938356574952
99 0.24527938356574952 0.15840451063020522
109 0.15840451063020522 0.13527806051070507
149 0.1296453125371762 0.09828846165576567
159 0.09828846165576567 0.05142633502195668
189 0.045579570011495055 0.008499568940677887
209 0.008499568940677887 0.000720466687177933
621 7.237380850040105e-05 7.164674024870669e-05

11 29.54339360086158 21.972473389700998
12 29.54339360086158 13.528720655481186
13 29.54339360086158 12.667075438257577
14 29.54339360086158 4.066180020668133
15 29.54339360086158 16.824057902271534
16 29.54339360086158 4.51767186219942
17 29.54339360086158 6.666502624532241
18 29.54339360086158 7.095927679388378
29 4.066180020668133 3.8788564489045583
39 3.809943453154319 3.5946252587115177
109 2.490140513510636 2.365845624750142
119 2.2446954509446533 2.09678811022843
129 2.09678811022843 1.9184914580106993
139 1.9184914580106993 1.6226169921899147
159 1.6226169921899147 1.3294634242006196
179 1.0087643360828238 0.9240942636571965
189 0.9240942636571965 0.8694774100798406
199 0.8694774100798406 0.8345210188619839
209 0.787080794424979 0.7347269330531879
229 0.693849267159234 0.6190120244541821
249 0.5270318965470631 0.35689912719603123
259 0.35689912719603123 0.3309908610497317
268 0.3309908610497317 0.23634050739487183
269 0.3309908610497317 0.21839614853793507
278 0.21839614853793507 0.19860763918090926
279 0.21839614853793507 0.1507923744280079
288 0.1507923744280079 0.12085144174856043
298 0.12085144174856043 0.08823812816092291
299 0.12085144174856043 0.1084081382359133
309 0.08823812816092291 0.04797657737173788
318 0.037039257019959394 0.034905360385575644
329 0.034905360385575644 0.02210696733935029
339 0.02210696733935029 0.0026286136917694105
358 0.0026286136917694105 0.00042451384738053527
367 0.00042451384738053527 0.00025952028952294626

11 13.602570127721973 2.0578848490961152
13 13.602570127721973 5.476833254893354
14 13.602570127721973 11.807318992422703
15 13.602570127721973 8.067642690319229
16 13.602570127721973 7.836028685277811
18 13.602570127721973 8.137522127593076
19 13.602570127721973 1.1579570662761058
49 1.1579570662761058 1.1245564399226071
59 0.9607851258857018 0.87781200120041
79 0.6576457398564742 0.6164054365481499
89 0.6164054365481499 0.42634695673883505
109 0.42634695673883505 0.36970681498522123
119 0.36970681498522123 0.23923843338228656
129 0.23923843338228656 0.22445988226879773
159 0.18096504163469004 0.1754778194444128
169 0.1707797848590159 0.1497518123903363
199 0.00944647686533056 0.004752180988444293
258 0.0018311461477785113 0.0016120813412865264
268 0.0016120813412865264 2.829043444963751e-05
269 0.0016120813412865264 0.0009669090801197439

13 4.221534907171409 2.3247068215249542
18 4.221534907171409 1.1913826495691677
89 0.9139596108330712 0.8573788585075485
99 0.7343529665981379 0.6908915104802955
140 0.3482607924778076 0.28218819038044846
150 0.28218819038044846 0.22826474198607477
170 0.22826474198607477 0.1389298839910025
190 0.1389298839910025 0.06418338855089238
240 0.05495627549457598 0.03510093567962188
259 0.020538785080408378 0.019038335637085988
278 0.019038335637085988 0.018259440271799144
280 0.019038335637085988 0.008881418093152932
289 0.008881418093152932 0.0033086982830320237
290 0.008881418093152932 0.001389972984172441
349 0.001389972984172441 0.0008644190538513876
350 0.001389972984172441 0.0010310967848789414
389 0.0008644190538513876 0.00019828150850755873
478 0.00019828150850755873 8.988107566993447e-05
529 8.988107566993447e-05 1.464481124606143e-05

11 16.805898409965003 14.0043890254696
14 16.805898409965003 15.922009396116984
15 16.805898409965003 14.698759655828392
17 16.805898409965003 15.953044521072538
18 16.805898409965003 1.6710960936255732
160 0.5831423084819347 0.35386632162375975
180 0.35386632162375975 0.2785762525203366
190 0.2785762525203366 0.2518729285121599
220 0.1307262055106347 0.11814902381182524
250 0.05556806353306193 0.03755946186264915
310 0.006558908475140826 0.004886544932913403
320 0.004886544932913403 0.0011179937504550467
410 0.0011179937504550467 0.0007052552595087704
420 0.0007052552595087704 0.0003541120505259535
447 0.0003541120505259535 0.00010124192524514797
516 0.00010124192524514797 8.956970805814931e-05
602 8.956970805814931e-05 4.369027824946127e-06

14 4.037484713082887 1.5913200070896374
119 0.6777756270226791 0.6581233889237283
189 0.41902979926182027 0.3805628077890123
238 0.193009162445462 0.1926216015393146
239 0.193009162445462 0.17097269265434348
247 0.17097269265434348 0.15091565060660078
248 0.17097269265434348 0.09264283177307084
259 0.09264283177307084 0.08733850868076926
267 0.08733850868076926 0.040742136858766854
268 0.08733850868076926 0.0727020649988396
269 0.08733850868076926 0.07982091334685511
277 0.040742136858766854 0.023905319837759384
279 0.040742136858766854 0.028162775116747207
286 0.023905319837759384 0.013909472467451174
289 0.023905319837759384 0.00869605369867572
297 0.00869605369867572 0.006962621622504276
307 0.006962621622504276 0.0008846203044744475
309 0.006962621622504276 0.0022024260831842914
319 0.0008846203044744475 0.00035418756352246703
328 0.00035418756352246703 9.993130610277476e-05
1043 3.1431984287446356e-06 3.0750310876605874e-06
1055 3.0750310876605874e-06 2.9675350678642813e-06

11 35.577206587432954 26.55278167194489
12 35.577206587432954 13.876774702408396
13 35.577206587432954 9.529752066994714
14 35.577206587432954 34.11702153170307
15 35.577206587432954 24.23841047820617
16 35.577206587432954 7.5736748545795445
17 35.577206587432954 32.21817334264829
18 35.577206587432954 2.6961976165043793
19 35.577206587432954 8.180492393093562
170 1.0859119958149548 0.9617580704749228
180 0.9617580704749228 0.9044517429346016
210 0.5135668757701146 0.4209396164946892
239 0.278547632572132 0.2729108290368869
240 0.278547632572132 0.2556178305407264
249 0.22469222685361273 0.156781145740567
250 0.22469222685361273 0.17240849027998337
260 0.156781145740567 0.1013539393689832
270 0.1013539393689832 0.05060282264883426
310 0.006135955823537197 0.005433010129014247
320 0.005433010129014247 0.00026372117324610677
400 0.00026372117324610677 0.00012390036419427562
420 0.00012390036419427562 8.506158458626162e-05
799 3.134984476740479e-05 2.9670993474895197e-05
836 2.9670993474895197e-05 2.9340574627392178e-05
951 2.9340574627392178e-05 2.041722029142012e-05
1116 2.041722029142012e-05 1.4663818419285723e-06

12 18.752187457652575 12.609205394030209
13 18.752187457652575 11.413861464842125
14 18.752187457652575 0.36413487569402103
16 18.752187457652575 13.588830390477689
17 18.752187457652575 6.656129963857854
18 18.752187457652575 11.818608912443876
271 0.0051683974982358865 0.002496856712059721
320 0.002496856712059721 0.0006086528397586709
416 0.0006086528397586709 0.0004890287514671725
463 0.0004890287514671725 0.00015080621477034855
470 0.0004890287514671725 0.0002521011741803551
723 0.00015080621477034855 6.592728619689074e-05
753 6.592728619689074e-05 5.1787636879201175e-05
1000 4.457062538820202e-05 4.4106070296109964e-05

11 17.225680662924162 0.9375189691550943
15 17.225680662924162 11.843748646739506
17 17.225680662924162 2.7169593861385444
18 17.225680662924162 6.911498294015477
99 0.7523423550608813 0.6985295912362259
119 0.6148878957234017 0.5129243880696198
129 0.4408563440537135 0.3701159301394636
140 0.32969732022630766 0.21013285700023168
200 0.1133444786674002 0.05099873052089061
210 0.04481360469820062 0.041890290113874566
230 0.011882248340664016 0.0021865595104441178
240 0.0021865595104441178 0.0010053236254941274
290 0.0010053236254941274 0.0008179175987742752
299 0.0008179175987742752 0.00021580869065712514

11 19.82922419202382 5.701294466631975
15 19.82922419202382 9.582540289573519
18 19.82922419202382 13.863507134673249
19 19.82922419202382 17.189373366511166
131 3.5025458347538123 0.5276811729714407
132 3.5025458347538123 0.5266796400036419
331 0.05794622772774739 0.05748307999073271
351 0.009809314703671081 0.005941534588253238
361 0.005941534588253238 0.0029305320387822405
468 0.00041587576104403716 0.0003996458589148982
478 0.0003996458589148982 0.00016859839247459357
510 0.00016859839247459357 0.00011044077671118245

11 40.97143472960198 16.149437633420067
12 40.97143472960198 14.33683615125156
13 40.97143472960198 8.01358399155712
14 40.97143472960198 21.814298243420293
15 40.97143472960198 40.57799805523928
16 40.97143472960198 15.030822949882062
17 40.97143472960198 25.48963320848673
18 40.97143472960198 17.733935671302003
251 3.5078947427552025 3.4649008227462166
261 3.320605710919275 3.143555751010215
289 3.143555751010215 3.139898851006909
290 3.143555751010215 2.6822520303053192
311 2.5550844255151124 2.4953791911091807
321 2.4953791911091807 2.0512880295924045
340 1.9167014783162295 1.8842935246906172
341 1.9167014783162295 1.6028589476645885
349 1.6028589476645885 1.5777366820916727
351 1.6028589476645885 1.523076037155305
360 1.523076037155305 1.1470363403915242
361 1.523076037155305 1.3328142224760764
371 1.1470363403915242 1.0972097854037348
390 1.0972097854037348 0.7607192853134783
437 0.4849426384586284 0.43905227983290956
438 0.4849426384586284 0.3965023593302671
440 0.4849426384586284 0.464356688895479
441 0.4849426384586284 0.30508824187231587
450 0.30508824187231587 0.16925106367022394
451 0.30508824187231587 0.26687823130537536
466 0.16925106367022394 0.13541501702284642
468 0.16925106367022394 0.04809361541777949
469 0.16925106367022394 0.07373025211968581
471 0.16925106367022394 0.16088266157452918
499 0.003629510125993074 0.0013715149483658736
500 0.003629510125993074 0.00040682401913326037
549 0.00040682401913326037 0.0003575200841495458
569 0.0003575200841495458 0.00032986805065047116
606 0.00032986805065047116 0.00015341333583342284
667 0.00015341333583342284 0.00011483688699480239
697 0.00011483688699480239 0.00010029478489364801
777 0.00010029478489364801 1.3889914820060639e-05

13 2.139024250594667 1.4245591066644447
17 2.139024250594667 0.16110691372496447
59 0.03396339368672811 0.024607721735104594
69 0.0049094862207768744 0.0015046814590853363
99 0.0015046814590853363 0.00126803308727499
139 0.00126803308727499 0.0006661569075157009
185 0.0006661569075157009 0.0006159617980971586
205 0.0006159617980971586 1.705783522762723e-05
295 1.705783522762723e-05 1.0697616789474773e-05

11 19.978412995339692 14.182671627344579
12 19.978412995339692 8.399269924585603
14 19.978412995339692 18.48829177919847
16 19.978412995339692 18.70876406691156
17 19.978412995339692 9.15501833660057
29 8.399269924585603 8.279702522498793
39 8.231320621722029 7.768805659002869
49 7.519053577376073 7.494492358450639
69 7.035118502878791 6.685543592034041
89 6.280994907776943 6.208198549144293
99 6.208198549144293 5.701218234415483
109 5.701218234415483 5.439451466686808
119 5.439451466686808 5.03499200124741
129 5.009562939369195 4.6837405763351825
139 4.6837405763351825 4.3422086444711585
149 4.318358356371096 3.8769270774089772
189 3.7978245570767615 3.6967816057592784
249 2.9420181476299607 2.6768430247102284
259 2.6768430247102284 2.4863244334280292
269 2.3037583376981012 2.1747499685757075
279 2.1747499685757075 1.935203530763037
299 1.935203530763037 1.776181105768071
319 1.776181105768071 1.5513275914946576
329 1.5513275914946576 1.270381342951048
349 1.270381342951048 1.1436287150651006
359 1.1436287150651006 0.9931992346397402
369 0.9007553452086313 0.8812346727989606
387 0.8785925092865912 0.7766812100851781
388 0.8785925092865912 0.836824591912446
389 0.8785925092865912 0.8291790106107073
416 0.7076453883783005 0.5984588060729856
417 0.7076453883783005 0.48917043410113303
419 0.7076453883783005 0.63441721637126
438 0.427044424337949 0.36954735651895765
447 0.36954735651895765 0.3587369938090341
474 0.22308957427760698 0.20079143860515986
475 0.22308957427760698 0.15199927969078508
477 0.22308957427760698 0.20327888261083527
487 0.15199927969078508 0.08756160780933812
488 0.15199927969078508 0.10932039721483656
489 0.15199927969078508 0.0764425203975006
515 0.0764425203975006 0.03902036843330031
517 0.0764425203975006 0.045719179810511955
519 0.0764425203975006 0.04416558393755096
527 0.032018273976201564 0.021325863341152038
528 0.032018273976201564 0.004015077904796984
537 0.004015077904796984 0.001871751547043312
557 0.001871751547043312 0.0009134190395813846
563 0.0009134190395813846 0.000728965418449188
592 0.000728965418449188 0.00020592128285097625
605 0.00020592128285097625 1.2030859586515874e-05

16 2.2284478758644797 1.4128324325857877
18 2.2284478758644797 1.764869162139463
38 1.4128324325857877 1.3485481317200463
49 1.3485481317200463 1.3011412343509783
58 1.3011412343509783 1.2845577320735635
59 1.3011412343509783 1.1659935793603387
79 0.9436704087166392 0.9005972215962852
89 0.9005972215962852 0.8613625596336563
99 0.8613625596336563 0.7121146999501492
168 0.4509160832236453 0.3676567106748356
179 0.3676567106748356 0.2537451024088136
219 0.0768250931849402 0.07588169555216437
229 0.07588169555216437 0.07344647435045513
259 0.01981661184624275 0.012862574156758077
268 0.012862574156758077 0.010769514159276242
269 0.012862574156758077 0.00020546455209595813

120 1.9432145878795961 1.89362776648992
140 1.89362776648992 1.6589348857693216
160 1.5565209208414115 1.5078137375059186
170 1.4599901887656612 1.2996069102003247
179 1.2996069102003247 1.2393204194261997
189 1.2393204194261997 1.1973053907141789
190 1.2393204194261997 0.9361944339302111
199 0.9032737788473755 0.8219873962239981
200 0.9032737788473755 0.6037482206810129
220 0.6037482206810129 0.5529641376608108
229 0.4652952700765878 0.428820820467527
240 0.31278356777665506 0.24445151630588907
250 0.24445151630588907 0.14630907003555005
260 0.14630907003555005 0.11020717221165072
270 0.11020717221165072 0.03971616399007566
300 0.03971616399007566 0.030417668826497074
309 0.030417668826497074 0.020829211309218762
310 0.030417668826497074 0.019791794495189415
319 0.019791794495189415 0.016072126682024693
320 0.019791794495189415 0.01432992192730648
328 0.01432992192730648 0.00968544837382907
329 0.01432992192730648 0.006382118186245461
330 0.01432992192730648 0.006638272387701934
359 0.006382118186245461 0.004909164175633726
369 0.004909164175633726 0.003311620872172731
370 0.004909164175633726 0.00043802976408125274
399 0.00043802976408125274 0.0004203011886716955
550 0.00027186172041513497 1.1911928172176597e-05
621 1.1911928172176597e-05 1.0014809415716204e-05

11 29.45712169568385 7.343801953120493
12 29.45712169568385 23.33109930642817
13 29.45712169568385 8.383837550994894
14 29.45712169568385 20.14414031734146
15 29.45712169568385 27.171096936367682
16 29.45712169568385 1.8370266100149435
17 29.45712169568385 2.7261474529644225
18 29.45712169568385 27.21163414042602
69 1.0588053060516676 0.9361862615667664
89 0.9361862615667664 0.6591937951562412
109 0.6591937951562412 0.5905112924702285
119 0.5905112924702285 0.4134179132355297
139 0.4134179132355297 0.38234566415148236
149 0.353971467466744 0.3030340536509016
179 0.25076544812517754 0.1992478074567693
209 0.10200606492013449 0.07789442377140487
219 0.07789442377140487 0.057080724697847265
229 0.057080724697847265 0.04343340764044771
239 0.031689852458491055 0.004776797073373972
249 0.004776797073373972 0.002430146614792227
289 0.002430146614792227 0.0008369437861083568
299 0.0008369437861083568 0.00030128495622396527
368 0.00021739898930791206 7.786503436827282e-05
418 7.786503436827282e-05 7.00380590957021e-05
590 7.00380590957021e-05 3.1292999468186495e-05
731 3.1292999468186495e-05 1.9561129491828974e-05

12 12.947195576712033 5.267729658391504
140 4.052377745621938 3.9561501026000294
150 3.9075776825103743 3.6248434206279647
180 3.483556091776852 3.3436591690783666
200 2.97049014948938 2.8920603502992113
239 2.3029444064635713 2.2975399364734006
250 1.8406784123024027 1.7756201509719398
260 1.7756201509719398 1.2795710687707318
290 1.2795710687707318 1.073327203287304
350 0.5425364699438362 0.42185634275001
360 0.42185634275001 0.28725884855135164
370 0.28725884855135164 0.23392143580664881
379 0.23392143580664881 0.14158089180699768
380 0.23392143580664881 0.13676520765939074
390 0.13676520765939074 0.09355967942098448
398 0.09355967942098448 0.074017902841855
400 0.09355967942098448 0.03476267518603666
409 0.03476267518603666 0.030584231637603605
410 0.03476267518603666 0.011582023313006264
429 0.0028875198699901414 0.00010406232828020854
430 0.0028875198699901414 0.001043739695628315

11 21.437272358653956 16.768171492070902
12 21.437272358653956 4.7615425060591905
13 21.437272358653956 20.000552881314423
14 21.437272358653956 9.988151742608817
17 21.437272358653956 12.387923383163677
18 21.437272358653956 17.39457116313336
19 21.437272358653956 2.9195199107449255
200 1.5508991052881747 1.4840451473782676
209 1.4840451473782676 1.4050979132209112
210 1.4840451473782676 1.3148183079104145
219 1.3148183079104145 1.2763449366179889
230 1.2254033720779234 1.0488743910040768
239 1.0488743910040768 0.91689814008031
250 0.8531053255618262 0.6200724824986097
259 0.6200724824986097 0.6179242306411272
270 0.6179242306411272 0.41796451665169065
289 0.41796451665169065 0.346730417634256
290 0.41796451665169065 0.4078122033900331
298 0.346730417634256 0.25846511762772106
300 0.346730417634256 0.28024267080689197
310 0.25846511762772106 0.11869984292220001
330 0.11869984292220001 0.08760110045972835
339 0.08760110045972835 0.07293830673072028
340 0.08760110045972835 0.047108645273812554
359 0.047108645273812554 0.027929345589011778
369 0.027929345589011778 0.00940911527302038
370 0.027929345589011778 0.005127882376903701
380 0.005127882376903701 0.0024901879365571075
389 0.0024901879365571075 0.0018465967956146849
390 0.0024901879365571075 0.0005571928687407931
399 0.0005571928687407931 0.0005533122552630917
449 0.0005533122552630917 0.0003743564485610088
499 0.0003743564485610088 0.00030817694424758275
588 0.00030817694424758275 2.5929498517839428e-05
600 2.5929498517839428e-05 1.5245007717924499e-05

12 24.848379308042343 0.4631161606324108
13 24.848379308042343 22.79266301180378
14 24.848379308042343 0.6403786760114488
15 24.848379308042343 18.122410690585006
16 24.848379308042343 20.222693229572208
18 24.848379308042343 1.2856039959986196
19 24.848379308042343 0.3005273360131129
48 0.24848746647133085 0.23059442376280354
59 0.14232913353236382 0.1224558717688899
69 0.1224558717688899 0.1024073682110892
79 0.1024073682110892 0.03488752717861998
89 0.022003555470723253 0.011625949472231533
187 0.0008649515851572226 0.0004720884497553866
188 0.0008649515851572226 0.0005517573320023972
319 0.0004720884497553866 0.0003701316001231169
538 0.00016023836277666097 8.396417011962158e-05
571 8.396417011962158e-05 7.816222150140037e-05

12 23.930443292852615 18.083013889002608
13 23.930443292852615 16.97108078869924
14 23.930443292852615 6.227233288959221
16 23.930443292852615 2.560648756547556
17 23.930443292852615 2.2584400770642303
18 23.930443292852615 5.689086925556438
19 23.930443292852615 1.6389342312851285
59 1.2425557926509823 0.976832503278613
69 0.976832503278613 0.9729610283181794
149 0.132033330192626 0.06313185363307437
169 0.036996238452524095 0.014443265923200117
179 0.014443265923200117 0.013232531613404678
188 0.013232531613404678 0.008651172560850984
189 0.013232531613404678 0.004233342604921482
209 0.004233342604921482 0.0015558974818762634
299 0.0005706242496538856 0.00023370773997002413

11 35.564001817537815 22.845159666987787
12 35.564001817537815 0.1378487187527943
13 35.564001817537815 32.44173112444274
14 35.564001817537815 8.79307989293083
15 35.564001817537815 21.34733372448128
16 35.564001817537815 26.296269400035207
17 35.564001817537815 16.453416936168058
18 35.564001817537815 27.089785739721606
19 35.564001817537815 1.8395448614444299
59 0.16368216334729602 0.14649314715384085
69 0.14649314715384085 0.05418192043917861
99 0.02340780543390277 0.019225436666526274
119 0.019225436666526274 0.003745269609963931
319 0.0012409499927665804 0.0008162489624547419
320 0.0012409499927665804 0.0005899930713290404
370 0.00024679784843459633 0.0001272289703300005
371 0.00024679784843459633 0.00010258466074630048
391 0.00010258466074630048 7.552428277374197e-05

16 10.525577052006428 5.498933826398888
17 10.525577052006428 2.373359900664184
19 10.525577052006428 8.848595745719528
220 0.7764343371724038 0.7581142281607459
230 0.6657742254524941 0.665550548227165
240 0.665550548227165 0.6652650955497007
250 0.6652650955497007 0.5256780576572234
289 0.42285868522894654 0.4089810398548285
300 0.30725657783853894 0.23215912583742576
309 0.23215912583742576 0.17838457891934845
310 0.23215912583742576 0.15690547568011967
319 0.15690547568011967 0.07757998506998685
320 0.15690547568011967 0.08052344164829552
330 0.07757998506998685 0.04877307062795529
340 0.04877307062795529 0.02300608914230923
368 0.017469417778201053 0.003953824259925176
370 0.017469417778201053 0.009195752773629882
379 0.003953824259925176 0.002435505911484512
388 0.002435505911484512 0.0011786496268620977
389 0.002435505911484512 0.0008361307289607088
429 0.0008361307289607088 0.0002502271001260678
490 0.0002502271001260678 7.366491802542359e-05
530 7.366491802542359e-05 2.0522327613856167e-05

18 3.4271137217791345 0.23373753744496828
180 0.01106300179983126 0.0034232156796482694
230 0.0034232156796482694 0.003003692962034181
279 0.0025313479062949768 0.0013731851063692622
300 0.0013731851063692622 0.0010193259739036669
438 0.00037963272723177824 0.00029086686820910083
468 0.00029086686820910083 8.821040869866268e-05
471 0.00029086686820910083 4.008202237806431e-05
475 4.008202237806431e-05 1.6675580352498736e-05

11 34.09325607134591 26.818107139340448
13 34.09325607134591 18.001767677059483
14 34.09325607134591 29.510162904835884
15 34.09325607134591 13.125038770880513
16 34.09325607134591 10.819192633802622
17 34.09325607134591 12.246699318649382
18 34.09325607134591 5.352877703777473
48 4.66079190719085 4.545603601110694
69 4.545603601110694 4.121052838037868
79 4.121052838037868 3.913411738266597
109 3.913411738266597 3.86573496697037
198 1.6367045800698672 1.4576625665266287
199 1.6367045800698672 1.477550737989342
208 1.4576625665266287 1.4549997847512741
218 1.4549997847512741 1.1291623962539852
219 1.4549997847512741 1.2373279201349965
229 1.1291623962539852 1.1056552903746029
259 0.6999451991052056 0.6956474258077765
268 0.6956474258077765 0.4649086593084524
289 0.4649086593084524 0.3621101351212253
308 0.3621101351212253 0.2770473532067469
318 0.2770473532067469 0.19864053883126956
319 0.2770473532067469 0.22695861525843095
328 0.19864053883126956 0.19213105984139572
329 0.19864053883126956 0.18230001673362223
339 0.16087010947891134 0.1598036523188512
369 0.05658137610138133 0.05031220209435078
377 0.05031220209435078 0.02919539477741942
399 0.02919539477741942 0.027658809646896702
417 0.0053092120255127774 0.002803286910952021
419 0.0053092120255127774 0.002658569082518515
427 0.002658569082518515 0.002344024054290383
436 0.002344024054290383 5.869689815282407e-05
597 5.869689815282407e-05 4.2367299824705356e-05

11 4.944377774195463 4.3445516592270765
13 4.944377774195463 2.8792395100193415
59 2.8792395100193415 2.8113342910312547
79 2.509695595209745 2.138311808774248
89 2.138311808774248 2.1110172233448505
99 1.893632292133581 1.8122514852956217
108 1.8122514852956217 1.6488959749317482
109 1.8122514852956217 1.5890320934974362
119 1.5890320934974362 1.342862357806769
128 1.342862357806769 1.3101871727580678
129 1.342862357806769 1.2841562403758302
138 1.2526369821950878 1.1210151394563443
139 1.2526369821950878 1.2259001064536712
149 1.090111946193911 0.9100639060973738
159 0.8436716159051871 0.6230382212605792
179 0.6230382212605792 0.5670169098126837
209 0.3847037455820101 0.2818674380387611
219 0.2818674380387611 0.25696241248932583
229 0.25696241248932583 0.20558965202963111
239 0.20558965202963111 0.17091700581814756
248 0.17091700581814756 0.1583045787335405
259 0.09107930469012582 0.08910148684345753
268 0.08910148684345753 0.07661333525714711
289 0.07661333525714711 0.046494873438356135
298 0.046494873438356135 0.023166222278501142
299 0.046494873438356135 0.022010858845630893
309 0.022010858845630893 0.006370854764809053
349 0.0016578545307867575 0.0006529896628287734
369 0.0006529896628287734 0.000630109975864099
406 0.000630109975864099 0.0004865278768475907
419 0.0004865278768475907 7.683386089405178e-05
687 6.376626475753427e-05 1.1806517032311803e-06
1130 1.128967550825372e-06 9.239857187044344e-07

11 9.829314900017902 0.33353674840481484
13 9.829314900017902 6.771088433157973
14 9.829314900017902 2.471995411271397
15 9.829314900017902 4.193655749398548
18 9.829314900017902 5.0152483399752885
209 0.06743595976067765 0.04310242867269391
210 0.06743595976067765 0.031000622205539972
219 0.031000622205539972 0.016088042307450926
229 0.016088042307450926 0.010332968282723995
230 0.016088042307450926 0.00909776507152805
238 0.00909776507152805 0.004909399369875049
239 0.00909776507152805 0.005578624003380286
249 0.004909399369875049 0.0025069601478993875
260 0.0025069601478993875 0.000749398328891775
287 0.000749398328891775 0.00014524955026065547
446 0.00014524955026065547 8.6072568679925e-05
521 8.6072568679925e-05 5.090816188674635e-05
662 5.090816188674635e-05 1.980879213972849e-05
833 1.980879213972849e-05 5.12725151502516e-06

13 20.7581470664719 15.83611473021096
14 20.7581470664719 2.502908290498402
17 20.7581470664719 14.239087852423976
18 20.7581470664719 7.710453276470313
19 20.7581470664719 3.548086889936943
150 1.3445607831967263 1.027165255106289
190 0.7887169019264837 0.7439486450239279
200 0.5825297335313949 0.5115031987812692
220 0.5086807263044945 0.5080898909493161
250 0.3655888955770968 0.35835194534338394
260 0.3032651601700977 0.20078527144298783
270 0.19194679063934522 0.17130803171829284
280 0.10395876021456288 0.08049325522991078
320 0.060346806673990484 0.05298910342550843
330 0.041070023534785643 0.015198454982251931
340 0.015198454982251931 0.003251290903690999
369 0.003251290903690999 0.000504991280166787
370 0.003251290903690999 0.0025113036025743757
457 0.000504991280166787 0.00042664612207073675
460 0.000504991280166787 0.000403517785556988
467 0.000403517785556988 7.1757946311760826e-06

11 41.30321126576909 4.153711350299934
12 41.30321126576909 17.888361532604993
13 41.30321126576909 24.39214676049867
14 41.30321126576909 27.309455630822193
15 41.30321126576909 19.541676365642832
16 41.30321126576909 14.108417467187213
17 41.30321126576909 19.835910830483662
18 41.30321126576909 17.77326132911761
19 41.30321126576909 8.639460423884799
129 3.446595850484561 3.1621343623260953
140 2.863087771373153 2.608396690759421
351 0.3158334906535721 0.1595365694850829
379 0.10125037306439208 0.07549905914531162
380 0.10125037306439208 0.10122033184382916
381 0.10125037306439208 0.02846335336776919
391 0.019767787252865297 0.01484349084127427
409 0.01484349084127427 0.009192747148703925
410 0.01484349084127427 0.005745828903784273
411 0.01484349084127427 0.0042060262425619
419 0.0042060262425619 0.0023577807704849296
420 0.0042060262425619 0.003403832150724255
421 0.0042060262425619 0.0032548815811110055
440 0.0023577807704849296 0.0013198712484435223
450 0.0013198712484435223 0.00023548285687331494
457 0.00023548285687331494 4.667368447674832e-05
622 4.667368447674832e-05 4.072401332023302e-05
940 4.072401332023302e-05 3.087802044847214e-05
994 3.087802044847214e-05 2.8137045372544926e-05

11 45.605818738427985 1.5441708745026599
12 45.605818738427985 18.54088720113053
14 45.605818738427985 13.31481594484148
15 45.605818738427985 18.473663234490093
16 45.605818738427985 12.374954076316293
17 45.605818738427985 26.795015108339097
18 45.605818738427985 5.041272326088299
19 45.605818738427985 22.63308186856025
180 0.6804222206814065 0.6489735881798768
210 0.6489735881798768 0.5315987365864796
220 0.46959197785263634 0.33658549519790143
230 0.3242344882398442 0.19241864140171272
240 0.16823414708976875 0.10187229265737804
260 0.10187229265737804 0.03239639633957543
270 0.025682316336352883 0.007018634563828403
300 0.007018634563828403 0.0002422353934307881
369 0.0002422353934307881 0.0001331210311714936
464 0.0001331210311714936 7.003184572646447e-05
530 7.003184572646447e-05 3.95686207582149e-05

11 20.291170249583526 5.209699703790183
12 20.291170249583526 12.254004726787414
13 20.291170249583526 0.5617639399003175
14 20.291170249583526 4.622719565700004
16 20.291170249583526 5.806319810724849
17 20.291170249583526 4.725973087664393
19 20.291170249583526 12.927750442040443
160 0.14602956043521542 0.09819079109028177
199 0.027120363029061435 0.00731137039650424
220 0.00731137039650424 0.006851101776887102
240 0.0043499718795636634 0.0003829257396799967
248 0.0003829257396799967 7.504608360117951e-05
250 0.0003829257396799967 0.00017117342367176615
391 7.504608360117951e-05 6.330990425968795e-05
489 6.330990425968795e-05 5.078618499315387e-05
597 5.078618499315387e-05 1.2995903053934644e-05

509 0.00030980105804929124 2.5247112989589734e-08

11 27.25521030496262 26.276544389179175
12 27.25521030496262 22.79995564431748
13 27.25521030496262 20.36606697223242
14 27.25521030496262 19.664660318970554
17 27.25521030496262 15.061054768733282
18 27.25521030496262 21.277409394986208
19 27.25521030496262 16.477438926528983
39 15.061054768733282 14.30851638708058
49 14.30851638708058 14.141606993782005
59 14.141606993782005 13.476755550512165
69 13.476755550512165 13.369591246455814
79 13.369591246455814 12.72467019618582
109 11.74613823617229 11.561466797511775
119 11.468027980093503 11.112287085123207
129 11.112287085123207 10.763741117988522
139 9.98237511107298 9.970032595456493
149 9.970032595456493 9.41194160095911
179 8.426098333930303 8.079245273256044
189 8.079245273256044 7.400100654462677
199 7.400100654462677 7.289633380488377
219 6.958315231357353 6.3793880618818894
229 6.3793880618818894 6.051138506942281
239 6.051138506942281 5.933078141926985
249 5.933078141926985 5.76885473965224
259 5.649411070618123 5.140869490033742
269 5.022755752922947 4.798728863715684
359 2.954156862029587 2.892388870829218
367 2.892388870829218 2.802845547779489
368 2.892388870829218 2.5398620859146055
369 2.892388870829218 2.821395252042294
378 2.5398620859146055 2.529535638969452
379 2.5398620859146055 2.502078914212254
388 2.1689645407511247 2.012074863897038
389 2.1689645407511247 2.105057579958775
439 1.423700279442323 1.2725919850673286
449 1.2725919850673286 1.1181899432826437
459 1.0648977787360956 0.9544236104036351
468 0.9544236104036351 0.8693085191062851
477 0.8263562145854688 0.7482450758767503
478 0.8263562145854688 0.7212921138750359
488 0.7212921138750359 0.6774071826010699
489 0.7212921138750359 0.5666253208039552
499 0.49656073170684867 0.4023894034741349
519 0.38965498384319974 0.36827460556492764
528 0.36827460556492764 0.36674549594611516
529 0.36827460556492764 0.26911580537602586
536 0.26911580537602586 0.2541157497253947
537 0.26911580537602586 0.2138561221113537
557 0.16350470411084725 0.1422643240712139
558 0.16350470411084725 0.15567255621198953
564 0.1422643240712139 0.07234145549480883
565 0.1422643240712139 0.11270930912290601
568 0.1422643240712139 0.08781741002691758
569 0.1422643240712139 0.11130025474677968
578 0.07234145549480883 0.061228561170071125
587 0.061228561170071125 0.025438924294830408
599 0.020991566934492042 0.009789403918765309
606 0.009789403918765309 0.005145791197579768
607 0.009789403918765309 0.0008581868915077471
612 0.0008581868915077471 0.00021525103625838048
682 0.00021525103625838048 0.00010078430733381202
705 0.00010078430733381202 1.1883117995217094e-05

13 19.938956630715428 15.88449878337978
14 19.938956630715428 6.597248956552902
15 19.938956630715428 16.569277074360407
17 19.938956630715428 7.542649683237056
109 4.9791318857504026 4.943638648002463
119 4.749608028396118 4.491113456289728
129 4.491113456289728 4.017472219567639
139 4.017472219567639 3.9508479173166795
159 3.7262312988759323 3.598929503810133
179 3.2875219368567943 3.2257353771921196
189 3.2257353771921196 2.7581317299668893
219 2.449534189216018 2.137940779273601
239 2.137940779273601 2.0297793508893207
249 2.0297793508893207 1.6117290754759175
259 1.6117290754759175 1.6019616112194555
288 1.3017858929100652 1.2838371731737315
309 0.9968852852583283 0.9760884513604402
329 0.6593154283453365 0.6093285606260583
339 0.6093285606260583 0.47080428701065385
349 0.39630647806118324 0.35035762813027993
369 0.35035762813027993 0.23226867518025313
379 0.17916973438115188 0.09942239031801926
389 0.09942239031801926 0.06505039317670709
399 0.04934404479603102 0.037427196802977965
409 0.037427196802977965 0.035612490342186894
428 0.014747122878132134 0.008452286634087591
439 0.00725881477730089 0.0013489254801945327
535 0.000493337161296168 0.00038090255645105957
553 0.00038090255645105957 6.652280129601776e-05

11 26.45699722058609 19.376885287687255
12 26.45699722058609 13.082520255541493
13 26.45699722058609 21.035341308097
14 26.45699722058609 21.09834785198312
15 26.45699722058609 11.22972654057967
16 26.45699722058609 11.607295572250589
17 26.45699722058609 3.8461881248368446
18 26.45699722058609 1.683678872654781
19 26.45699722058609 2.4968448459609833
99 1.3360181086853204 1.2506774977710462
129 1.1713545966674248 1.0433160276457905
148 1.0433160276457905 1.0382074341889838
169 0.8857805917130468 0.8589773891146602
208 0.6179775102061226 0.57455005256503
209 0.6179775102061226 0.604847246555638
219 0.5500102323583229 0.5014241151633642
229 0.5014241151633642 0.4189168275446358
249 0.4189168275446358 0.34075982171448077
258 0.34075982171448077 0.3066372869148035
289 0.27215305928733985 0.21832632120569195
299 0.21832632120569195 0.1329154360904924
329 0.1329154360904924 0.05667827040279093
339 0.05667827040279093 0.0314510722070067
349 0.0314510722070067 0.027720845804155188
359 0.016265206484253166 0.003703005725805378
368 0.003703005725805378 0.002444808447786646
427 0.0011309895082803427 0.0006370879997878799
445 0.0006370879997878799 0.0002762418440578509
496 0.0002762418440578509 3.8979026466610256e-05
603 3.8979026466610256e-05 1.2527258612987724e-06

11 25.4834986092119 22.015394342594984
12 25.4834986092119 13.21779539474916
14 25.4834986092119 4.0592295025835625
15 25.4834986092119 5.099937152241501
16 25.4834986092119 2.943359290624486
17 25.4834986092119 22.548568868059625
18 25.4834986092119 13.514157620155315
19 25.4834986092119 17.021211978390035
49 2.943359290624486 2.8548099543473278
59 2.8548099543473278 2.7321012696220466
69 2.7321012696220466 2.645536642994812
79 2.444080267448677 2.398590455345007
99 1.7155714688739345 1.7027228551650295
109 1.7027228551650295 1.3291105435766504
129 1.1623460521150384 1.1051149566987473
139 1.1051149566987473 0.9910260270704332
149 0.9910260270704332 0.9325894779146547
159 0.9325894779146547 0.8349001510543367
169 0.8349001510543367 0.6776851910607399
189 0.6776851910607399 0.4807010567170885
199 0.4807010567170885 0.315405767445075
209 0.315405767445075 0.2748568415343294
229 0.14787505734725082 0.12105351354299214
239 0.10465163942665268 0.09353584008246374
254 0.08616689785931768 0.03055003075681178
269 0.02383088729035534 0.006603771444739174
287 0.006603771444739174 0.00274930460595373
298 0.00274930460595373 0.0014061186962438382
299 0.00274930460595373 0.0023590272723699986
317 0.0014061186962438382 0.0009237551024037999
369 0.0009237551024037999 2.4349814769078022e-05
564 2.4349814769078022e-05 1.216392563598609e-05

11 25.440885219654646 5.311656661362388
14 25.440885219654646 15.360888560357905
17 25.440885219654646 11.664118828629547
18 25.440885219654646 8.772186177348395
19 25.440885219654646 14.989934435556627
140 3.716107943055636 3.6395466960086527
150 3.4172334058714093 3.1636641488522383
160 3.1636641488522383 2.9773796373376085
170 2.9773796373376085 2.7846293142425975
180 2.7846293142425975 2.5420157506095475
190 2.5420157506095475 2.2284783557676087
200 2.2284783557676087 1.839571421049957
210 1.7218464152599806 1.5271084357895741
220 1.5271084357895741 1.3264733147826666
230 1.3264733147826666 0.9387135547686292
280 0.6344078316454547 0.4645681539615933
299 0.4645681539615933 0.39240155505892327
300 0.4645681539615933 0.3869048327624076
309 0.3869048327624076 0.37235663498652233
318 0.37235663498652233 0.3375715754173298
320 0.37235663498652233 0.25904703871078305
330 0.25904703871078305 0.2500301689479183
340 0.1877176743249141 0.1205533928936779
350 0.1205533928936779 0.09472611586748714
360 0.09449715894966668 0.03322738262022076
370 0.017675475228102398 0.015907939168092994
378 0.015907939168092994 0.006128317945379385
379 0.015907939168092994 0.009265352027568194
380 0.015907939168092994 0.011004734255769772
389 0.006128317945379385 0.0006964816604005131
390 0.006128317945379385 0.0009995979976590616
519 0.0006964816604005131 0.00011878108649845685
609 0.00011878108649845685 7.879937098520672e-05
736 4.150338614390913e-06 1.416425351244692e-06

11 25.315173574619294 19.29370149905592
13 25.315173574619294 2.2480356756640347
14 25.315173574619294 10.095516374907959
15 25.315173574619294 24.127172959254562
16 25.315173574619294 7.061258611812196
17 25.315173574619294 2.8657025505425926
18 25.315173574619294 12.110017083398677
19 25.315173574619294 9.717235486280687
39 2.2480356756640347 2.069740715202111
49 2.069740715202111 1.8778993100500314
59 1.8778993100500314 1.6804894037987805
69 1.6804894037987805 1.4897382700308819
89 1.4897382700308819 1.0747571262302287
99 1.0747571262302287 1.0425378007430843
109 1.0417257848188424 0.6903839733179681
169 0.2593528065762064 0.18709532783436258
179 0.18709532783436258 0.1196036461716484
189 0.08261114013079893 0.05135500848226583
228 0.008604115446212056 0.007561696293638872
229 0.008604115446212056 0.0016623756623368976
258 0.0016623756623368976 0.0006719130879341583
259 0.0016623756623368976 0.001197845940702041
279 0.0006719130879341583 0.00028316330083291545

11 9.776664212367637 4.471879405850069
12 9.776664212367637 0.7212758950101874
13 9.776664212367637 0.7755566446909798
14 9.776664212367637 9.134816643966992
17 9.776664212367637 2.777845772948371
18 9.776664212367637 0.8768917499242319
29 0.7212758950101874 0.6490414694459175
69 0.3892315621259445 0.34106446377192134
99 0.12437368512320737 0.09034959704558086
109 0.09034959704558086 0.07619318260040255
119 0.05160063817841081 0.043876826350739334
128 0.043876826350739334 0.040369758822982084
129 0.043876826350739334 0.017140698490764827
149 0.011012854185181858 0.00411821525335716
158 0.00411821525335716 0.0022306198114871263
159 0.00411821525335716 0.0021192560104622182
269 0.0010110031803395856 0.0009419494372184162
320 0.0009419494372184162 0.00025383172489289185
395 0.00025383172489289185 7.437168216373568e-05
410 7.437168216373568e-05 6.507465685358242e-05

11 21.936887362518917 12.933832054801616
13 21.936887362518917 19.831787682446944
14 21.936887362518917 21.406481229524314
15 21.936887362518917 0.5503494688293827
16 21.936887362518917 18.719831606117328
17 21.936887362518917 3.6595824208791408
190 0.00878978432670079 0.00730612037973388
341 0.0014365623009403292 0.0007550429600529847
451 0.0007550429600529847 0.00017549863344622918
802 6.421822799163225e-05 2.0876152213476115e-05
852 2.0876152213476115e-05 1.92697296899123e-05

11 8.377125210964808 0.6752040205592189
13 8.377125210964808 5.5676085891692075
14 8.377125210964808 2.7654753586222767
18 8.377125210964808 6.467063276081949
239 0.0036568391286588143 0.0003084992789762368
289 0.0003084992789762368 0.00017450609502406403
299 0.00017450609502406403 1.9577679769580285e-05

13 9.142292707575606 7.376496275854241
18 9.142292707575606 3.9122696292436276
160 2.3184508364798617 2.10524087251864
180 1.8582481735087797 1.5365153043280215
200 1.5365153043280215 1.4963053255332972
280 0.4514078439848651 0.42017365760954706
290 0.42017365760954706 0.37410974953653464
299 0.37410974953653464 0.3362432700203174
300 0.37410974953653464 0.3554703393279734
309 0.3362432700203174 0.20395202316749333
310 0.3362432700203174 0.19349733022539956
319 0.19349733022539956 0.1601296940800486
320 0.19349733022539956 0.1553273537067548
329 0.08679964171329344 0.07463715261999694
340 0.047084615943621504 0.042180140227240565
348 0.042180140227240565 0.04042477814181651
350 0.042180140227240565 0.011520125520144493
370 0.01083487272663253 0.010220964054635037
380 0.0024980320405408006 0.0016659187749126256
390 0.0016659187749126256 0.0012726458596197768
465 0.0012726458596197768 0.0008281472411830916
478 0.0008281472411830916 9.637520223930766e-06
684 9.637520223930766e-06 7.822867395562912e-06
778 7.822867395562912e-06 6.456330535613693e-06

11 13.88707445869396 11.813832732161817
14 13.88707445869396 1.3602858083263878
16 13.88707445869396 12.763298774235166
19 13.88707445869396 11.236107011294362
341 0.011722361731359394 0.000671820837763875
398 0.000671820837763875 0.0003733358475433055
426 0.0003733358475433055 0.0002975029078468431
451 0.0002975029078468431 1.62782854313297e-05

13 24.843222378614524 6.6438232118621885
15 24.843222378614524 9.964365217302616
16 24.843222378614524 12.877419262656174
17 24.843222378614524 1.3058227655267411
18 24.843222378614524 18.949536014424503
19 24.843222378614524 10.77996319862071
519 0.000474816936770997 0.00029921926275260254
561 0.00029921926275260254 0.00012547571375177936
623 0.00012547571375177936 3.746544318625208e-05

11 39.91370554274093 16.001392132431306
12 39.91370554274093 19.227249095108803
13 39.91370554274093 15.680669224404761
14 39.91370554274093 12.004924501434159
15 39.91370554274093 22.483585403245705
16 39.91370554274093 4.731757472595508
17 39.91370554274093 12.233990622919393
18 39.91370554274093 11.484682417460645
19 39.91370554274093 23.34380481533809
251 1.547703368678969 1.4344067041851134
260 1.194389625541346 1.1690140898170418
261 1.194389625541346 0.9298760541639645
291 0.542968908743707 0.3623579633791492
320 0.3623579633791492 0.34155651158870004
321 0.3623579633791492 0.2515330651559485
330 0.2515330651559485 0.18475930434374563
341 0.18475930434374563 0.16449134798525764
351 0.11724476935430653 0.07542333149930117
371 0.06489701356167657 0.0349924308937714
409 0.0019249943149523235 0.0014913156162158897
426 0.0014913156162158897 0.0007014674312311815
430 0.0014913156162158897 0.00038528616848368673
451 0.00038528616848368673 1.9864353712484857e-05
591 1.9864353712484857e-05 1.1216930860064019e-05

11 27.455618762257217 5.301993732494526
12 27.455618762257217 26.105554524076744
13 27.455618762257217 1.7236210943345147
14 27.455618762257217 1.7306597099615468
18 27.455618762257217 20.75661105901256
19 27.455618762257217 13.963392084652213
39 1.7236210943345147 1.5798216917217631
69 1.335285674498881 1.2167602545417326
79 1.1353127875696698 1.000793893747419
89 1.000793893747419 0.9154487302709544
109 0.9154487302709544 0.8334211622520505
119 0.8334211622520505 0.7717648988630806
129 0.7717648988630806 0.5707632395001087
169 0.33997784401919173 0.3285448496560141
209 0.07571999999881326 0.06540092138109375
239 0.015157782903305873 0.0055206522886490205
635 0.0001767758032385191 7.317623852202271e-05
773 7.317623852202271e-05 5.916588951270599e-05
787 5.916588951270599e-05 5.283573070724977e-05
823 5.283573070724977e-05 1.198182902086508e-05

11 47.9512918081717 0.21534074535998862
12 47.9512918081717 1.5144344097156586
13 47.9512918081717 23.253368029535345
14 47.9512918081717 7.860349855612601
15 47.9512918081717 19.955340301785593
16 47.9512918081717 5.934482544942917
17 47.9512918081717 17.541500420615375
18 47.9512918081717 17.774680098703637
19 47.9512918081717 4.514014066354671
76 0.21534074535998862 0.2138923669811591
99 0.13898641233261783 0.07202755061696103
119 0.07202755061696103 0.03842061409769225
129 0.03842061409769225 0.03738702935985099
158 0.004865349604716617 0.0019316025234886315
168 0.0019316025234886315 0.0019301864660703394
188 0.0019301864660703394 0.0013953982666094938
198 0.0013953982666094938 0.0012824193431521173
257 0.0012824193431521173 0.0010437264382616475
267 0.0010437264382616475 0.0005312730642322159
317 0.0005312730642322159 9.608716460842166e-05
378 9.608716460842166e-05 7.797418290426413e-05

241 0.0025470460932427406 4.8166251160876194e-05
410 4.8166251160876194e-05 1.7320840182145035e-05

11 19.958360526341224 13.10214472600245
12 19.958360526341224 18.601154621479363
14 19.958360526341224 14.384930001602399
16 19.958360526341224 16.2153850804126
17 19.958360526341224 10.107700984964431
18 19.958360526341224 17.79256674672508
19 19.958360526341224 8.008433038158682
129 5.995986406292035 5.920975508289009
139 5.920975508289009 5.9157332948297965
241 3.038413359874589 0.3675467261843966
242 3.038413359874589 0.3189588772413286
449 0.003255900940674594 0.0023282497537525774
457 0.0023282497537525774 0.0022825258552333135
471 0.0022825258552333135 0.0019442435779184644
479 0.0019442435779184644 0.0006262802856541029
480 0.0019442435779184644 0.0009218281307734072
519 0.0006262802856541029 2.2704874485906626e-05

11 34.85612828376603 24.013507765786102
13 34.85612828376603 28.63418914622585
14 34.85612828376603 10.65797231018195
15 34.85612828376603 6.423658934796416
16 34.85612828376603 1.1706909016357312
17 34.85612828376603 12.20888373539219
18 34.85612828376603 16.24460990615149
19 34.85612828376603 6.636156290392451
230 0.3231087358273401 0.3019046984547845
261 0.10507376071324179 0.073293072426568
271 0.073293072426568 0.020432454774147416
291 0.020432454774147416 0.0030340885200193716
301 0.0030340885200193716 0.0006263760345894549
348 0.0006263760345894549 0.0003616095271375715
512 0.00020428173476873455 0.00016393461323492586
559 0.00016393461323492586 0.00013465802229521156
798 0.00013400441154110066 0.00010347125847483659
925 0.00010347125847483659 3.3958966513633005e-05

120 0.5053772641298004 0.4738086292785604
171 0.08396417429139558 0.0589933457960785
181 0.0589933457960785 0.04617419829437834
191 0.012246961849579859 0.0022208270078093784
260 0.000644939235411416 0.0005833366060461868
261 0.000644939235411416 0.00029037304147708605
281 0.00029037304147708605 4.245899589220961e-05

11 35.65553202845929 30.76400682459576
12 35.65553202845929 14.230349927845866
14 35.65553202845929 2.0352648954647186
15 35.65553202845929 21.585936776340997
16 35.65553202845929 31.086229028414927
17 35.65553202845929 28.8987549018347
18 35.65553202845929 1.1063073422302492
19 35.65553202845929 15.331197427362014
150 0.6765622055045337 0.6439519616607581
170 0.578364616674794 0.44427939271541467
190 0.3118390682662294 0.28461522662089683
210 0.28461522662089683 0.23707086932878393
240 0.11473912064635736 0.058309696672247543
280 0.058309696672247543 0.031137450769768205
300 0.031137450769768205 0.023404529671962545
330 0.020497359530213987 0.009307953420109552
350 0.005782485560025526 0.0024037843162038274
359 0.0024037843162038274 0.0007276697850105166
398 0.0007276697850105166 0.00021199673711995863
782 2.9495665174913263e-05 1.0590101735376073e-05
863 1.0590101735376073e-05 9.428516805495978e-06

12 16.775368882237764 11.09243321902038
13 16.775368882237764 8.359674662325636
14 16.775368882237764 3.674270006240793
16 16.775368882237764 7.823417012074919
18 16.775368882237764 15.496068923861786
160 2.0513221404055484 1.7779211232265169
170 1.7779211232265169 1.6693748414684026
180 1.6693748414684026 1.2886952284370383
190 1.2806265323938808 1.2485111073185358
210 1.2485111073185358 1.0436201792679596
220 1.0436201792679596 0.909610404724867
240 0.8022522781114675 0.6890966269472085
250 0.6651997234498627 0.507268275610752
260 0.4675771856426842 0.39049231383692684
270 0.39049231383692684 0.3229637497999223
360 0.04059057006473321 0.030276794084699202
398 0.00173260289098591 0.0011468236973724685
401 0.00173260289098591 3.182240642696395e-05
408 3.182240642696395e-05 1.6013841715327047e-05

11 33.960928862178996 11.708319475539012
12 33.960928862178996 18.170298972679575
13 33.960928862178996 4.2268953757744505
14 33.960928862178996 17.59652453326315
16 33.960928862178996 29.063463904442816
17 33.960928862178996 11.825609906250271
18 33.960928862178996 17.54579884637901
19 33.960928862178996 11.6840542917185
230 1.2306462038764507 1.0606673110664646
250 1.0606673110664646 0.9700213006142633
260 0.9120321971382267 0.9084365140066775
270 0.9084365140066775 0.8256424321416148
279 0.8256424321416148 0.7547448203676936
280 0.8256424321416148 0.7751015269195539
289 0.7547448203676936 0.6135789935915624
290 0.7547448203676936 0.7375578540871228
328 0.5455235475456576 0.42602680604990156
329 0.5455235475456576 0.4404839681661452
330 0.5455235475456576 0.5239077188062714
338 0.42602680604990156 0.27871571538369755
339 0.42602680604990156 0.3580924797696676
340 0.42602680604990156 0.2486741032844739
349 0.2486741032844739 0.23464185080701447
358 0.23464185080701447 0.1533485116378441
360 0.23464185080701447 0.23351195132278693
370 0.11290580565286652 0.08958416386157386
378 0.08958416386157386 0.055420543517924234
379 0.08958416386157386 0.05443576083897213
380 0.08958416386157386 0.040748177306318446
388 0.040748177306318446 0.008570161157945426
389 0.040748177306318446 0.033879030398606375
390 0.040748177306318446 0.0268334528456061
410 0.0037861656449886725 0.003246817751456409
439 0.003246817751456409 0.0012130343599653813
446 0.0012130343599653813 0.0011223716417503023
448 0.0012130343599653813 0.00010639267819292522
479 0.00010639267819292522 4.571507205415358e-05
839 4.259111204135704e-05 1.0583892958869586e-05
984 1.0583892958869586e-05 2.639888318248219e-06

11 41.127721377302464 18.735790547616393
12 41.127721377302464 39.76489932405278
13 41.127721377302464 28.226044617566608
14 41.127721377302464 15.86076878647938
15 41.127721377302464 6.99091841496403
16 41.127721377302464 31.702380342923526
17 41.127721377302464 25.164887742766346
18 41.127721377302464 12.547694659970741
19 41.127721377302464 9.360664791861543
210 3.805332327047791 3.2361590389462442
289 2.605633589697383 2.589972076388304
300 2.589972076388304 2.3506860420425406
310 2.1398528111921893 1.9750592522034123
319 1.9750592522034123 1.7178114091081964
330 1.7178114091081964 1.4886905296808728
340 1.3303130742596911 1.3254336539694942
350 1.3254336539694942 0.9495527430965848
360 0.9495527430965848 0.9389804037280626
368 0.9389804037280626 0.8864591011665353
370 0.9389804037280626 0.7359389116215721
420 0.3430704997607885 0.21988310885870463
430 0.21988310885870463 0.15027774335938604
460 0.09376321758557495 0.06790506124793065
469 0.06790506124793065 0.024465421239829217
470 0.06790506124793065 0.06620894157638796
478 0.024465421239829217 0.01851698285743112
480 0.024465421239829217 0.0009079939787750848
515 0.0009079939787750848 0.0008856012137718755
539 0.0008856012137718755 0.00047191849623771237
583 0.00047191849623771237 0.0003319916481168366
726 0.0003319916481168366 1.4539103078814208e-05
818 1.4539103078814208e-05 8.301981331012703e-06

12 24.260336433015084 3.560729558827603
13 24.260336433015084 4.367179580448649
14 24.260336433015084 14.910818247877694
15 24.260336433015084 16.6009406979998
16 24.260336433015084 23.456230903464494
19 24.260336433015084 14.175827825838383
150 2.671300825713776 2.41850457408596
190 2.004008756932972 1.9484121861605923
220 1.8535718046233045 1.7356850273177544
230 1.7356850273177544 1.6709688107933263
240 1.6709688107933263 1.3483241651416111
280 1.1492774965447454 0.9834615455817588
290 0.9834615455817588 0.8321247289053575
300 0.8321247289053575 0.7470900849585382
310 0.7470900849585382 0.648230245537128
320 0.648230245537128 0.579546454514348
330 0.579546454514348 0.5493313464045588
339 0.5493313464045588 0.5159963003300929
349 0.5159963003300929 0.45737037545457687
350 0.5159963003300929 0.49395279653713836
360 0.28596452882440837 0.28276049467774284
379 0.2780840976077467 0.24981215368180834
380 0.2780840976077467 0.22536188750408648
390 0.16261854532508657 0.1525576348752453
437 0.02411625121115266 0.023778109337102886
439 0.02411625121115266 0.007002094256741186
440 0.02411625121115266 0.008641197666018998
447 0.007002094256741186 0.0038350573235033576
458 0.0038350573235033576 0.0013656839880455739
459 0.0038350573235033576 0.0012843922755735781
467 0.0012843922755735781 0.0007592161251607902
470 0.0012843922755735781 0.0011415174351653626
497 0.0007592161251607902 0.0005422630450588789
585 0.0005422630450588789 0.00038533139437880765
589 0.0005422630450588789 2.2304970433458233e-05

12 25.73209333026163 14.869398266664696
14 25.73209333026163 6.938616204498425
15 25.73209333026163 18.49679952665224
16 25.73209333026163 2.833876885924183
17 25.73209333026163 22.398789910186608
18 25.73209333026163 13.833174989921748
19 25.73209333026163 25.462401173760803
280 0.291011242163178 0.21662495019994327
289 0.21662495019994327 0.19142017246299825
290 0.21662495019994327 0.18673702811604898
291 0.21662495019994327 0.17405710005629427
299 0.17405710005629427 0.1679259119418659
300 0.17405710005629427 0.07018658728643401
311 0.07018658728643401 0.06761042474455234
320 0.06761042474455234 0.011301910325080555
321 0.06761042474455234 0.04338279757995352
331 0.011301910325080555 0.008377511010692356
349 0.008377511010692356 0.0039043007581573246
369 0.0039043007581573246 0.0020766760502610223
371 0.0039043007581573246 0.003310318421136019
408 0.0020766760502610223 0.0018154043961509858
428 0.0018154043961509858 0.0005903588949973342
466 0.0005903588949973342 0.00010319055716220059
527 0.00010319055716220059 2.5011780834454486e-05
682 2.5011780834454486e-05 1.6504987021357824e-05

11 12.46430240617494 1.2354420962830102
12 12.46430240617494 1.0060156154826578
15 12.46430240617494 0.5497741321463063
17 12.46430240617494 2.2002023581954493
19 12.46430240617494 3.4693030380890653
98 0.2498761659827396 0.15729079255362938
129 0.07358218383602415 0.05127150482994989
178 0.0015864218948290587 0.00035198153992349525

11 27.12292028960821 17.82520130148699
12 27.12292028960821 2.6382968750316125
13 27.12292028960821 17.230412241385554
14 27.12292028960821 25.169268939958567
16 27.12292028960821 15.43088541369937
17 27.12292028960821 3.641935711092356
18 27.12292028960821 18.9014045477217
19 27.12292028960821 9.494447734925892
55 2.6382968750316125 2.456537790259146
99 1.6680903992010636 1.514128348615662
179 0.5649321786175743 0.3491278373893245
189 0.3491278373893245 0.3165979077485261
218 0.3165979077485261 0.252048821589643
219 0.3165979077485261 0.19632979052994634
228 0.19632979052994634 0.12084411821944545
279 0.0333965804717168 0.01192827734605909
288 0.01192827734605909 0.0025975499674539
289 0.01192827734605909 0.0022859057395959426
298 0.0022859057395959426 0.0015257190220261774
308 0.0015257190220261774 0.0014032435157282045
397 0.0014032435157282045 0.0009046904969438369
469 0.0009046904969438369 7.926585304953197e-05
539 7.926585304953197e-05 6.101626179143018e-05
1067 3.8584477507478594e-05 2.3893231078285673e-05
1123 2.3893231078285673e-05 2.1041787476229323e-05

110 1.6185369237197273 1.529882240148804
351 0.002669232382285878 0.0013180369976759153
392 0.0013180369976759153 0.0007444556536227429
440 0.0007444556536227429 0.0005484240636292866
461 0.0005484240636292866 0.0004011728381967905
549 0.0004011728381967905 0.0003197593441554731
571 0.0003197593441554731 0.0002026949496519483
575 0.0002026949496519483 0.0001267392329753686
622 0.0001267392329753686 9.677409106694553e-06

11 13.891615422564815 6.4371105451319375
14 13.891615422564815 12.811219177222066
17 13.891615422564815 0.4046905533561299
18 13.891615422564815 11.173334970708508
19 13.891615422564815 7.666817409945553
271 0.002548947592461903 0.0011013739318778777
358 0.0011013739318778777 0.0004425472682800496
516 0.0004425472682800496 3.5980605976410365e-05
691 3.5980605976410365e-05 2.7957996214879053e-05

15 7.2129323581457685 4.341145271202733
17 7.2129323581457685 5.198033207218032
59 3.9420972510382994 3.899069066570805
69 3.899069066570805 3.873140294936038
79 3.734942500435966 3.7311668941266163
89 3.7311668941266163 3.5384988095143575
149 3.421423381084411 3.3875400740270116
228 1.8218849430347857 1.7912268656981365
240 1.568467577320079 1.4211141005626537
248 1.4211141005626537 1.4160037738042293
249 1.4211141005626537 1.31677877039736
250 1.4211141005626537 1.1584788468721916
268 1.1303802147799888 1.0395821465470676
288 0.9897267938428629 0.9490301849795583
290 0.9897267938428629 0.73659126058875
309 0.73659126058875 0.7075878069915733
319 0.6895836085649503 0.5516638177397037
330 0.5516638177397037 0.5159358757344521
340 0.3973726466057559 0.383235882322124
359 0.383235882322124 0.34397679239353646
360 0.383235882322124 0.33205424420618557
369 0.2644440289008058 0.213346616300384
370 0.2644440289008058 0.20710996222907008
377 0.20710996222907008 0.19090430374035647
378 0.20710996222907008 0.17317337223628496
379 0.20710996222907008 0.16467439142757367
388 0.16467439142757367 0.10095325191960991
400 0.04856603085998795 0.042486469005671795
410 0.042486469005671795 0.0423912142466465
417 0.03402799409577633 0.028166520975281627
418 0.03402799409577633 0.02769834581615771
426 0.02769834581615771 0.02193957094665337
427 0.02769834581615771 0.009246925736290748
440 0.009246925736290748 0.0014352009034021632
455 0.0006060497995461889 0.0005344156698323857
465 0.0005344156698323857 5.658984501005631e-06

13 11.032927926420438 9.345705266206338
17 11.032927926420438 3.120462803837064
19 11.032927926420438 10.748679178061975
220 1.183662359033396 1.1707260686279044
240 0.9516569127404062 0.8302961698610676
251 0.7193791086302579 0.5287270002567044
270 0.5287270002567044 0.3516063154478295
271 0.5287270002567044 0.3660369025410099
280 0.3516063154478295 0.34622275794826807
281 0.3516063154478295 0.27769181185511177
291 0.27769181185511177 0.19981135501483077
301 0.1625789644432056 0.09620947860049384
311 0.09620947860049384 0.05116369506822905
321 0.05116369506822905 0.04324092190192419
341 0.04060003439442218 0.02447262408801549
361 0.008882473701681173 0.000772646169380061
396 0.000772646169380061 0.0007316819185179787
410 0.0007316819185179787 0.0006296721047119358
517 0.0006296721047119358 6.303679368824484e-05

11 25.598719335300906 13.639602033486248
12 25.598719335300906 23.20392045629745
13 25.598719335300906 5.142375010368067
14 25.598719335300906 23.234399094514963
15 25.598719335300906 10.20817937166826
17 25.598719335300906 6.500746669208956
18 25.598719335300906 15.972572012783443
79 4.7684784481234255 4.410914034602599
89 4.410914034602599 4.058741388003056
99 4.058741388003056 3.9140692905679635
109 3.457116697390912 3.3638277508267613
119 3.10674858298109 3.0554732890962115
129 3.0554732890962115 2.998848032377024
139 2.998848032377024 2.729100816532363
149 2.729100816532363 2.579200975635827
159 2.579200975635827 2.2414420993036415
179 2.2414420993036415 2.239605614571708
189 2.206498664221076 1.8994835230294669
199 1.8994835230294669 1.8496913239920367
209 1.8496913239920367 1.7186754646061764
219 1.7186754646061764 1.418807946611525
239 1.418807946611525 1.3664847417197303
318 0.8907721099943618 0.800289956282674
329 0.800289956282674 0.6543043026496944
348 0.6543043026496944 0.5807226156335366
349 0.6543043026496944 0.5083245746320078
367 0.5083245746320078 0.4596119712843736
368 0.5083245746320078 0.35286129647534925
377 0.35286129647534925 0.34785898975712887
387 0.34785898975712887 0.23702916561838067
389 0.34785898975712887 0.20970599875307436
407 0.20970599875307436 0.14230381434445713
408 0.20970599875307436 0.19506284817989983
409 0.20970599875307436 0.1503264377691865
418 0.09988306067246908 0.09183489027448062
427 0.09183489027448062 0.057801407822046194
429 0.09183489027448062 0.06919924443131284
438 0.057801407822046194 0.03875532723925686
449 0.016042106901985636 0.0050771050014192355
468 0.0036325279712105746 0.0012019589249109056
469 0.0036325279712105746 0.0017928915526589156
477 0.0012019589249109056 0.0009799222605264882
497 0.0009799222605264882 0.00015170381360971025
506 0.00015170381360971025 6.953678363202627e-05
567 6.953678363202627e-05 4.907794883827221e-05
885 4.207559269951491e-05 8.457002976705207e-06
1052 8.457002976705207e-06 2.3470594068434994e-06

11 15.381944891687873 10.116992218206935
13 15.381944891687873 13.007500903771415
14 15.381944891687873 4.80616939978314
16 15.381944891687873 0.5264108381405415
17 15.381944891687873 8.753125885434656
19 15.381944891687873 4.593352423457122
190 0.010826550069264316 0.003539827727911185
200 0.003539827727911185 0.0017370902703525643
219 0.0017370902703525643 0.00043144421627757025
288 0.00043144421627757025 0.0003874024983169283
326 0.0003874024983169283 0.0002896648297939676
436 0.0002896648297939676 0.00011125425808434391
474 0.00011125425808434391 5.2636576183229765e-05

