pass_rich_rastrigin10_step0_poor10rich0
eval_cnt worst_rich_fitness new_rich_fitness
11 189.820560906427 121.87087134683229
13 189.820560906427 151.94615344534338
14 189.820560906427 168.02284128260305
16 189.820560906427 177.62360443421326
17 189.820560906427 137.75059891945747
18 189.820560906427 172.10682745668225
19 189.820560906427 157.17343494907408
119 112.98065360487728 106.88206947914009
128 106.88206947914009 106.85112087535543
139 94.27114034160408 91.1064638510687
149 91.1064638510687 83.06453705314553
340 55.48763026380911 53.34847366702733
420 53.34847366702733 47.76002496441216
640 38.43146466190257 36.04669447929821
651 36.04669447929821 33.56888541858126
670 33.56888541858126 31.62873280364525
720 31.62873280364525 30.232843226000185
852 27.29405023382415 23.546699766286252
1046 23.546699766286252 19.438237406564923
1050 23.546699766286252 22.359125595274463
1073 19.438237406564923 18.629430698936105
1088 18.629430698936105 17.13572754434564
1133 17.13572754434564 17.127836139903366

13 186.09869304444578 182.19104792895405
14 186.09869304444578 174.9904552723652
16 186.09869304444578 157.59210438628617
17 186.09869304444578 108.66464758337177
18 186.09869304444578 169.202245815616
19 186.09869304444578 169.61917746718476
220 79.82129863772671 73.9658973228802
290 70.82684276229186 70.3711878416064
318 70.3711878416064 62.36584415058737
320 70.3711878416064 68.00869379756392
400 62.36584415058737 52.93621186334542
419 52.93621186334542 47.43442486435156
621 46.76951163349321 43.5528000148942
626 43.5528000148942 43.50089746371091
631 43.5528000148942 36.47520038644156
665 36.47520038644156 33.5865296617102
681 33.5865296617102 32.58866331153277
690 32.58866331153277 29.43883304845744
694 29.43883304845744 18.06004817995381
720 18.06004817995381 16.7738275774591
728 16.7738275774591 14.019106368312166
801 14.019106368312166 13.60119340331373

14 161.36391649437851 157.47605028531217
17 161.36391649437851 134.61481252199607
18 161.36391649437851 128.71291505570065
210 93.15464751271226 83.63228671866119
249 77.8188207217429 75.50289769656379
320 66.10236853198623 65.6723317508572
329 65.6723317508572 61.83978382043976
410 60.585052682211455 58.259559498875156
430 49.63793201403704 42.40873145520742
551 24.17218712008564 20.3781012517871
659 18.62839858999334 16.483359877742913
751 16.483359877742913 15.977773211471302
800 15.977773211471302 15.899419310003509
811 15.899419310003509 15.328945920709756
848 15.328945920709756 13.854063003662972
919 13.854063003662972 9.861228734619914

14 191.1701981220441 178.55249208720033
15 191.1701981220441 119.57882963212973
17 191.1701981220441 180.33102577566547
19 191.1701981220441 163.85526036709055
271 90.00300240417857 89.34648705497453
281 89.34648705497453 79.40157202798756
350 79.40157202798756 70.83805616898724
439 60.356509361496016 51.736756345664965
450 51.736756345664965 51.10904186142813
521 42.68639870526121 37.56760930000958
580 35.79977161415917 33.809260954636784
587 33.809260954636784 23.18948123044011
721 23.18948123044011 20.601049731259536
752 20.601049731259536 18.794721178780847

11 223.74822811301505 173.28002061771537
12 223.74822811301505 171.74797700165425
13 223.74822811301505 145.76910982622687
14 223.74822811301505 205.9961763543965
15 223.74822811301505 164.68124171519963
16 223.74822811301505 146.68988206360856
17 223.74822811301505 177.9154938027801
19 223.74822811301505 170.48872118484934
47 145.76910982622687 141.36047726997117
49 145.76910982622687 142.4560048419222
57 141.36047726997117 123.70418575471186
59 141.36047726997117 140.23415695700731
79 123.70418575471186 117.03950004663022
88 117.03950004663022 115.52431436759088
98 115.52431436759088 114.50501185478467
240 80.36203111148231 76.68068117543163
381 75.00143607446098 65.84030831335002
459 61.52662201702739 58.133007662048364
460 61.52662201702739 59.424072340900366
540 58.133007662048364 57.83694467276069
551 46.43176910174379 39.25399205573069
650 24.955490076199695 24.047200558619537
708 24.047200558619537 23.359065959447562
780 23.359065959447562 21.333234650571256
796 21.333234650571256 20.797181289443984
805 20.797181289443984 15.378041428807137
807 20.797181289443984 15.354554953728055
810 20.797181289443984 15.374690391078204
871 15.354554953728055 14.976271753166671
891 14.976271753166671 13.504749245496555

12 221.61098745549975 184.9175364416584
13 221.61098745549975 190.15348652892146
14 221.61098745549975 215.42050952002944
15 221.61098745549975 172.31364945795013
16 221.61098745549975 169.63625408513005
18 221.61098745549975 217.68376747484598
29 169.63625408513005 166.83422346746215
45 166.83422346746215 160.28873570504607
94 157.94763015151614 148.43455474482977
95 157.94763015151614 146.0854676385983
97 157.94763015151614 144.49976392698528
98 157.94763015151614 144.60604662716702
99 157.94763015151614 153.82598594535597
107 144.49976392698528 126.93652020355431
109 144.49976392698528 142.52764065241215
129 117.0199628835641 107.08196031392954
360 77.94711613898872 72.12272458936233
441 72.12272458936233 68.83142809552065
451 68.83142809552065 66.84890967023216
458 66.84890967023216 64.19633489457857
460 66.84890967023216 64.88703790588659
471 58.57670671993314 58.227401424595
521 58.227401424595 53.10049808657918
560 53.10049808657918 35.744841316200635
561 53.10049808657918 52.285740785697726
671 35.744841316200635 26.05194054996231
769 25.61427799564153 24.403663969135934
779 24.403663969135934 21.58655593959108
780 24.403663969135934 21.2977841379452
781 24.403663969135934 15.791478686816703
919 14.192562439411304 12.329518067451588
932 12.329518067451588 11.914126057226213
941 11.914126057226213 11.622233709241968
949 11.622233709241968 10.168170990463494
972 15.822170282591955 14.489313909327691
1009 14.489313909327691 8.89988322787201
1051 8.89988322787201 8.839724441632143

12 184.66587540173123 142.22237638069782
13 184.66587540173123 161.80382809997872
15 184.66587540173123 151.90751102072016
16 184.66587540173123 142.7317877288328
17 184.66587540173123 143.30720436121652
19 184.66587540173123 115.91878230998
150 97.17839730369558 94.09016490920787
160 94.09016490920787 93.64681376234748
180 93.64681376234748 82.45479621967131
190 82.45479621967131 82.12273058078168
278 79.42160881653271 78.31217131215713
370 70.76198311134331 65.90362574080913
400 64.53514493180856 64.41244001586016
469 52.53758921645821 49.87093586888845
557 36.9499650082541 35.68167980488738
568 35.68167980488738 31.828431066650808
569 35.68167980488738 32.003895753121384
640 29.4825056273568 24.668170770122344
839 24.668170770122344 21.654862657261887

12 209.68099740974463 188.25161931452027
14 209.68099740974463 175.89671867057237
15 209.68099740974463 152.39209480851795
16 209.68099740974463 185.69559704147358
17 209.68099740974463 170.67548908943533
18 209.68099740974463 194.6054619915463
38 152.39209480851795 135.86910122759804
69 133.7199945934554 129.86149336615804
79 128.94125987262368 112.82792104695831
139 111.16376867325096 99.8382135722777
280 88.82900584532742 79.50652440134783
320 79.50652440134783 71.60956654556522
330 71.60956654556522 70.31468286348496
390 66.7891912758975 63.3811610626718
479 59.76659402673606 46.63737100315215
510 46.63737100315215 43.44744283191186
560 41.404278822141606 39.20822833909596
610 39.00321506447947 38.15315986919242
637 30.02396065798797 28.270440160277502
648 28.270440160277502 23.050501411404824
663 23.050501411404824 21.262698310764293
668 23.050501411404824 19.273633893137344
790 19.273633893137344 19.148580256829206
801 19.148580256829206 17.649309049377678

12 182.1507086729273 169.30374244929754
15 182.1507086729273 170.1202822153437
17 182.1507086729273 151.86518397799819
19 182.1507086729273 163.3006518002798
29 151.86518397799819 147.58364185162557
39 144.5827254694637 123.20558325602688
59 116.61222387676564 106.2743154440841
69 106.2743154440841 102.18969834597799
400 54.87313811498023 48.656008484343836
437 48.656008484343836 46.343834701003935
441 48.656008484343836 46.05588881460574
459 46.05588881460574 42.12018823120263
519 41.12116840152372 40.499546560187405
529 40.499546560187405 39.857070299019114
540 39.857070299019114 39.289890372222864
620 39.25108243167407 37.48702153604336
651 37.48702153604336 36.59636021340063
881 36.425425055061815 34.84842833151346
1014 34.84842833151346 34.54546094782789

13 145.95291649420355 120.95857178952633
158 97.2962892167091 96.90169344448697
200 92.42786950798295 90.40198855129402
257 90.40198855129402 88.82183627644615
260 90.40198855129402 77.11217400257809
411 59.187926469583275 39.14569450227336
481 39.14569450227336 37.11667452127354
511 29.901448601447342 25.014287128154464
581 25.014287128154464 23.394144438994402
679 23.394144438994402 17.573532771912312
721 17.573532771912312 16.033584915677096
741 16.033584915677096 14.14642446450101
936 13.737326692189995 10.202808801758167
980 10.202808801758167 9.013678715662493
982 10.202808801758167 8.389954242783062

88 116.8591118457071 115.47518261138384
118 94.81624408588185 90.99479529494343
335 61.427719344940165 60.85040201017355
340 61.427719344940165 50.813425765647466
431 44.1733965713576 41.37259758322981
501 41.37259758322981 31.07238214304688
569 31.07238214304688 24.576872035108337
570 31.07238214304688 30.529962113447212
618 24.576872035108337 20.807436999939554
721 20.807436999939554 17.277097254152807
761 17.277097254152807 17.250142589500683
781 17.250142589500683 13.78095522060913
850 13.78095522060913 12.672923620328945
871 12.672923620328945 11.408192669634957

11 159.56430105248126 152.51895865732217
38 152.51895865732217 150.30059978042013
79 118.8617488642297 118.03296915488866
89 118.03296915488866 88.74489190306917
109 88.74489190306917 76.19258075967822
129 76.19258075967822 73.59966571409261
239 71.25898638848129 64.15438761265715
249 64.15438761265715 53.23515529449733
289 47.80903591816442 47.300555905488835
571 26.047442854954795 22.855778308433784
797 16.287302573994012 15.455626952403293

11 230.81056748508996 171.38801432118558
12 230.81056748508996 225.71409625321468
13 230.81056748508996 216.39193397467722
14 230.81056748508996 200.49155843006972
15 230.81056748508996 135.40248317294856
16 230.81056748508996 144.8441076173979
17 230.81056748508996 153.50692495913736
18 230.81056748508996 194.52794339505724
39 135.40248317294856 134.27500723002362
69 134.27500723002362 133.23024534078425
78 133.23024534078425 123.57697110149417
89 123.57697110149417 116.66980761981091
99 116.66980761981091 112.73719009601109
109 112.73719009601109 111.69962277710474
208 95.97930043866914 94.18015781108551
259 94.18015781108551 91.07049196774196
267 87.459794639697 77.34623827633665
279 77.34623827633665 76.82071952767728
399 71.94849735535419 65.93916610794403
400 71.94849735535419 66.27045512312301
409 65.93916610794403 64.66462211155849
416 62.41907679644376 55.15224004392223
439 55.15224004392223 52.358652698304866
518 49.657738456002626 45.36241775878324
520 49.657738456002626 41.60580577026546
540 41.60580577026546 40.72643652772602
548 40.72643652772602 38.89987217967588
659 36.06367436655162 33.47782497521412
666 33.47782497521412 33.44093243528708
670 33.47782497521412 25.742305371778826
750 18.59616776530639 15.064411032441214
807 15.064411032441214 14.565471790847766

12 217.733662666031 180.73957896865926
13 217.733662666031 206.53403086337775
14 217.733662666031 144.56633497032388
15 217.733662666031 179.5109098881279
16 217.733662666031 143.384800916669
18 217.733662666031 178.13397366394395
19 217.733662666031 85.02027219825975
281 46.06515859608569 45.81621109570972
432 45.81621109570972 35.72292626448953
700 30.122969819115696 28.344378932470804
734 28.344378932470804 28.258452503468206
757 28.258452503468206 28.170799786572687
774 28.170799786572687 26.967684651481534

11 235.41852146194847 189.24672166686088
12 235.41852146194847 179.73278003040613
13 235.41852146194847 173.8603743182191
14 235.41852146194847 151.1017320508039
15 235.41852146194847 137.9163051357791
16 235.41852146194847 175.4436465537609
17 235.41852146194847 206.4850148844974
18 235.41852146194847 179.98271355912053
19 235.41852146194847 163.92603496821266
69 137.9163051357791 136.3913450548659
99 121.18465050108524 114.48997911315095
109 114.48997911315095 99.08747871482888
178 96.48385699203718 95.70622040351785
278 91.56168069833703 87.59708447729302
349 79.5450514265621 76.35616282265605
358 76.35616282265605 65.83661337781481
359 76.35616282265605 72.87115415616819
409 65.83661337781481 59.43121875144403
489 54.99486991325261 53.4284527890098
498 53.4284527890098 45.32392597727696
509 45.32392597727696 44.907462008616285
519 42.93713425161418 42.38681005715404
659 36.77381273769535 29.63888913543414
680 29.63888913543414 28.468312009397636
729 28.468312009397636 25.69934589804552
739 25.69934589804552 22.649986989414685
749 22.649986989414685 20.814720301627702
750 22.649986989414685 21.46481672036461
780 20.814720301627702 20.659851778720608
790 20.659851778720608 19.893143903675963
805 19.893143903675963 18.870779416145552
948 18.870779416145552 17.30044833934403

28 142.91970406206894 128.95853117286728
29 142.91970406206894 140.32691105564737
39 116.39328572231588 101.46780641184212
139 93.5944960826847 88.9504520446261
330 60.59583581406922 53.370954018433025
460 43.94204010061682 43.719581541306894
468 43.719581541306894 38.05928951892681
541 35.90947776420178 26.580996307388588
610 26.580996307388588 20.21008261100617
691 20.21008261100617 18.688468300575494
701 18.688468300575494 18.661892674813814
708 18.661892674813814 18.375380571689675
738 18.375380571689675 17.65514505849643
756 17.65514505849643 16.961153198034424
757 17.65514505849643 16.866070277785397
929 14.502200588792888 14.353204699918678
1042 14.353204699918678 14.018760033344051
1072 14.018760033344051 12.76242547327584
1132 12.76242547327584 12.412840188277826
1182 12.287680344020316 11.71366186359289
1192 11.71366186359289 11.690131907808862

11 199.2003075752565 145.36115467570474
13 199.2003075752565 148.33521363684588
15 199.2003075752565 164.64256759061578
16 199.2003075752565 159.24789387587205
17 199.2003075752565 170.64704358716654
19 199.2003075752565 197.94095542056849
29 145.36115467570474 140.83040101226536
68 133.66596808066657 126.98962863478167
96 108.9955886007261 108.9255353873378
106 108.9255353873378 103.52147282479321
108 108.9255353873378 106.56571764231583
109 108.9255353873378 108.76654064194892
198 94.38515899166816 91.78011679469728
208 91.78011679469728 87.73371986518994
219 87.73371986518994 78.76197010296784
360 56.52212931557102 56.16802722957824
370 56.16802722957824 42.12647567329141
478 34.02944021113959 32.10070609172173
480 34.02944021113959 22.926813477569127
640 21.936729065245018 20.25683687451655
769 20.25683687451655 19.395061966239894
782 19.395061966239894 17.878371225646518
801 17.878371225646518 17.33813331214995
820 17.33813331214995 16.898034026557255
862 16.898034026557255 14.526935301221968
877 14.526935301221968 13.565932203549508
889 13.565932203549508 10.998776177979394
1093 10.972141275841238 8.943248849039321
1113 8.943248849039321 8.578224508386668
1177 8.569687161436605 8.19690916579647
1354 8.19690916579647 7.930218108128656
1475 6.772244809585118 6.701639726245929
1515 6.701639726245929 6.546496180970095
1525 6.546496180970095 6.36624687124376
1545 6.36624687124376 6.315914173930011

11 254.90421040987434 157.12828375318827
12 254.90421040987434 218.43254617471928
13 254.90421040987434 199.2598870278764
14 254.90421040987434 219.3235506611437
15 254.90421040987434 239.63661068023174
16 254.90421040987434 144.59499295722185
17 254.90421040987434 193.82898540185448
18 254.90421040987434 181.5820187691148
19 254.90421040987434 163.0814297312965
119 105.38366987505817 100.08004887994066
129 100.08004887994066 94.66599002853911
209 88.94632605114978 81.78838442612317
219 81.78838442612317 79.55432737156583
229 74.19862460410323 70.9209962274161
249 70.9209962274161 65.61001043154184
269 65.61001043154184 64.89850329156829
328 64.89850329156829 63.117220975318126
388 63.117220975318126 61.109313524563476
419 61.109313524563476 60.50146872877055
429 60.50146872877055 57.98261555674969
479 54.12178621620288 47.666082628177605
739 37.00741085242002 27.872481394138077
760 27.872481394138077 19.67426178503206
791 19.67426178503206 13.928455797965654

11 182.41474320486444 148.572046417771
14 182.41474320486444 155.61054019647423
15 182.41474320486444 141.14420356065102
17 182.41474320486444 162.37006219575719
18 182.41474320486444 139.5591754019466
29 139.5591754019466 136.09598478612634
78 121.66570738944328 109.71876405469372
98 109.71876405469372 107.08516147607033
109 107.08516147607033 103.31131236035647
169 99.08465197056523 90.99077029644724
179 90.99077029644724 83.04860756510328
189 83.04860756510328 78.55148015721562
198 78.55148015721562 76.78316376644509
449 47.1337469023661 39.81408803446857
540 40.12582633878577 33.01198193691273
575 33.01198193691273 30.86613292824586
661 30.86613292824586 25.743072507303054
685 25.743072507303054 21.420506355370378
831 21.420506355370378 20.335482518830275

11 213.45730237368977 157.63408741465406
12 213.45730237368977 157.79965485525932
13 213.45730237368977 150.44257053976267
15 213.45730237368977 122.94163298029292
16 213.45730237368977 199.16625487605538
17 213.45730237368977 136.03763486421553
18 213.45730237368977 208.56761604077303
19 213.45730237368977 176.67354368248692
49 122.94163298029292 114.53169665673151
199 96.67191149019156 91.16332882642516
200 96.67191149019156 92.85215197120505
209 91.16332882642516 77.19206883741947
361 73.94647657339893 63.20183227758304
379 63.20183227758304 55.662326848013755
651 33.289122550834975 32.855856104829726
790 32.855856104829726 30.229780233977905
824 30.229780233977905 25.451032202076433
1004 25.451032202076433 24.57614945602549
1015 24.57614945602549 23.41962416818869

40 131.9217739587351 122.55922185034673
160 104.12066213071522 93.66944118109433
251 82.41348881054293 79.3723727661257
271 79.3723727661257 70.06474904414947
400 66.78312149410841 64.32366463172366
402 66.78312149410841 50.261167742613914
422 50.261167742613914 42.71771332900266
501 42.71771332900266 29.472015744768527
502 42.71771332900266 40.03074345269695
581 29.472015744768527 23.718293778013376
651 23.718293778013376 22.40220573184844
671 22.40220573184844 18.533023625921416
720 18.533023625921416 17.451716154176964
769 17.451716154176964 16.49573400152022

11 193.43695869834727 126.7016538217089
15 193.43695869834727 162.35493689477693
16 193.43695869834727 172.90583546275286
17 193.43695869834727 172.15198063719401
18 193.43695869834727 161.90072253492917
19 193.43695869834727 174.89952195939395
331 63.11020019856485 60.67481840288807
492 50.24273401317644 47.74412704452466
532 47.74412704452466 43.963187522969356
632 43.963187522969356 39.095325362588625
709 38.01512629297954 35.44730419920538
721 35.44730419920538 33.743194467674954
730 33.743194467674954 28.34384567502002
732 33.743194467674954 29.48324024208631
741 28.34384567502002 26.19417425404754
788 26.19417425404754 22.742778584814005
1541 21.815396166281985 21.779842630433038
1568 21.779842630433038 21.76199443804542

12 203.83456083717203 177.3185618588309
13 203.83456083717203 167.86965230344458
15 203.83456083717203 178.34406177170393
16 203.83456083717203 112.23848023984743
17 203.83456083717203 174.8702794258437
18 203.83456083717203 190.70832817641673
19 203.83456083717203 163.3266352711696
216 83.79576642770526 81.71907963804564
230 78.9937527503636 74.1914175269513
320 69.38568387271012 49.75521526626059
531 36.92151513173784 36.11300161061128
561 33.802480625495065 25.591407663501528
592 25.591407663501528 23.950219218024984

13 180.46127554282182 154.3170311369296
14 180.46127554282182 140.98599123034683
16 180.46127554282182 161.77036144318816
99 123.75772399931836 113.98414567065097
189 96.13018273580829 92.77212215984945
239 92.77212215984945 87.63376525650116
249 87.63376525650116 84.37816962385622
287 82.12007885101531 75.54004123271578
399 68.07218362900363 65.26531969400668
540 45.940187455522484 44.91567654588099
550 44.91567654588099 30.958781206282794
650 30.958781206282794 29.40821324814047
670 29.40821324814047 29.119696588213415
719 28.45636883876952 25.458736026645653
729 25.458736026645653 22.44730205241399
760 22.44730205241399 21.308457642680906

17 173.19375554402478 136.37475921671302
19 173.19375554402478 109.85831421885314
39 109.85831421885314 106.9168274587694
49 106.9168274587694 102.38641922160082
68 102.38641922160082 101.24114848144512
79 90.05127661893742 81.3511386590477
109 81.3511386590477 80.37993228456864
168 80.37993228456864 75.07200620526295
179 75.07200620526295 70.28257652893899
238 70.28257652893899 69.07067572511278
249 69.07067572511278 68.87446341259883
339 66.313894128456 65.27150493051093
349 65.27150493051093 62.79551753375167
389 60.895251657680575 59.418378417922376
399 59.418378417922376 58.384135490156446
409 58.384135490156446 55.774462106342426
428 55.774462106342426 54.30698508559914
429 55.774462106342426 54.723595320849874
548 53.05726401775033 50.653937852561995
558 50.653937852561995 45.866847804130614
560 50.653937852561995 46.39755743563323
570 45.866847804130614 42.57907584972408
629 42.57907584972408 37.49503973006125
767 37.49503973006125 34.93324076786821
769 37.49503973006125 35.785047425626345
780 34.93324076786821 33.45133523943366
1364 28.514018473156995 28.289069213972155
1487 28.289069213972155 28.114500350043485

12 214.73289985271478 148.30078002238096
13 214.73289985271478 184.17951471180754
14 214.73289985271478 203.3589044674786
15 214.73289985271478 167.45899862670439
16 214.73289985271478 164.54924206806396
17 214.73289985271478 187.34662633253004
18 214.73289985271478 143.78762128345176
19 214.73289985271478 154.13269624124416
59 118.21740386920402 105.66085846137906
159 95.43769558298223 92.16325056196251
169 90.79746800175349 78.82947428795512
269 76.07466761972871 68.43331472010814
470 44.11652298865205 38.22365812519075
489 38.22365812519075 34.72437217574807
556 34.41712988922967 28.645512297325794
557 34.41712988922967 34.28260311169636
669 25.323331931476233 24.713285218679246
679 24.713285218679246 23.205926401239367
707 23.205926401239367 22.679253453066977
901 20.89404964444583 20.64997152572127

11 183.32102138288388 161.97901972577017
19 183.32102138288388 147.05468717628784
129 135.65173754956845 128.58500473267773
249 107.95495901750941 107.30469316969615
260 103.37753926587219 102.45419007296005
329 94.25771967457351 78.59225751469596
359 78.59225751469596 75.80075563513
449 70.96538338988077 41.029243985487184
702 30.391068278044997 28.267645948272218
721 28.267645948272218 24.76582350517566
1022 20.965260478069354 20.39489178347587
1034 20.39489178347587 17.779494311244733

13 189.58080589245606 185.95574146125097
14 189.58080589245606 162.17306832113678
15 189.58080589245606 183.3693840211497
16 189.58080589245606 163.68052392238945
17 189.58080589245606 172.71084686751834
18 189.58080589245606 120.92697723066394
19 189.58080589245606 147.56714327922003
59 120.55921938915216 113.45869825734229
189 99.26221923670096 89.62311753948629
190 99.26221923670096 89.16990026419289
279 83.31667427728681 82.75002829321568
289 82.75002829321568 80.24494841522304
297 80.24494841522304 79.57971993537305
300 80.24494841522304 71.19188225191913
346 71.19188225191913 65.66791984499315
370 65.66791984499315 57.470294732305184
420 57.470294732305184 55.76230473529103
430 55.76230473529103 42.1478812396435
518 36.15874008911618 34.442623967640515
629 29.356161462256296 26.262194243627548
680 26.262194243627548 26.19509808103939
705 26.19509808103939 26.192750488996523
760 30.83643552109271 25.96198740445297
770 25.96198740445297 24.23181490150003
779 24.23181490150003 20.219337156008933
798 20.219337156008933 19.43839585182647
814 19.43839585182647 13.150943347598329

16 152.96416079544844 148.83877421410114
49 137.96285158316067 136.6751962685104
59 136.6751962685104 129.44317878411618
78 124.83206230521458 106.2636152169217
79 124.83206230521458 112.07371360357756
129 91.0993946169784 80.31198234355972
460 55.42365072573398 47.99556172189439
461 55.42365072573398 48.618633509545965
669 44.460723025297895 43.688537251579014
682 43.688537251579014 41.77818574532907

13 151.9557538653993 108.94656260160909
140 89.05003753091 87.78315057237727
239 79.77391558351718 77.59503164491055
250 77.59503164491055 77.11615682503374
280 77.11615682503374 70.45958117356713
360 63.956224245117745 62.972534765427866
400 58.35402482154896 55.53036456014855
410 55.53036456014855 45.49409055222143
479 45.49409055222143 44.40632878195398
618 38.89884428122687 36.25342489874679
619 38.89884428122687 27.16133789264505
620 38.89884428122687 34.884130286789286
629 27.16133789264505 24.004731047939146
807 22.91100396724883 21.93976894372271
812 22.91100396724883 20.715051276850545
815 20.715051276850545 18.643083134963092
828 18.643083134963092 17.52109513716063
882 17.52109513716063 16.8734663109461
970 16.8734663109461 16.764271352794253
1163 14.804697941597908 14.387382813046372
1203 14.387382813046372 13.954043664026017
1223 13.954043664026017 13.610525458609018
1354 13.603993334803448 13.592492263600931
1495 13.53438092202046 13.457220538311987
1706 13.451440212015115 13.393203789635933
1857 13.392390502852024 13.211539745390425
1978 13.211510341842953 13.115151620584726
2179 13.11326726085261 13.057686156549082
2310 13.056755592431458 13.054633213957402
2320 13.054633213957402 13.053476166042472

11 211.73587633663044 172.18406754533444
13 211.73587633663044 190.67405281289658
14 211.73587633663044 158.3802393972443
15 211.73587633663044 178.5305853767469
17 211.73587633663044 123.80822071690355
18 211.73587633663044 97.74591809912089
19 211.73587633663044 184.82005127081533
139 82.92391556511168 73.64907571220942
220 73.64907571220942 56.81711659163586
370 48.88570129950701 48.219113260316064
371 48.88570129950701 46.451296055224574
440 46.451296055224574 45.66809525224544
625 28.297364871507185 27.712969866523537
632 28.297364871507185 25.497391971052807
641 25.497391971052807 25.01459873972989
651 25.01459873972989 23.272973486817037
662 23.272973486817037 22.964626494004563
668 22.964626494004563 22.506765615587696

11 215.18845973017426 202.43545393833773
12 215.18845973017426 193.29602986750635
13 215.18845973017426 200.80989421507792
15 215.18845973017426 203.43765302051543
16 215.18845973017426 186.63013807396402
17 215.18845973017426 153.22067791100105
18 215.18845973017426 157.13476453943548
19 215.18845973017426 130.19384633203714
79 114.94146701046141 114.34334591737974
89 114.34334591737974 103.55100978842768
220 78.8404720986464 63.21961167064574
562 39.94914754663755 39.445635122988335
684 39.445635122988335 38.94058705623927
916 36.42611587042671 35.59732590502742
996 35.59732590502742 35.38835562678253
1005 35.38835562678253 34.47826067342308
1015 34.47826067342308 32.628003689227825
1016 34.47826067342308 33.82033662707124
1026 32.628003689227825 32.2221467921765
1065 31.62875462282834 31.07485430287808
1106 31.07485430287808 31.0450184685386

11 192.21102060552184 129.3673161988642
14 192.21102060552184 189.81401956495446
15 192.21102060552184 148.44715594242635
18 192.21102060552184 181.01058350551088
59 129.3673161988642 129.17202823244781
79 114.5607734772405 113.7060043290929
89 113.7060043290929 109.21470540303528
209 102.77742633035616 93.33744470853763
331 82.18541286646355 78.80521850064495
349 78.80521850064495 76.12336829402366
401 59.38038272964691 49.29956991314999
562 49.29956991314999 47.42070614291186
680 47.42070614291186 37.780537994260136
703 37.780537994260136 30.97773087248659
713 30.97773087248659 30.012876688944644
732 30.012876688944644 29.996535866296895
760 29.996535866296895 29.078296561272424
840 29.078296561272424 28.984885589075134
850 28.984885589075134 28.201076864446947
851 28.984885589075134 28.588883615805386
882 28.201076864446947 27.670934612628102
913 27.670934612628102 26.108338148490986
1003 26.108338148490986 25.72217215234869
1013 25.72217215234869 24.828450823171124
1043 24.21632382310797 22.897988950889626
1254 22.476319652335548 20.141148794366813
1260 20.141148794366813 18.97308107590925
1304 18.555710377648694 18.214628161520807

190 96.98552763259656 87.38397293030259
218 87.38397293030259 84.24263098646233
229 84.24263098646233 83.57217568132793
230 84.24263098646233 80.16794366083874
238 80.16794366083874 79.73428167892335
300 79.08309560377465 70.40143403630567
387 70.40143403630567 67.10133099634065
390 70.40143403630567 63.75787418843831
400 63.75787418843831 58.14472046728342
531 57.2297189616748 56.71623951988954
547 56.71623951988954 55.43067342874661
560 55.43067342874661 54.256202631784
600 54.256202631784 44.26242281656223
650 44.26242281656223 40.14792955346282
658 40.14792955346282 39.16834658980453
758 39.16834658980453 38.84439004460111
767 38.84439004460111 31.326201031113527
770 38.84439004460111 38.56178654665351
819 31.326201031113527 28.68885412920423
849 28.68885412920423 26.56454329728794
957 26.56454329728794 26.518977946290704
991 26.518977946290704 26.28496792290872
1043 26.28496792290872 25.846873132733833
1068 25.846873132733833 24.95513461722284
1120 24.95513461722284 24.516557913096293
1130 24.516557913096293 24.190491439029486

11 244.7682321626757 164.11778251840295
12 244.7682321626757 186.11154931556135
13 244.7682321626757 155.46723484581003
14 244.7682321626757 172.3378504631365
15 244.7682321626757 179.21742677241173
16 244.7682321626757 165.77942131362454
17 244.7682321626757 198.74476966743714
18 244.7682321626757 197.83520936650655
19 244.7682321626757 211.732755184227
37 155.46723484581003 135.12473672836438
68 115.58620132539761 112.36087344876034
78 112.36087344876034 99.40281970368287
79 112.36087344876034 102.56204225143989
88 95.1418884650312 91.45072104652346
187 87.79912116309336 85.16080347158345
320 71.90408156783519 66.56017753717836
350 64.87054569732118 53.61625702359664
410 53.61625702359664 50.50614190676803
551 39.03247962638427 37.90780654080003
621 37.90780654080003 28.90758887945995
661 28.90758887945995 28.238494126050966
671 28.238494126050966 27.721398443884326
690 27.721398443884326 26.69301257917803
711 26.69301257917803 22.701603878740343
738 22.701603878740343 21.0756179293259

15 176.8808779843672 155.6998118554733
16 176.8808779843672 170.7963444747303
18 176.8808779843672 169.51894476531908
19 176.8808779843672 152.08390329948668
27 152.08390329948668 141.24461400844424
59 130.40198627299642 126.93635862398753
78 126.93635862398753 123.28825410702557
99 123.28825410702557 120.77003070336154
189 81.78124504607268 64.28672732709363
310 63.96169344918972 57.292518542838096
431 47.76053097313981 37.5002729723153
602 30.907276407987183 29.9195369624571

13 151.37903068408468 145.92346299078784
18 151.37903068408468 144.3815721179069
29 144.3815721179069 131.7941514818703
150 105.9930048598772 98.35802924984792
200 98.35802924984792 95.89242294546936
210 95.89242294546936 94.2314807508234
229 94.2314807508234 90.88471991601104
230 94.2314807508234 93.14096845962443
320 88.05041545817151 80.91337998709618
329 80.91337998709618 64.07095513189896
330 80.91337998709618 68.78217803306731
400 50.16733652106828 48.496087311771674
466 46.2919274712213 35.93333850565581
591 33.97667504065059 27.74737363700379
671 27.599383437957385 27.550638081646667
681 27.550638081646667 22.395075694279257
822 22.307962490485025 19.218708942350744
880 19.218708942350744 19.107536986677218
892 19.107536986677218 17.350827652724732
921 17.350827652724732 15.858363304252947
966 15.858363304252947 14.806874624947653
1122 14.806874624947653 14.77627990311315
1161 14.77627990311315 12.459865784251775

11 217.91277862756849 155.12879502187135
12 217.91277862756849 181.42543996314072
13 217.91277862756849 187.48529766442098
15 217.91277862756849 131.28731590359175
16 217.91277862756849 171.01043503250662
17 217.91277862756849 212.18209412430087
18 217.91277862756849 133.87369418410486
19 217.91277862756849 217.36850589239174
29 131.28731590359175 123.08341778596039
49 123.08341778596039 105.66012587548487
158 89.42179105202952 86.60609675204793
268 79.02795859749641 73.32344036345998
286 73.32344036345998 67.01724774488312
289 73.32344036345998 59.40731886897207
398 54.82908873735709 54.24724135239356
519 49.88292969039387 42.99749408785036
648 42.99749408785036 40.78140438357741
668 40.711642876647005 39.40393829454241
678 39.40393829454241 36.92452597184551
679 39.40393829454241 35.55720512937468
681 39.40393829454241 35.75374798457547
691 35.55720512937468 26.642703390500202
700 26.642703390500202 25.992662688192098
740 25.992662688192098 24.407199835565024

11 170.33075721742273 165.79227851864397
14 170.33075721742273 149.65725333210696
29 149.65725333210696 135.81606886197238
59 124.73923553236375 120.44526095050375
78 120.44526095050375 118.69965952620214
301 59.79299081039571 43.77902093420316
341 43.77902093420316 37.753931120773565

11 194.85350115686524 153.22080378096265
12 194.85350115686524 180.33245063928115
13 194.85350115686524 180.66075790900487
15 194.85350115686524 184.279788897315
16 194.85350115686524 191.4413202372238
17 194.85350115686524 147.7485375703963
18 194.85350115686524 178.82732167549236
19 194.85350115686524 187.15490114134198
29 147.7485375703963 127.39280996647315
129 103.11436783617324 100.8104490015048
199 100.8104490015048 97.35072195539621
239 90.85522318545263 83.23106421938962
259 83.23106421938962 75.76985379178277
337 69.35946118505456 67.32747150799996
338 69.35946118505456 60.25090125621132
459 60.25090125621132 42.312409052692445
569 42.312409052692445 28.656455822720048
590 28.656455822720048 25.3080093674606

15 195.65086129149307 151.34130318253875
17 195.65086129149307 168.05993721226892
19 195.65086129149307 140.2939372825683
97 127.32965241846978 122.91686391442775
109 122.91686391442775 120.45479851130584
119 120.45479851130584 108.83021730256665
218 107.32004726580456 105.30222387666713
269 101.92983112359619 101.33758954839071
319 101.33758954839071 96.28366412699178
329 96.28366412699178 89.06277262875457
349 85.95358572609099 83.22765320039446
369 83.22765320039446 77.9384039691276
389 71.46881627329418 70.75742198322214
399 70.75742198322214 64.70250610867345
419 64.70250610867345 64.04551212981124
539 62.24617052845284 42.95093852347068
550 42.95093852347068 40.821445736055594
560 37.24236221041282 36.92807273073714
809 21.267863133083978 20.523370466132974
832 24.086148339776585 23.07605956247113
999 21.31810582085774 21.1256654283861
1013 21.1256654283861 20.955638549555403

11 231.38119420953032 160.3075432159261
12 231.38119420953032 194.97929496731115
14 231.38119420953032 167.82063980994457
15 231.38119420953032 181.58316601323156
16 231.38119420953032 199.8674716313648
18 231.38119420953032 158.54978851444773
19 231.38119420953032 189.35057953090254
29 158.54978851444773 147.55209306453966
59 135.0288839911544 131.04622282425498
68 131.04622282425498 130.84045085965462
69 131.04622282425498 126.20307580144485
78 126.20307580144485 119.5731656223315
89 119.5731656223315 114.53748756789449
198 97.01646166639401 85.9304383504412
479 48.10633216343506 47.08416926199642
560 47.08416926199642 46.78808999555042
571 46.78808999555042 35.95797793823078
621 35.95797793823078 35.321921484386564
651 27.236653856316167 25.095749462121773
832 25.095749462121773 23.343732166614302
842 23.343732166614302 21.421721677001557

12 192.6536367750121 162.76428624509975
14 192.6536367750121 171.76196761469276
15 192.6536367750121 186.41644241993967
16 192.6536367750121 184.82445659217422
19 192.6536367750121 167.2382861272263
27 162.76428624509975 154.014650063085
37 154.014650063085 151.23623137165077
49 139.92738788293047 125.52120552536236
180 96.15033523150798 94.90848556346944
190 90.28833108159655 82.98365676361355
311 75.60476784807335 66.71619367879961
400 54.33127792774447 47.749424202085315
488 47.749424202085315 43.2445465706574
642 29.81062140239385 28.397986192335154
691 28.397986192335154 28.34678337574684
702 28.34678337574684 26.985354334284395
729 26.985354334284395 26.945327824788535
752 26.945327824788535 25.16701644572646
759 25.16701644572646 24.689088800779345
768 24.689088800779345 19.82308483874536
772 24.689088800779345 21.821967546535717
953 19.564492737113966 19.48282794430736
963 19.48282794430736 19.3061007546807

27 152.45945123492015 147.91019563279923
39 147.91019563279923 138.588007554212
49 138.588007554212 126.11621319258171
59 126.11621319258171 120.4326552882992
69 120.4326552882992 98.89096022365834
301 83.5595805935994 75.62300520391861
320 75.62300520391861 74.7120991007656
321 75.62300520391861 73.26958453727997
331 73.26958453727997 68.38541451805548
411 58.806154135855216 54.754334242875515
571 37.838300402796236 36.595572723849926
653 32.49014412475897 31.29518511045218
743 31.29518511045218 28.98567353864854
811 28.98567353864854 26.73407028067645
831 26.73407028067645 24.749297075648258
899 24.749297075648258 23.929005947622485
910 23.929005947622485 23.72233641649038
971 23.72233641649038 23.265639178317613
1124 18.20182289953678 17.77470418073699
1204 17.77470418073699 17.314794776793505
1214 17.314794776793505 17.219220911206648

29 130.56671893203713 129.9596144683005
39 129.9596144683005 123.56295088960314
58 118.0175586145259 110.48281490862516
69 110.33454024153811 106.95370620862955
178 99.17799303993677 82.77267354323794
179 99.17799303993677 88.02495009272636
441 60.347767661560226 53.57460715725751
480 53.57460715725751 48.96547636230668
602 46.93024155834723 35.92510917163932
733 20.99929160531333 14.38774869446533
800 14.38774869446533 13.366598413891538
861 13.366598413891538 11.788559054106884

15 166.80578251209258 154.75302293129712
29 154.75302293129712 154.57983331540893
78 138.45338917556657 126.8949533794419
79 138.45338917556657 120.24813946836187
119 112.78978825716776 110.87572582765455
159 110.87572582765455 108.73368440575658
169 108.73368440575658 108.64999829561214
330 89.43106898466476 87.32519169650645
340 87.32519169650645 83.2194226104252
348 83.2194226104252 76.47241745664125
358 76.47241745664125 70.02067181019123
360 76.47241745664125 76.24328553151764
389 70.02067181019123 64.18518685884273
470 59.930288954893285 57.335741606285026
480 57.335741606285026 53.70622765802098
500 53.70622765802098 30.976193010753548

11 196.3949538245343 188.46559403019404
13 196.3949538245343 179.24982861989804
14 196.3949538245343 180.56360175628873
15 196.3949538245343 160.50675230293723
18 196.3949538245343 162.45845854709177
29 160.50675230293723 146.66246293132917
119 100.89458092909425 98.62458359103022
200 95.3396176881071 91.3740833983023
219 89.72933917490816 86.3208868593967
331 74.61863808163739 59.20811707288545
528 50.298119672946655 49.45520304857981
532 50.298119672946655 46.23471351320694
550 46.23471351320694 39.60668814949721
622 39.60668814949721 18.81836575850751
762 18.81836575850751 18.678511125112976
820 18.678511125112976 18.0681237621682
843 18.0681237621682 17.65187953310064
899 17.65187953310064 16.77225732386154
902 17.65187953310064 16.424812049769585
912 16.424812049769585 15.228079798955008
981 15.680997870823305 13.861522896838252
1003 13.861522896838252 13.766518931195932

11 207.44702686839753 161.75687236489756
12 207.44702686839753 188.41936076358942
15 207.44702686839753 160.03759421158404
16 207.44702686839753 139.81883092319063
18 207.44702686839753 166.97597375816417
19 207.44702686839753 193.32026415546343
89 100.81657380819892 96.13207690937584
99 93.04882536562782 92.73931162039626
298 78.43131756429898 77.56994634950347
310 77.56994634950347 71.17103018814397
320 71.17103018814397 61.131771744815524
420 60.9432494114544 54.26318642162952
527 53.876672616821864 52.14496822397755
537 52.14496822397755 49.99879505921024
539 52.14496822397755 51.180847729192394
660 43.297231193049655 33.68524383626425
661 43.297231193049655 31.406656770751766
679 31.406656770751766 27.80852751005537
681 31.406656770751766 24.54935962879098
871 24.54935962879098 24.255212523168936

14 162.5728396915558 141.4331004692867
15 162.5728396915558 132.38557422360157
16 162.5728396915558 133.54822029705966
18 162.5728396915558 162.5518345860807
69 132.38557422360157 132.33055826440244
76 132.33055826440244 125.49466693255177
79 132.33055826440244 130.9916589377233
89 122.12327489965183 114.48647858563616
119 109.45633293121813 89.76307882349795
335 51.48238183572057 50.77773442756336
440 45.586239212516745 41.85617980694533
531 41.85617980694533 38.616398253920416
541 38.616398253920416 26.840760543789017
560 26.840760543789017 24.751413891971154
571 24.751413891971154 20.642063482591638
702 20.642063482591638 20.332578609609385
800 20.332578609609385 16.47551080555857
953 16.47551080555857 15.587140138332103

12 176.05561849492807 145.9709117890309
13 176.05561849492807 165.67020910262113
14 176.05561849492807 134.78658132185387
18 176.05561849492807 126.82465254429546
79 116.85985102295712 114.98457045476484
118 101.9964536212464 100.81021804073133
128 100.81021804073133 88.77874358383701
238 68.23940507885486 67.36777609989593
250 65.10030359942513 58.27834101402213
350 58.27834101402213 57.857845468268216
360 57.857845468268216 50.78344105479273
449 45.77498451789685 43.3875201554185
648 43.3875201554185 40.326339650163966
670 40.326339650163966 35.836054243833885
671 40.326339650163966 38.264423434408954
729 35.836054243833885 35.699979416344945
736 35.699979416344945 34.63048012116096
747 34.63048012116096 33.197991971748735
750 34.63048012116096 31.114739172697895
816 31.114739172697895 30.649411078695948
831 30.649411078695948 26.668697364554347
847 26.668697364554347 25.657132296138244
911 25.657132296138244 24.34679693310504
945 24.34679693310504 21.150318273142545

11 194.75668095588748 190.5525176164715
12 194.75668095588748 161.8558371537759
14 194.75668095588748 128.70431769717814
15 194.75668095588748 176.6109813552413
16 194.75668095588748 138.2107928794614
19 194.75668095588748 163.6684796123551
29 128.70431769717814 126.92257739698795
59 126.92257739698795 122.34464380210946
217 101.63723233211608 101.1152575405776
220 101.63723233211608 94.92913046626632
269 94.92913046626632 89.7366373005403
310 87.64496454844652 85.08383262639734
338 75.79551371447145 69.13280002570774
349 69.13280002570774 59.8661662768824
359 59.8661662768824 51.46015390457598
528 51.46015390457598 48.382721433547744
599 48.382721433547744 43.215560473955065
656 43.215560473955065 43.08791157015578
670 43.08791157015578 39.40241687283153
681 39.40241687283153 39.02271421149596
766 39.02271421149596 37.05381126462766
784 37.05381126462766 29.859191367201333
1011 29.02384990096985 27.4438168667579
1072 26.64024035916421 26.475630224377056

13 179.21699649385135 152.22098645834905
18 179.21699649385135 148.86232962128722
29 148.86232962128722 134.2740298791577
139 113.69702712626163 96.39735160956353
260 76.01048301876067 72.53612784723569
350 70.61033955538656 70.5526414203004
470 70.5526414203004 62.85999840238274
471 70.5526414203004 62.761166424957665
481 62.761166424957665 54.483352758683296
568 54.483352758683296 50.08523533315902
640 50.08523533315902 46.302850315594036
747 45.49063146141948 44.902803136107494
760 44.902803136107494 43.06498065741559
761 44.902803136107494 39.59859240636829
989 26.036028271508258 24.9114747311869
1003 24.9114747311869 24.082862252887537
1272 23.936159032729577 22.298222537270078
1396 22.298222537270078 21.74627814857891
1406 21.74627814857891 21.283733925473854
1416 21.153395568586305 20.896741406979743
1426 20.896741406979743 19.806587326461937

13 200.1437497076928 190.9875516423112
14 200.1437497076928 159.26246669938374
15 200.1437497076928 190.15141778294526
17 200.1437497076928 182.66101095778959
49 158.61859500920156 132.85375651216268
68 132.85375651216268 132.7213688108507
129 123.59778088996113 121.892185889465
139 121.892185889465 118.00854958608105
147 118.00854958608105 116.84901332325448
148 118.00854958608105 112.49200906661932
149 118.00854958608105 111.97596625149546
159 111.97596625149546 105.64618925205373
189 105.64618925205373 99.53201035489083
199 99.53201035489083 93.36356622487317
259 83.56858400276498 82.73375963251138
359 66.93467791850156 65.5021571094053
439 55.49375419084869 47.94808966348461
539 46.60696664775048 41.466314639448015
739 34.14240206843918 29.14495381829245
829 26.58978430634147 24.0941769560539
830 26.58978430634147 26.36851263353823
847 21.852223199256613 21.329356498719903
867 21.329356498719903 21.26095167247439
876 21.26095167247439 19.91023015155359
895 19.91023015155359 18.82108174175336
990 18.82108174175336 18.12600326910585
1084 17.40388733398312 16.30219393638437
1099 16.30219393638437 15.615121708777181
1109 15.615121708777181 14.95146417024597

13 192.06243099123387 163.4448248927067
15 192.06243099123387 191.0192675250252
17 192.06243099123387 156.87636985586892
18 192.06243099123387 161.9379045018677
19 192.06243099123387 164.88294527221439
38 156.87636985586892 151.56284856885628
39 156.87636985586892 148.36089556275613
48 148.36089556275613 142.36508062877775
49 148.36089556275613 145.36625848370159
57 142.36508062877775 129.30394200497457
96 121.15371066585712 119.74429866280377
99 121.15371066585712 115.95281044810389
107 115.95281044810389 106.79613932046303
128 106.79613932046303 95.38493879966754
148 95.38493879966754 83.02895289104032
219 83.02895289104032 78.66432453970098
380 58.889574344370715 42.19048743882413
551 39.97688435647993 32.84648978820498
588 32.84648978820498 30.63328445229996
599 30.63328445229996 26.976836959385594
610 26.976836959385594 26.751335641898706
620 26.751335641898706 25.404647554737707
730 25.404647554737707 25.115963693129046
882 23.907199172311493 22.937499964999006
952 22.937499964999006 22.6389161882896
1062 22.52682045328646 21.755763312936338
1072 21.755763312936338 21.53218421124818
1149 21.532184209217974 20.52781658061086
1353 20.100298419460046 19.826051565695067
1373 19.570822784902106 19.533775255724606
1433 19.533775255724606 19.455212321770503
1654 19.356905667646842 19.346757855360437
1815 19.091491966761254 19.022511911687317

11 198.54171585102125 187.5567077498233
13 198.54171585102125 197.30082414033046
15 198.54171585102125 159.2440628599167
17 198.54171585102125 177.47418907600934
18 198.54171585102125 149.9981076941238
19 198.54171585102125 155.4847639239735
69 140.68916256928887 137.52402096597262
106 124.11710178491148 118.97555175182279
116 118.97555175182279 113.04127646811006
118 118.97555175182279 113.95365226270307
119 118.97555175182279 118.21759448201966
129 113.04127646811006 110.75964785592348
147 110.2875258791796 109.14468813075321
216 106.48712071297098 105.5943617681105
218 106.48712071297098 101.82886725372282
228 101.82886725372282 96.10267075614166
229 101.82886725372282 86.67931755481179
350 65.61705573495618 55.536264425779244
379 55.536264425779244 51.786539520060444
827 19.347137504494214 19.064791037135052
844 19.064791037135052 17.78809329708764

12 171.3130956226608 144.0293137765562
15 171.3130956226608 132.91863284331703
16 171.3130956226608 146.07201140831896
17 171.3130956226608 145.45866734500441
18 171.3130956226608 143.00161944242592
26 132.91863284331703 132.29821506760698
27 132.91863284331703 131.44604718514927
29 132.91863284331703 124.54177792654713
59 124.54177792654713 122.707532441907
69 122.27323195861648 118.62784915062682
79 118.62784915062682 118.42254343912917
99 118.42254343912917 104.99310375432985
118 104.99310375432985 103.84338630279827
189 78.5529048243288 76.42256102623423
229 76.42256102623423 75.01820218385394
297 69.51381729120025 63.72926554570779
299 69.51381729120025 63.2017347224692
419 57.29386431814392 55.70403595775607
420 57.29386431814392 53.41322977487865
631 34.020517787746115 28.701231964744892
639 28.701231964744892 18.228296399980977
836 18.228296399980977 16.566554798928507
862 16.566554798928507 15.851633708990477
912 16.566554798928507 15.640083867695495

11 203.85343990432474 191.8285156204658
12 203.85343990432474 201.40385135846418
13 203.85343990432474 159.9386023180869
14 203.85343990432474 159.50619105743306
15 203.85343990432474 146.152464360456
16 203.85343990432474 180.08460316032136
17 203.85343990432474 188.07024179910266
18 203.85343990432474 191.73841713498513
19 203.85343990432474 190.0473723658352
35 128.7996749278288 117.11915331625212
69 106.40816234127344 105.00540719982266
79 105.00540719982266 100.05596359966259
109 100.05596359966259 97.64271166371711
158 97.64271166371711 92.02443340997014
159 97.64271166371711 96.00382090410307
258 83.1263315332602 81.1591340059723
269 71.50531252322673 65.44470698729214
329 64.7880992654294 64.2862706744611
348 64.2862706744611 62.241059295630016
520 62.241059295630016 61.42352151863632
528 57.17847950378382 53.67246518429877
529 57.17847950378382 45.563237743684525
540 45.563237743684525 41.3998277961225
629 41.3998277961225 36.7716407183526
638 36.7716407183526 34.52077854480049
700 34.52077854480049 26.668521480436453
720 26.668521480436453 24.75444761816381
760 24.75444761816381 18.088255428080714

12 187.3539936499871 158.00446184167546
13 187.3539936499871 146.3489624194452
16 187.3539936499871 184.1830295848522
19 187.3539936499871 166.46429184364155
29 146.3489624194452 144.11971353186038
200 77.8191557979084 64.06612593028589
340 61.006120847153134 59.13584069034342
341 61.006120847153134 52.09757127520307
411 50.86530274927166 42.07476199882363
521 42.07476199882363 38.45260288540218
529 38.45260288540218 27.12807514907516
530 38.45260288540218 30.885105075485953
531 38.45260288540218 32.260126438261764
541 27.12807514907516 24.715939529599268
651 24.715939529599268 19.47948067142977
859 18.431701068579258 16.35112158161833
971 16.35112158161833 13.78896985816057
1060 13.78896985816057 13.677285146031466
1072 13.677285146031466 13.216332487006255

12 179.16104928699048 157.1538112393779
15 179.16104928699048 107.95176421193764
16 179.16104928699048 135.58763025704738
18 179.16104928699048 157.72427102389645
19 179.16104928699048 166.27037498348463
190 87.45704756705275 68.11018220876863
401 59.13583036094283 56.54192100794459
512 53.32601605031289 52.49651495982268
522 52.49651495982268 50.24884495716145
580 50.24884495716145 48.11545512781671

12 199.09498286857016 196.06528087778042
14 199.09498286857016 181.53061251051224
15 199.09498286857016 130.3760415799743
16 199.09498286857016 187.0721186775517
17 199.09498286857016 158.3791865778822
57 124.37435189820684 121.62163744201725
58 124.37435189820684 123.60473275365264
59 124.37435189820684 123.30687575647498
139 121.62163744201725 115.29529074129243
159 115.29529074129243 102.77907199462356
269 91.38594168565936 75.98769393696318
328 75.98769393696318 72.02509352454922
428 70.27475605125339 68.33401722164196
438 68.33401722164196 64.51853753713242
539 51.14751227895826 48.54634843085165
626 42.35635677359019 41.46652347888201
636 41.46652347888201 39.288734742317146
639 41.46652347888201 38.9607600409112
820 35.533668628676935 34.80104121514955
951 34.80104121514955 34.61076153522386

11 192.72012708146696 129.67693695684073
12 192.72012708146696 168.80979409942188
13 192.72012708146696 114.09697348531813
15 192.72012708146696 152.05548961729764
17 192.72012708146696 159.63210335010749
19 192.72012708146696 165.8996439023332
109 107.67534011110368 102.97150267246204
249 74.76603941660049 69.17252822259594
275 69.17252822259594 61.67141730496238
511 42.59394976589116 39.44657744089987
531 39.44657744089987 37.275315155694464
541 37.275315155694464 34.76015286192572
612 33.22252643191152 29.554105964706352
751 29.554105964706352 26.61482889670512
762 26.61482889670512 24.897970119132623

11 177.1584147881864 85.48564075040548
12 177.1584147881864 167.83721029542397
13 177.1584147881864 169.98778600451288
15 177.1584147881864 167.7415327808199
16 177.1584147881864 132.06151089776165
18 177.1584147881864 145.42801213590477
109 79.71297733224648 77.78293764021888
129 77.78293764021888 76.95159405617076
139 76.95159405617076 76.70245205393292
158 76.70245205393292 75.57657974405738
280 47.98971459668186 47.63257865419004
290 47.63257865419004 45.88889911677024
480 34.76200852525167 29.168466705926406
508 35.77836303536478 34.292084230274284
631 28.02961390645673 24.918544130105033
662 24.918544130105033 23.617394291878554
729 22.544739012300653 20.85215257928577
762 20.85215257928577 20.67973115339835
796 20.67973115339835 20.017581788491427
860 20.017581788491427 19.45364349428087
942 23.635640986666132 21.551333283453232
947 21.551333283453232 21.23935621824471
960 21.23935621824471 18.432228835758977
961 21.23935621824471 20.177208037583057
969 18.432228835758977 17.270508036788954
1036 17.270508036788954 16.169033340137233
1112 16.169033340137233 15.831704457405891

14 176.60730577151776 151.33003030793446
16 176.60730577151776 163.642692022449
19 176.60730577151776 161.59189368800088
38 151.33003030793446 143.95299643172126
39 151.33003030793446 149.45221603774087
109 107.74447505244137 93.86715806352483
318 73.96176314045613 73.4598092585912
330 73.4598092585912 66.33073605774157
390 59.60497645847535 57.50075319813104
397 57.50075319813104 52.77555400544568
400 57.50075319813104 56.74868509363617
409 52.77555400544568 42.235935004422814
439 42.235935004422814 41.57350639055885
589 35.502853166968194 32.961735573019666
682 24.33071649073743 21.109151244421923
702 21.109151244421923 20.797407347397268
964 20.23147860017525 19.53934131666921
1095 19.53934131666921 19.469204721191645

11 204.0377968772324 188.80631549986106
13 204.0377968772324 146.65669668608592
14 204.0377968772324 198.87036567344273
15 204.0377968772324 197.51156002714737
17 204.0377968772324 167.57875975535805
18 204.0377968772324 118.63515696533237
19 204.0377968772324 177.3933400784843
109 106.47527898973293 101.94150220662299
119 101.94150220662299 99.40915687736407
129 99.40915687736407 91.68600121782305
169 91.68600121782305 90.34983540561491
288 88.9560481079893 82.92266305250229
300 82.92266305250229 80.05956967706815
330 80.05956967706815 74.67083537499546
521 50.50810057282236 50.25828542878441
611 45.70458559167813 44.355743740992885
619 44.355743740992885 40.02750997128397
620 44.355743740992885 37.34468356569838
630 37.34468356569838 30.737482860125255
650 30.737482860125255 28.999275916395717
720 28.999275916395717 28.193019633981606
771 28.193019633981606 27.346022037108014

11 177.92282650162338 158.32850571117183
13 177.92282650162338 149.7950733221151
14 177.92282650162338 173.84242063423386
18 177.92282650162338 171.4835900038036
19 177.92282650162338 173.02765673461383
59 149.7950733221151 147.0961397804973
119 146.84900015719765 133.35896953436944
149 133.35896953436944 127.15733631205822
169 127.15733631205822 123.67807360380041
279 88.43987239013333 84.20941865576866
289 84.20941865576866 78.53995270349665
345 75.43144457404586 75.06896825134476
359 70.47079031670563 58.66080946725093
399 53.92585102250133 46.21581778581586
827 26.04122875881974 25.90461147634197
830 26.04122875881974 23.9942217646461
1023 23.938257963943357 23.75058209949725
1043 23.75058209949725 21.799589203614147
1083 21.799589203614147 21.690534489407668
1183 21.687243302241725 21.480769027327113
1364 21.47772634065204 21.261115441785563
1505 21.25740159486331 21.05551975577599
1656 21.054249176457503 20.839192207876792
1898 19.629397116442718 19.469175456881985
2019 19.461846966786496 19.33163364992778
2170 19.039602517353245 18.993539868140374

11 206.9119357700579 201.38656278442664
13 206.9119357700579 159.24819784219653
16 206.9119357700579 173.4369458927359
18 206.9119357700579 147.80956422024593
19 206.9119357700579 184.19480170278416
29 147.80956422024593 147.69365830841969
39 147.69365830841969 145.74760497360643
48 145.74760497360643 114.919967336995
59 114.919967336995 114.46440380148451
109 96.147186423813 71.99949846862279
320 63.500060369393225 62.16165231085294
330 62.16165231085294 62.034173417844094
409 51.24861420003454 43.593377487375726
541 40.358746227810215 40.228618507453795
681 30.723406989867257 24.855652233368588
758 23.38725464803187 20.970429124443143
820 20.970429124443143 20.123671656117267
881 20.123671656117267 18.238288800225206
886 18.238288800225206 17.93029566474911
897 17.93029566474911 17.884025715246366
909 17.884025715246366 16.04792074200853
922 16.04792074200853 15.10608484463225
959 15.10608484463225 11.586971320211958
1012 11.586971320211958 10.288248114427546
1092 10.288248114427546 9.704073079954227
1102 9.704073079954227 9.270537657278581
1192 9.267554072345064 9.22941411184243
1241 9.22941411184243 8.563212639072887
1312 8.563212639072887 8.473406126468632
1402 7.729815975971562 7.701850063366848
1452 7.701850063366848 7.545758624924417
1592 7.540986981539248 7.485418930329942
1602 7.485418930329942 7.469080723931853
1613 7.469080723931853 7.450386978502408
1673 7.401910838909799 7.281183468079732
1703 7.281183468079732 7.272907889233451
1742 7.182331098865973 7.179319323565096
1813 7.178520100701348 7.1484750046037675
1934 7.147793932131677 7.015408441468708
2043 7.0151921173549 7.009890010413486

12 204.01893559551894 169.46144538646774
13 204.01893559551894 182.3136115710578
14 204.01893559551894 125.15437848476704
15 204.01893559551894 176.22744468798084
16 204.01893559551894 188.00241616309273
17 204.01893559551894 160.13777416570179
18 204.01893559551894 153.14882543363348
19 204.01893559551894 199.1647236617807
58 125.15437848476704 121.93191648547551
89 121.93191648547551 115.1304884871023
169 102.66074049652843 96.5165701722563
279 83.56371549089067 82.52196029233419
319 71.0916978326966 56.58019384116263
419 54.22716920209907 47.21655381694269
741 31.95379798779902 28.749957412593375
751 28.749957412593375 26.079291970890395
758 26.079291970890395 25.626969566339767
780 25.626969566339767 25.384607314000334
781 25.626969566339767 25.379646331428177
785 25.379646331428177 23.674985968974966
787 25.379646331428177 19.1702571347505
871 19.1702571347505 18.483438335037377

12 211.85149280172197 195.1127240613361
15 211.85149280172197 174.45078524650924
16 211.85149280172197 193.9666971322298
17 211.85149280172197 147.98407414646024
18 211.85149280172197 168.64048635477147
19 211.85149280172197 173.03427051879558
99 140.8296688937702 131.551908986213
119 131.551908986213 117.45644262143976
330 58.12230522522098 53.227687514500694
419 53.227687514500694 50.529054914687535
530 45.58017015494576 43.46012534631548
539 43.46012534631548 39.802010711390345
580 37.17941039982564 32.68034683895813
600 32.68034683895813 31.969220763583976
660 31.969220763583976 26.79743629481996
680 26.79743629481996 25.249941397385186
700 25.249941397385186 22.570565381716932
710 22.570565381716932 20.189805731855742
730 20.189805731855742 19.691440491658255
749 19.691440491658255 19.14864759367488
860 19.14864759367488 18.787180040303696
903 18.787180040303696 18.755024068444058
918 18.755024068444058 17.94735067544623
929 17.94735067544623 17.307648838413513

13 177.1757668177557 142.68142791365693
14 177.1757668177557 148.6135440588216
49 142.68142791365693 134.85447044312866
99 111.17001115694521 110.37342810788853
108 110.37342810788853 109.46115077271735
109 110.37342810788853 88.78279084865802
230 81.17080663628101 67.61278441083832
279 66.70702427636255 63.97021597803661
298 63.97021597803661 61.90497940045399
310 61.90497940045399 58.215416720290364
320 58.215416720290364 48.615365506874674
732 28.094548288116982 25.4565598034616
1187 24.94140619261428 24.57950361770868
1378 22.74037317127045 22.70807503444813
1438 22.618109324902818 22.603772811866506
1539 22.59562744563847 22.51092991760889
1680 22.51092991631019 22.336447196280403
1861 22.335232845120387 22.315226599389916
1982 22.312230829592437 22.305538599794204
2133 22.29781056716199 22.225838511656832
2274 22.22457226329614 22.166270149117523
2435 22.13720277365563 22.07001918835863
2556 22.067906705687463 21.977321042604743
2747 21.974561262587088 21.97204368499426

11 266.5118822121877 178.44936590685253
12 266.5118822121877 158.60694455829343
13 266.5118822121877 179.7282550524243
14 266.5118822121877 227.2921887182023
15 266.5118822121877 178.89410206983024
16 266.5118822121877 173.71491454446704
17 266.5118822121877 171.43616139846824
18 266.5118822121877 180.8007854882838
19 266.5118822121877 165.42511785259046
28 158.60694455829343 145.63473323216843
29 158.60694455829343 157.02189842274973
49 145.63473323216843 135.86160660720452
59 135.86160660720452 125.40010860946423
69 125.40010860946423 115.80535098995404
79 115.80535098995404 108.41130154913719
159 104.93197367122542 100.47244649156727
199 91.5805864744758 88.5465413813468
200 91.5805864744758 80.44835879288885
260 80.44835879288885 75.9329318324577
330 71.68357367711045 58.18095036064709
380 58.18095036064709 55.333384863021834
448 55.333384863021834 53.33753613355033
460 53.33753613355033 43.63623290696508
559 40.34197529163089 38.07702475433125
578 37.51760062249488 34.312521015488215
599 34.312521015488215 25.124455503706358
600 34.312521015488215 26.90696732408216
680 18.33111400449286 17.331516953931953
766 17.331516953931953 15.395529290293084
799 15.395529290293084 13.038274163276213
848 13.038274163276213 12.515254145089528
890 12.515254145089528 12.450577447108174
900 12.450577447108174 12.034902773786428
990 11.38445424574239 11.340397183303693
1000 11.340397183303693 11.043703039527102
1010 11.043703039527102 10.574943542575454
1020 10.574943542575454 10.492037476416158
1090 10.311030660993183 10.288193794952264
1130 10.288193794952264 10.278270925733437
1180 10.274583646615667 10.032645067925586
1341 10.027865358832557 9.86088685345176
1492 9.856467716609131 9.819235833422809
1613 9.754676743802435 9.521393462834496
1734 9.52139346166939 9.521039460662791
1744 9.521039460662791 9.520632619924015
1764 9.520170725922355 9.284411096403232
1885 9.284101021838296 9.124068572769914
2026 9.12292287742747 9.11507047070667
2187 9.111887438568544 9.027126098865196

11 209.48119078220262 167.27450252965463
12 209.48119078220262 148.56283503743276
14 209.48119078220262 138.1702514247067
16 209.48119078220262 209.32998020371198
18 209.48119078220262 136.9892988164442
19 209.48119078220262 207.8980925587295
88 136.69201735588078 133.7129406536559
108 133.7129406536559 119.74326606987123
168 116.95187397520908 111.22173449828104
169 116.95187397520908 111.09651519480244
179 111.09651519480244 103.87524219483475
328 91.82997019364136 86.82726501573028
340 84.9982991343133 76.83720245940609
359 76.83720245940609 73.65111831637664
470 58.620194023315236 50.21200714631268
550 50.21200714631268 48.20871257589598
650 48.20871257589598 45.70300187552195
680 45.70300187552195 27.137096285216245
740 27.137096285216245 26.147105294697667
750 26.147105294697667 25.820053657189362
770 25.820053657189362 22.186267398669983
790 22.186267398669983 21.83715495516617
826 21.83715495516617 20.556963962111425
839 20.556963962111425 16.914331180367185
929 16.914331180367185 16.39007843331993
940 16.39007843331993 16.088872720171594

14 162.71751312691498 136.4247837704663
15 162.71751312691498 129.74773627567384
17 162.71751312691498 119.561290958499
18 162.71751312691498 143.53907166892932
19 162.71751312691498 144.96187189156143
78 119.561290958499 118.94510052790125
119 96.91579084301219 94.01589449079337
129 89.83706405405975 86.59751377949894
139 86.59751377949894 84.86004576039196
169 84.86004576039196 74.07773430910183
199 63.51330114955483 54.93902336944589
390 52.031216217102504 50.166785037318746
400 50.166785037318746 47.098133594149324
420 47.098133594149324 46.13530682401047
460 43.26994655036078 39.63103268920105
490 39.63103268920105 37.38267284147701
609 34.72342737889042 33.590438682195554
641 33.590438682195554 32.64277346308354

12 159.05912390457064 132.13208220014144
13 159.05912390457064 158.19722734538234
18 159.05912390457064 125.69205381238456
89 122.3694822376291 101.3682955160694
370 73.98763128029981 72.5529379791378
400 67.93464141577809 62.47149369770831
411 62.47149369770831 43.450513326901216
499 36.99509974139377 31.707408551607273
501 36.99509974139377 30.456705400791776
510 30.456705400791776 26.84510558804756
519 26.84510558804756 26.674742000006333
520 26.84510558804756 21.407967001185227
570 21.407967001185227 20.031575793307468
668 20.031575793307468 16.861839618578145
681 16.861839618578145 15.204995046301562
718 15.204995046301562 15.022733396383018
779 15.022733396383018 14.379131206976183
801 14.379131206976183 13.211044329729333
808 13.211044329729333 13.054995857592331
857 13.054995857592331 10.180224330818277
897 10.180224330818277 9.899009221960313
983 9.534071986700368 8.602665518080485
1051 8.602665518080485 8.585441119461578
1089 8.585441119461578 8.046844475354888
1161 8.046844475354888 7.883931899474035
1231 7.833523263974797 7.714327285219596

11 193.8499234208059 110.03456773222355
15 193.8499234208059 170.56465984358667
16 193.8499234208059 162.73282908924656
17 193.8499234208059 148.0477682268656
18 193.8499234208059 182.3144034437342
19 193.8499234208059 133.1682447208133
190 81.55156512532363 63.48042142450167
300 63.48042142450167 55.47490523322791
379 55.47490523322791 44.9627038320493
420 44.9627038320493 44.246725372200075
428 44.246725372200075 42.45966489513653
429 44.246725372200075 38.62349098637537
430 44.246725372200075 36.92348910348228
440 36.92348910348228 29.10083453032587
518 29.10083453032587 25.955177359656602
529 25.955177359656602 25.7337596637782
538 25.7337596637782 24.69410957160966
579 18.141850270256285 16.32234838419481
590 16.32234838419481 14.597522381174642
789 13.034828297426102 12.581721120332105
821 12.581721120332105 10.31514141128224

14 180.25959102257912 145.5570846799448
16 180.25959102257912 143.3492519401151
17 180.25959102257912 165.19513076227128
18 180.25959102257912 141.1005835083539
19 180.25959102257912 179.05587062039615
79 131.6760407374234 125.17525610024234
128 119.69761671166785 118.71821814178873
138 118.71821814178873 115.82184659618977
199 114.4686190563541 114.03497799590382
239 114.03497799590382 111.12506282994917
248 111.12506282994917 102.19247213183678
329 95.33946770130186 94.13934951371044
349 91.62850841872074 74.28780037808104
457 71.8606801595644 71.41824761734654
525 71.41824761734654 65.66278924925386
654 32.09989529938642 32.0821252629209
798 29.236323313053546 27.62901393938877
816 27.62901393938877 20.474217726146506
854 20.474217726146506 19.20769057720065
1141 19.20769057720065 17.963191089262452
1153 17.963191089262452 17.77030535812888

11 191.35612254793529 163.02925175039718
12 191.35612254793529 174.4273313670294
15 191.35612254793529 166.19908849529224
17 191.35612254793529 142.9929595403023
18 191.35612254793529 141.60805826420957
19 191.35612254793529 169.65579043919809
29 141.60805826420957 123.13255032339013
249 78.68978672208328 74.7449130107801
270 74.7449130107801 68.10135787022992
300 68.10135787022992 63.962241672341186
310 63.962241672341186 63.18366709522131
330 62.96268261811263 49.886802631392015
440 44.673270035947034 44.18453297185202
447 44.18453297185202 33.179814788712804
650 20.182854966109574 17.911328080184262
1032 17.900890878048628 17.66146491583875
1155 17.66146491583875 16.19169103502169

11 154.12666117827214 147.67350461238365
13 154.12666117827214 148.32133952299728
16 154.12666117827214 133.42810414347417
49 133.42810414347417 125.86781627470533
108 125.86781627470533 122.13918415230816
128 122.13918415230816 114.03713265247694
159 110.14302444583478 109.64922515667428
169 109.64922515667428 105.95568517045172
179 105.95568517045172 105.5390269422195
188 105.5390269422195 102.22135061479749
189 105.5390269422195 104.51893718103081
239 96.77551397700462 92.27217820736115
339 76.38026661912156 75.28372617289294
349 75.28372617289294 74.01798192493597
449 67.51101996958494 59.87716476671557
489 59.87716476671557 54.546813691108675
498 54.546813691108675 50.7395386296825
529 50.7395386296825 49.27483652165306
539 49.27483652165306 48.17184528277455
629 32.81583851974341 30.418933041944854
639 30.418933041944854 29.388631747341947
697 28.11696264171279 24.361273854041002
719 24.361273854041002 22.781740664293793
959 17.531129612797685 17.087925123606965
1112 16.547302051001225 16.118676192249524
1303 16.116003787348518 15.426541248441595
1424 15.331932571022548 15.147048449913356
1434 15.12724473590714 14.930955431667456
1534 14.632510462052693 14.60649587875696
1564 14.60649587875696 14.448634352388567
1594 14.448634352388567 14.351786435330581
1604 14.351786435330581 14.349328089073055
1644 14.348166827589708 14.25205061850572
1785 14.241038385807201 14.231548189034541
1815 14.231548189034541 14.22948034151544
1845 14.228730894482922 14.067218845578864
2066 14.06088507625222 14.053073134372013
2126 14.053073134372013 14.051849720932353
2287 14.02995089714787 14.00742496601633
2347 14.00742496601633 14.002936415264458

11 222.22222552356988 169.78691149670396
12 222.22222552356988 200.95510135661243
13 222.22222552356988 144.60648246335788
17 222.22222552356988 201.544647593222
18 222.22222552356988 217.53713803383687
19 222.22222552356988 193.26777628444407
69 135.26340401739554 112.66412211208899
149 112.66412211208899 89.71636615853014
259 89.71636615853014 89.38746808396394
521 35.450798827301696 31.390458626153546
699 31.390458626153546 29.44696047380515
709 29.44696047380515 24.81449221960449
712 29.44696047380515 29.341067563593597
713 29.44696047380515 24.891239399497962
723 24.81449221960449 21.376717487484754

11 226.66446601381676 209.8055863926036
12 226.66446601381676 159.95510147056686
13 226.66446601381676 204.49676245004383
15 226.66446601381676 186.82618205412479
16 226.66446601381676 140.32118750349485
17 226.66446601381676 208.50234762091227
18 226.66446601381676 159.67062208027045
19 226.66446601381676 195.77792781045423
39 133.31875139292282 130.85125463345628
49 130.85125463345628 128.86277203714326
160 94.83376943393975 90.22473801088256
381 51.69760901363116 47.85368994351602
632 36.68236909793967 28.663993518481035
633 36.68236909793967 25.600902912355025
773 25.600902912355025 23.219160381165935
774 25.600902912355025 24.94413165910565
799 23.219160381165935 21.958226816039982
812 21.958226816039982 19.807168066519807

59 119.77926166978995 102.6963953715751
229 92.63052474946748 89.27397785432242
241 89.27397785432242 86.13853332100173
290 75.97882786534474 70.58517820621363
341 60.15395367929006 56.86607965932026
482 43.68381746095627 41.23772329301867
550 41.23772329301867 40.63040816277187
551 41.23772329301867 38.843817652406706
568 38.843817652406706 37.619283502780874
599 34.20478954151801 32.073883991278706
615 32.073883991278706 28.593638206110114
622 32.073883991278706 28.6815207264342
629 28.593638206110114 25.02460115908586
630 28.593638206110114 22.622298173913677
645 22.622298173913677 22.06501789721115
650 22.622298173913677 19.34806128941875
768 19.34806128941875 14.87395133647992
853 14.87395133647992 13.836645904262326
1054 12.568861866231131 10.889764137158593
1084 10.889764137158593 10.747255440221195

29 140.52808698574535 137.54368679589416
48 137.54368679589416 125.47557857072613
59 120.41120778644184 118.25967413798423
69 114.46997926022222 106.92562472449032
339 72.2697349306592 70.26631193026454
351 70.26631193026454 61.67014116529827
386 61.67014116529827 53.06643886823441
411 53.06643886823441 50.41281808171063
421 50.41281808171063 49.9162153998519
449 46.40149213568901 43.768769839686726
550 41.045633166301165 40.48069053088966
571 40.48069053088966 26.51776306754718
992 22.577622897562875 20.96363964088758
1135 20.96363964088758 20.88853555305697
1225 20.885516163694646 20.793237454483346
1406 20.12075584022284 20.021444199738255
1426 20.021444199738255 19.707943309498802
1436 19.707943309498802 19.638652625440386
1567 19.635417585747533 19.505995849113702
1688 19.505089319969258 19.378678623240106
1809 19.345762680734666 19.320726054128215
1950 19.316645193918816 19.233869250602368
2081 19.11701181286938 19.078400537714543
2191 19.076669895343514 19.076669894934994
2232 19.07504288995318 19.010887064950055

11 188.57224676986647 171.27321528767328
12 188.57224676986647 169.36321670527477
13 188.57224676986647 183.5733008575191
15 188.57224676986647 150.74674824653187
18 188.57224676986647 147.0764647228355
19 188.57224676986647 188.04955591419463
29 147.0764647228355 125.51100609776122
78 121.27157813454649 114.77248671899274
79 121.27157813454649 105.16264550259505
139 98.74229273582785 92.69587130229363
207 92.69587130229363 88.02174891197168
269 88.02174891197168 78.01418795926098
299 78.01418795926098 77.92565490419797
308 77.92565490419797 75.83440756690251
318 75.83440756690251 74.60956761354774
319 75.83440756690251 74.79706171403832
328 74.60956761354774 69.36838605897967
329 74.60956761354774 73.32609009412957
369 69.36838605897967 68.52256371520282
428 60.10989927859771 59.14255210028298
520 51.01209205101531 49.211278219117666
537 49.211278219117666 47.96475764629866
620 47.96475764629866 35.8873043201862
766 21.496936396751764 17.8320243267396
770 21.496936396751764 17.288600347968966
776 17.288600347968966 11.594130575492755
778 17.288600347968966 15.952412144972172
835 11.594130575492755 10.767060821753944
839 11.594130575492755 10.728056182333944

12 161.21275742349258 146.38681451811686
13 161.21275742349258 156.18589156596283
16 161.21275742349258 127.59779935561419
17 161.21275742349258 136.87383619423198
29 127.59779935561419 123.55496799854899
38 121.04043942611754 116.09837397594296
39 121.04043942611754 104.45951793413138
148 96.56084925120972 92.66305528314825
159 78.36596823426858 73.95757025509928
160 78.36596823426858 64.83906866556433
270 64.83906866556433 63.41661402913868
280 63.41661402913868 54.79887693485397
411 48.96949719108457 45.313803976042585
431 45.313803976042585 43.75306721317244
440 43.75306721317244 43.520506877077054
451 43.520506877077054 42.39930856562333
461 42.39930856562333 35.26103442960412
541 35.26103442960412 30.56444945955772
559 30.56444945955772 24.59667459289399
833 15.272965727215492 15.193582440028607
843 15.193582440028607 13.725090376069517

11 208.994531697392 188.0786124527032
12 208.994531697392 169.20594587792806
13 208.994531697392 188.29369200053554
14 208.994531697392 174.12279845322385
15 208.994531697392 191.24344368937983
16 208.994531697392 207.07593249488005
17 208.994531697392 154.52742361805284
18 208.994531697392 199.17184297396844
19 208.994531697392 192.80698638567114
29 154.52742361805284 142.66433161645148
38 142.66433161645148 141.97232648072847
47 141.97232648072847 130.78380711878566
48 141.97232648072847 134.20014483027072
49 141.97232648072847 135.75548952137368
89 112.31825240283608 105.63320811641336
179 98.85573695766142 85.8678441521537
189 85.8678441521537 81.20840340572592
218 81.06753765735635 69.3884285372493
531 42.19647007357933 37.046325971534465

11 230.22538565171175 207.9788293805964
12 230.22538565171175 202.88651819520683
13 230.22538565171175 183.67494990371492
14 230.22538565171175 209.75270939977395
15 230.22538565171175 132.93385557569346
17 230.22538565171175 146.67185296181373
18 230.22538565171175 179.73088985375512
19 230.22538565171175 146.07166671247055
250 81.09112772176172 69.41523821526764
270 69.41523821526764 60.883155004200646
321 53.81325729487481 38.31727268280203
421 38.31727268280203 34.94759990621618
431 34.94759990621618 31.278235404133966
440 31.278235404133966 28.71968061620666
531 28.71968061620666 27.04653971812141
541 27.04653971812141 26.689165304612445
558 26.689165304612445 25.82928168616924
639 16.09367428533824 14.451379834319937
731 14.451379834319937 14.091967055774035
790 14.091967055774035 13.915845099199586
827 13.915845099199586 12.773560085579547
851 12.773560085579547 12.062106007699896
880 12.062106007699896 10.85419955336431
940 10.85419955336431 10.328380686967733
971 10.328380686967733 9.737564525292186
1011 9.447622782745654 8.812044053213526
1031 8.812044053213526 8.232615531872284
1202 8.228797748323544 8.127979852073366
1333 7.628720166322552 7.619897251097285
1343 7.619897251097285 7.564135285513572
1353 7.336959401384121 7.3318022037150286

11 131.15977591106432 129.4664351975531
38 129.4664351975531 107.48731450621678
147 87.53520550104298 85.0365702111708
199 76.66880098352105 75.08248944434169
471 40.37037955645248 38.50472403482099
561 38.50472403482099 37.22123298570232
591 37.22123298570232 36.88765006992877
611 35.984092295769315 34.70005785506022
637 34.70005785506022 32.241508566295664
649 32.241508566295664 26.957849677187497
756 26.957849677187497 26.39901705607292
771 26.39901705607292 24.604390309624108
859 24.604390309624108 24.032379380951483
911 24.032379380951483 23.91688801547285
979 22.645208149103 21.887671094995625
991 21.887671094995625 20.94006645972827
1081 20.178312524280372 20.173209687316955
1101 20.173209687316955 20.172386362515184
1151 20.166044841269354 19.713033673016895
1292 19.70402892496243 19.59323298357829
1463 19.59101399289696 19.562924324102653
1594 19.309770882981383 19.241354027079282
1715 19.163743186310853 19.12057649896299
1856 19.119329833615524 19.06861114887313
1987 19.06822064318463 19.06532787747102
2027 19.06532787747102 19.06432193889887
2087 19.062365216955257 19.042873007085632
2167 19.041937324717026 19.041703750427487

11 223.8759927645002 181.71741313764306
12 223.8759927645002 204.29461163977794
13 223.8759927645002 140.03670128441837
14 223.8759927645002 163.48544963054172
15 223.8759927645002 168.2760572449786
16 223.8759927645002 196.89831020300244
17 223.8759927645002 165.18155551161988
18 223.8759927645002 163.77563507772456
19 223.8759927645002 150.25418261109346
29 140.03670128441837 134.5187025075797
38 134.5187025075797 131.57570893479095
48 131.57570893479095 111.8487376993834
49 131.57570893479095 124.89101078652808
59 111.8487376993834 110.58954513412887
240 64.9578899535558 56.01047813898493
350 49.88057407892386 46.84158145112264
358 46.84158145112264 39.65144597189819
450 39.65144597189819 37.65082431126852
530 37.65082431126852 34.93096826380693
580 28.275726587269503 25.54650613101525
681 25.54650613101525 21.35340349443682
704 21.35340349443682 20.02108184424246
710 21.35340349443682 20.9106185887953
730 20.02108184424246 16.407195290814244
731 20.02108184424246 16.713627863466613
741 16.407195290814244 15.202596934726486
829 15.202596934726486 13.912498334435298
916 13.912498334435298 13.414110089975281
956 13.414110089975281 12.897124841605887

18 152.65765147499195 113.97078027495651
140 102.40542767765605 99.17862214553357
150 87.02824621528816 85.5515007212016
160 85.5515007212016 84.03698025501848
169 84.03698025501848 83.6653829159193
170 84.03698025501848 81.6342722751714
179 81.6342722751714 78.02638268051756
220 72.26174081758523 71.6052200747011
341 57.20825953708584 51.15060162866258
512 51.15060162866258 49.54910414870599
527 49.54910414870599 46.010624161882184
679 46.010624161882184 45.93166947513208
692 45.93166947513208 45.59709623454888
708 45.59709623454888 44.230637477438165
713 45.59709623454888 45.04807498066408
727 44.230637477438165 42.78040000548641
730 44.230637477438165 39.398754061174174
1094 39.229515186198455 39.17237124547269
1166 39.17237124547269 39.00661009207309

11 159.71209384738398 141.67152973266644
14 159.71209384738398 116.61851739576753
16 159.71209384738398 119.23927260535527
29 116.61851739576753 112.8326261054892
331 52.28100445310879 39.388332540254126
472 29.744262406551144 26.86190967215522
512 26.86190967215522 21.092636000137972
619 18.268969550417765 15.384655031771103

11 237.5489569162795 181.39662267870085
12 237.5489569162795 222.8509238690519
13 237.5489569162795 231.046287669613
14 237.5489569162795 171.33789783982763
15 237.5489569162795 178.47844612329516
16 237.5489569162795 178.10413280181123
17 237.5489569162795 176.11180738267657
18 237.5489569162795 214.87618904970736
19 237.5489569162795 234.27527456098045
28 171.33789783982763 170.01923935720845
39 162.49698804866264 152.7407556825438
49 152.7407556825438 147.53691336412095
59 147.53691336412095 126.46325816743818
89 126.46325816743818 125.22735514213699
98 119.00166236851318 116.91005124298448
99 119.00166236851318 115.75493069940647
240 83.93442486582897 82.84802899895587
249 82.84802899895587 79.74145018505344
250 82.84802899895587 81.3950060446133
260 79.74145018505344 79.19289963806685
270 79.19289963806685 75.271024099707
340 73.84818662734659 68.71875644803038
430 68.71875644803038 58.013631199835615
508 58.013631199835615 55.085958830348034
509 58.013631199835615 52.83505563117319
520 52.83505563117319 50.97440590527639
661 30.94270158980497 29.16336089355532
671 29.16336089355532 28.55579521290744
700 28.55579521290744 26.952449371919926
711 26.952449371919926 25.814965987424586
738 25.814965987424586 24.149574852164008
741 25.814965987424586 17.765764375301103
771 17.765764375301103 16.345569620644156

11 201.08716980853237 178.3047497567844
13 201.08716980853237 158.00188167547023
14 201.08716980853237 186.82172647500192
15 201.08716980853237 173.52973603138346
18 201.08716980853237 133.08103006793698
19 201.08716980853237 161.08235051872447
49 133.08103006793698 113.7858780341468
311 78.50867049040315 71.07035954962879
390 53.14070838590578 48.77070308148255
481 48.77070308148255 40.1898326738326
587 40.1898326738326 40.164547671009394
590 40.1898326738326 39.66820595162945
611 39.66820595162945 33.27650096760152
621 33.27650096760152 30.883676690075575
711 30.883676690075575 25.752742206943594
719 25.752742206943594 23.63207507982699
738 23.63207507982699 22.872268086162947

13 183.0524183691985 176.74244195360762
15 183.0524183691985 154.18468717769707
16 183.0524183691985 168.57443777182226
17 183.0524183691985 149.33833523233528
19 183.0524183691985 172.36495032432637
48 141.62980212158865 139.97947731684843
49 141.62980212158865 134.7351655842007
87 134.7351655842007 131.44213017185643
88 134.7351655842007 128.20993389037332
139 123.53932286657981 114.62167017106152
168 106.5815652646418 95.22128939733844
169 106.5815652646418 99.34774593051078
520 55.58087825524449 54.536971998616266
611 54.536971998616266 53.19965798709363
615 53.19965798709363 52.305619453391955
620 53.19965798709363 48.88773229085082
622 53.19965798709363 50.181479574047586
701 48.88773229085082 46.31659650331632
709 46.31659650331632 41.75546549300913
711 46.31659650331632 45.710619402685595
740 41.75546549300913 40.360612888753444
825 40.360612888753444 37.80487344969424
840 37.80487344969424 37.165916958393744
1354 25.697692854768903 22.848462237740748
1567 22.848462237740748 22.526925751816776
1597 22.526925751816776 22.312900723023944
1607 22.312900723023944 22.13902585738134
1687 21.57829820963329 21.27269182531421
1697 21.27269182531421 21.044916800375503
1707 21.044916800375503 20.915647581428402
1757 20.635843226373424 20.498108272712173
1767 20.498108272712173 20.44961135286752
1777 20.44961135286752 20.422268793979057
1877 20.421505626964333 20.36295439233831
2028 20.355813322239143 20.318776173498392
2199 20.104678747401167 20.09381878794167
2340 20.075614139687858 20.02120450720801

11 147.98393999415146 142.05292009348375
29 142.05292009348375 139.74613769673527
49 139.74613769673527 138.49264115655285
59 138.3269886218768 119.42641912479576
119 106.73921663775724 103.0899447415479
129 103.0899447415479 89.39699152936979
300 65.33333005830558 56.536659608953755
390 56.536659608953755 46.04350456211879
489 46.04350456211879 43.19076581002093
530 43.19076581002093 39.40240018474446
757 35.410600627157066 27.912763409573216
812 27.912763409573216 22.857168780152122
839 22.857168780152122 21.237574113258887
846 21.237574113258887 17.440239728553593
901 17.440239728553593 16.582940693108554
972 16.582940693108554 15.717917911042804

12 203.1682832076817 198.61744511236057
14 203.1682832076817 170.98256612868803
16 203.1682832076817 180.16581679307896
19 203.1682832076817 191.71982164342768
47 170.98256612868803 166.29810733278828
48 170.98256612868803 169.33552606186788
56 161.7501094991027 160.97603433100494
69 147.69775847135753 139.03437374495851
99 139.03437374495851 136.2949144869896
178 124.97039217743743 116.62337569480006
179 124.97039217743743 107.71581234636787
219 103.08301549783647 98.6126608650287
299 97.62298136468728 93.86874042368035
369 85.66648745964069 79.32007765778827
399 76.49063800102604 73.03243701896757
439 69.01893491106259 62.182302104436395
808 21.778714497564806 20.999707072288814
1048 16.928855424571196 15.271506724190772
1084 15.271506724190772 13.889244511774308

99 119.30580911166447 116.890148854227
159 116.890148854227 107.15031668667177
246 102.60661526877536 99.1295307978009
249 102.60661526877536 98.34012222610639
258 98.34012222610639 92.92990392431686
364 89.63849497774405 88.9820470765471
380 88.06692948693097 63.687575605546506
469 49.988496366075736 48.83475365665892
601 46.75821366152878 42.94592512360879
611 42.94592512360879 35.17529095859149
882 29.039726489034734 28.38277469891642
893 28.38277469891642 28.124682014983733

12 203.30891506905652 175.04894810684402
13 203.30891506905652 156.13058147898118
14 203.30891506905652 139.40890529653424
15 203.30891506905652 190.69367916101362
16 203.30891506905652 135.80372931494938
17 203.30891506905652 172.4566858888482
18 203.30891506905652 154.22326597638346
19 203.30891506905652 132.5519718815048
28 132.5519718815048 126.10384608811995
29 132.5519718815048 128.3119608204144
39 126.10384608811995 118.9338158694985
57 118.9338158694985 106.57190338111512
149 98.54423196624171 92.57505358201155
311 51.862308200362556 42.237338919658555
629 27.580329263072827 26.698516261981837
643 26.698516261981837 23.86061378026845
713 23.86061378026845 23.455402994345377
955 23.455402994345377 22.83469144245207
975 22.83469144245207 21.57911276808477
1015 21.57911276808477 20.519608800594497
1025 20.519608800594497 19.659022283394833
1438 19.65008596775445 19.519295627452863
1579 18.774154513809947 18.572269159917013

11 196.910841773819 114.25063347990566
12 196.910841773819 150.50713246458258
13 196.910841773819 187.7447500143743
14 196.910841773819 178.79599967413844
16 196.910841773819 161.5452211536422
18 196.910841773819 194.05890896546123
19 196.910841773819 133.04630424177313
119 112.23732030678423 110.39394660575961
158 110.39394660575961 107.57146744740152
238 91.49042801529941 88.38546575706799
239 91.49042801529941 74.47448231670992
450 35.91205887098165 35.37364432290745
649 30.429633505743226 27.68368572045722
671 27.68368572045722 25.817985893877818
715 25.566370412566954 24.328745869379844
820 23.876504588286068 22.972435661616046
845 22.972435661616046 22.575830078019322
850 22.972435661616046 21.736612932748116

12 179.84393976499396 147.9847777712352
14 179.84393976499396 175.5116097629039
17 179.84393976499396 143.2116337882091
18 179.84393976499396 102.16916451760382
249 91.54893266246219 90.32729132967303
301 82.97540621185874 77.3886772150935
311 77.3886772150935 75.39357317223369
419 70.06656456453607 69.5175511285579
429 69.5175511285579 68.4938203499498
436 68.4938203499498 60.403043720893116
446 60.403043720893116 58.96071250676418
461 55.90659084365779 55.90510980784843
527 50.28460163807167 46.72255878063014
551 46.72255878063014 45.57317237639018
561 45.2887502224168 41.672739801856295
650 32.705416525019444 28.83228442483761
720 28.83228442483761 27.423873235773527
731 27.423873235773527 25.20804973897002
739 25.20804973897002 24.810571335621987
749 24.810571335621987 23.048486280773545
750 24.810571335621987 23.666783440120895
759 23.048486280773545 20.586677997838393
800 20.586677997838393 15.246370788919762

13 176.00568695332316 162.2956281189297
14 176.00568695332316 172.38258852867955
15 176.00568695332316 165.79137974980443
19 176.00568695332316 156.18422686111734
26 156.18422686111734 150.7120521695567
29 156.18422686111734 149.02379023239348
37 149.02379023239348 135.04301310106467
38 149.02379023239348 145.76909835728205
39 149.02379023239348 128.43156321634888
49 128.43156321634888 124.9002048065402
79 121.63908036874452 119.1913028447398
178 103.78142296313213 97.91088668552999
179 103.78142296313213 101.42241173233472
188 97.91088668552999 95.36280549221861
189 97.91088668552999 90.24828824893136
309 63.55729239321188 61.502775819492506
320 61.502775819492506 57.897522461823684
388 57.897522461823684 57.24437950133482
390 57.897522461823684 53.575772717384126
399 53.575772717384126 48.807455858741385
407 48.807455858741385 41.28960597992043
409 48.807455858741385 46.607531505498045
449 41.28960597992043 39.92666949147322
490 39.92666949147322 37.88038188857266
529 37.22030207834217 34.10805082204298
610 34.10805082204298 32.47187570637149
630 32.47187570637149 27.85487340871795
727 27.491342009210655 25.588849667374262
729 27.491342009210655 25.651511606876312
760 25.5132203813278 24.84739741565089
844 24.84739741565089 22.497055441601887
900 22.497055441601887 22.049537883256278
976 22.032820016489467 21.61411370307421
979 22.032820016489467 21.293245161137477
982 21.293245161137477 21.196952367155248
986 21.293245161137477 19.033603907721982
996 19.033603907721982 18.58407295164534
1005 18.58407295164534 18.572619740400214
1019 18.572619740400214 18.164341081194436
1045 17.374215081217883 15.484362701510975
1060 15.484362701510975 14.763681886203969
1153 14.49018004823975 13.827688201912522
1159 14.49018004823975 12.815405778983944
1311 12.752938094573494 11.414185225706007
1472 11.065790998693373 10.93221104238556
1603 10.890395580718035 10.774030288255048
1784 10.223694540376002 10.08663739643265

12 137.75379223421658 122.26694597274688
29 122.26694597274688 109.10495455296169
170 101.27342743430955 100.00731883161562
180 100.00731883161562 98.56086257719434
229 98.56086257719434 97.45159697061253
230 98.56086257719434 91.01582065390708
320 81.99709518471582 79.99945617080985
340 79.99945617080985 66.5516054545448
360 66.5516054545448 56.714449874488736
389 56.714449874488736 55.37786638658006
410 55.37786638658006 53.49755452113181
419 53.49755452113181 51.4431358813481
470 48.12917667854344 45.76437263596008
498 45.76437263596008 44.97871885092658
520 44.97871885092658 39.97927038547827
530 39.97927038547827 38.224889910157344
539 38.224889910157344 33.90420995173524
639 33.90420995173524 23.441271892101796
678 23.441271892101796 23.318940322644252
680 23.441271892101796 21.804027706275377
699 21.804027706275377 21.103543469976955
708 21.103543469976955 20.83050377918559
710 21.103543469976955 20.469138881056153

