pass_rich_deceptive2_step1_poor10rich0
eval_cnt worst_rich_fitness new_rich_fitness
19 -0.23501143660072776 -0.40845058809657936
119 -0.4705109513343276 -0.5223726232649557
491 -0.5664038927476496 -0.5693598163516657
499 -0.5693598163516657 -0.5777330737811689
579 -0.5777330737811689 -0.5835421047656046
609 -0.5835421047656046 -0.6034296094689133
692 -0.6237317585376575 -0.6308731709584573
758 -0.674343909242486 -0.6764746953063496
776 -0.7048466556262685 -0.7146059207924296
780 -0.7048466556262685 -0.7270371215274491
789 -0.7270371215274491 -0.7547142372422649
859 -0.7547142372422649 -0.7557512564922548
958 -0.7557512564922548 -0.7587716681515759
11145 -0.7661964182597863 -0.9231501584606308
12414 -0.9231501584606308 -0.9316226996704254

16 -0.3807705556352951 -0.38090804384255456
29 -0.40354219427423615 -0.4359713333145824
301 -0.5957486427246192 -0.9091818874522642
401 -0.9438660476088806 -0.9552948607570887
621 -0.9666260588713905 -0.9676507936181691
744 -0.9676507936181691 -0.9800936905565474
773 -0.9800936905565474 -0.9904469205322706

11 -0.08773520766247316 -0.4022014460447344
12 -0.08773520766247316 -0.28814927839992366
13 -0.08773520766247316 -0.12366444019165615
17 -0.08773520766247316 -0.5696423252422114
18 -0.08773520766247316 -0.22510875215083856
230 -0.8872690818281727 -0.9061743465445543
239 -0.9061743465445543 -0.9475216715253462
240 -0.9061743465445543 -0.9083299503566248
299 -0.9475216715253462 -0.9503422687271812
329 -0.9503422687271812 -0.953064473157621
370 -0.953064473157621 -0.976340157765171
420 -0.976340157765171 -0.9837452605861603
428 -0.9837452605861603 -0.9934952225826137
560 -0.9934952225826137 -0.9936849000508327

12 -0.015127389658564536 -0.14657194109097035
13 -0.015127389658564536 -0.09898468594012033
14 -0.015127389658564536 -0.30798613728685037
16 -0.015127389658564536 -0.2167783214229017
17 -0.015127389658564536 -0.09230535765183662
18 -0.015127389658564536 -0.0435329848119185
19 -0.015127389658564536 -0.08464463729363698
119 -0.32863406031415726 -0.35057492961760905
260 -0.45682199376004434 -0.6889294676086491
320 -0.8738527993638071 -0.8828247379900247
747 -0.986375620196706 -0.9892566581313977
934 -0.9892566581313977 -0.9922102822714436

12 -0.09615490210976316 -0.35169806457361585
13 -0.09615490210976316 -0.440524577265218
14 -0.09615490210976316 -0.23043870653625084
17 -0.09615490210976316 -0.11180739569877825
18 -0.09615490210976316 -0.13716948010428578
19 -0.09615490210976316 -0.16768918975711172
140 -0.5939981688335784 -0.658141140751968
240 -0.9038201470286548 -0.9589863459397117
300 -0.9589863459397117 -0.9597964319069926
310 -0.9597964319069926 -0.9639679947590256
330 -0.9639679947590256 -0.9695561024211476
510 -0.9713921441916191 -0.9835070739099675
580 -0.9835070739099675 -0.9846861514361619
701 -0.9846861514361619 -0.9852955001857722
833 -0.9853957993099739 -0.9944720212101602

12 -0.08956261634457287 -0.24262893065353927
13 -0.08956261634457287 -0.1786987034370527
14 -0.08956261634457287 -0.20793890925463998
15 -0.08956261634457287 -0.1379551473279868
16 -0.08956261634457287 -0.23325610341091815
19 -0.08956261634457287 -0.16834193796452765
84 -0.30679735024751636 -0.3217542314076593
93 -0.325645511966108 -0.3485652734529918
98 -0.325645511966108 -0.3296591978126532
118 -0.35224560494068446 -0.3557428935440787
127 -0.3557428935440787 -0.4422655823742576
2411 -0.7672657594936014 -0.8086306937831353
2507 -0.8086306937831353 -0.9213165699771522
2558 -0.9213165699771522 -0.9535256170626341
2627 -0.9535256170626341 -0.9566416945693712
3095 -0.9566416945693712 -0.9636217958892488
3587 -0.9636217958892488 -0.9913534022816604

11 -0.05167088521998727 -0.16447441727895964
13 -0.05167088521998727 -0.1894409757516502
14 -0.05167088521998727 -0.07114944469917928
15 -0.05167088521998727 -0.21369337645350814
17 -0.05167088521998727 -0.34810389851345525
170 -0.37487759706515844 -0.43630373830784075
501 -0.967612443500953 -0.9738885382317546
552 -0.9738885382317546 -0.9833498183862449
560 -0.9833498183862449 -0.9869500213537036
783 -0.9869500213537036 -0.9878930035763048

15 -0.20146253354588825 -0.46574987344644453
16 -0.20146253354588825 -0.25568394349111345
17 -0.20146253354588825 -0.28550494875344
99 -0.6465476943906354 -0.6827174713881721
119 -0.6827174713881721 -0.690439360121168
137 -0.690439360121168 -0.7873454508569226
371 -0.9827663767825084 -0.9890995874443248
522 -0.9890995874443248 -0.9891804252184793

309 -0.6728754038930111 -0.6839310593864537
400 -0.6839310593864537 -0.6989790773805812
409 -0.6989790773805812 -0.7239985446560547
451 -0.7239985446560547 -0.754596331041366
491 -0.754596331041366 -0.7645748146902768
1855 -0.7680729638222903 -0.7797060334507931
1983 -0.7797060334507931 -0.8004316027908429
2002 -0.8004316027908429 -0.8606990468541987
2020 -0.8606990468541987 -0.9055509865762856
2128 -0.9055509865762856 -0.9592978798947736
2314 -0.9592978798947736 -0.9866769639414972

11 -0.09727827575071604 -0.2880487294375162
12 -0.09727827575071604 -0.19297765445940104
13 -0.09727827575071604 -0.13043927822435064
14 -0.09727827575071604 -0.2740169057379661
16 -0.09727827575071604 -0.4600654017410923
69 -0.5277269266494157 -0.5883674248281093
79 -0.5883674248281093 -0.6745941942180355
89 -0.6745941942180355 -0.732459207458081
442 -0.9570002766135701 -0.9603357709351998
531 -0.9603357709351998 -0.9788587629379408
653 -0.9788587629379408 -0.9869679058016735

13 -0.09641819284159525 -0.17395965686377524
16 -0.09641819284159525 -0.11481672414234276
17 -0.09641819284159525 -0.4348383823414277
19 -0.09641819284159525 -0.15291691390829296
160 -0.4949072586362274 -0.6247407469130708
528 -0.7669554063074077 -0.8234823198309931
734 -0.9142470628145201 -0.9387556052377296
753 -0.9387556052377296 -0.9633302413141469
984 -0.9705065944364398 -0.9764674279964687
1116 -0.9764674279964687 -0.9872244764488106
1157 -0.9872244764488106 -0.9925684265017611

11 -0.015993141166629705 -0.05130625577005005
12 -0.015993141166629705 -0.22770205157310414
15 -0.015993141166629705 -0.05917139998042459
16 -0.015993141166629705 -0.04165198952082137
17 -0.015993141166629705 -0.18929781728608464
18 -0.015993141166629705 -0.15936218644362238
19 -0.015993141166629705 -0.4964576989994129
321 -0.5705799621867473 -0.6404316662694153
532 -0.7175052305919268 -0.7299010970763139
713 -0.7340522383462198 -0.7354127984659675
782 -0.7376337817818951 -0.7490109506144337
843 -0.7490109506144337 -0.757386587314193
888 -0.757386587314193 -0.7617625128206225
893 -0.757386587314193 -0.7599468451156193
1385 -0.7634198909491825 -0.766814604084267
2479 -0.7684229937126358 -0.7927709824396731
2718 -0.8658429991082616 -0.8934616927114614
2735 -0.8934616927114614 -0.9360799462548993
2837 -0.9360799462548993 -0.9443109664495309
2903 -0.9443109664495309 -0.9551840630157864

13 -0.13273772157978583 -0.6029825003317079
17 -0.13273772157978583 -0.22232843364687943
18 -0.13273772157978583 -0.1906230584847383
19 -0.13273772157978583 -0.22385507670712662
300 -0.7412445005539796 -0.7803757176879705
500 -0.9469668083229642 -0.9497865467858841
683 -0.958358252749286 -0.9619225341520108
713 -0.9619225341520108 -0.9777885018499521
865 -0.9777885018499521 -0.9783030013249069
1093 -0.9812954445762107 -0.98502138981566
1095 -0.9812954445762107 -0.9849323465514342
1157 -0.98502138981566 -0.9855309240298321

140 -0.248897466498382 -0.3580279814615651
219 -0.5298224943695726 -0.5343012382448373
260 -0.5343012382448373 -0.5385835869999496
307 -0.5385835869999496 -0.5537921710308784
327 -0.5537921710308784 -0.5813425298868383
330 -0.5537921710308784 -0.5587602559743654
531 -0.9419311396354919 -0.9479940981750166
698 -0.9794200779197129 -0.9807558806189438
712 -0.9807558806189438 -0.9915709032043237
879 -0.9915709032043237 -0.9922995588160782

11 -0.05176464580219034 -0.10340545891072553
12 -0.05176464580219034 -0.13204010550658143
16 -0.05176464580219034 -0.3494314577947719
17 -0.05176464580219034 -0.07968595112655111
18 -0.05176464580219034 -0.14724659000686804
79 -0.3937949982116931 -0.4009801030580435
200 -0.5350290260634604 -0.6469534935234603
401 -0.9546870809467848 -0.9588757083477716
481 -0.9588757083477716 -0.9748574475976718
640 -0.988561073778559 -0.9975460611855078

11 -0.07356795017387086 -0.4798656740056823
12 -0.07356795017387086 -0.08703218162329096
13 -0.07356795017387086 -0.5088559840691528
14 -0.07356795017387086 -0.11434277013130524
15 -0.07356795017387086 -0.3737734070335231
19 -0.07356795017387086 -0.22741611849849142
29 -0.5088559840691528 -0.5137579041663779
39 -0.5137579041663779 -0.5166790277913892
49 -0.5166790277913892 -0.5319886682595475
59 -0.5319886682595475 -0.5337673956329756
79 -0.5337673956329756 -0.5344540904440835
99 -0.5344540904440835 -0.5484135564870651
109 -0.5490880796111897 -0.5496545694068462
129 -0.5496545694068462 -0.5647519015527329
169 -0.5698382432786407 -0.5710665344492913
347 -0.5711093132023671 -0.5997329204076036
460 -0.7240091106049702 -0.7389494419004768
550 -0.7389494419004768 -0.7493495312576067
1268 -0.7652403163503251 -0.8813122395580569
1900 -0.9665297625677718 -0.9973264302400096

11 -0.07914241074710483 -0.09937823525198902
12 -0.07914241074710483 -0.373564248197585
13 -0.07914241074710483 -0.23945630566958817
15 -0.07914241074710483 -0.0978915824419963
18 -0.07914241074710483 -0.2769685196082834
19 -0.07914241074710483 -0.08483417625289068
69 -0.41597109829222084 -0.49718097279265205
79 -0.5545535627072177 -0.5911663774402738
128 -0.5911663774402738 -0.6072308600179577
178 -0.7169655423173142 -0.7778329150098905
199 -0.7970401013427864 -0.8090688447344487
218 -0.8090688447344487 -0.8226521144674586
228 -0.8258158609863461 -0.8562320796831349
229 -0.8258158609863461 -0.889043668175521
239 -0.902150409904277 -0.9239922416451974
359 -0.9773471786492776 -0.9841497882665831
450 -0.9841497882665831 -0.9939469379503928

15 -0.2411196414882425 -0.5461813450180301
18 -0.2411196414882425 -0.29378103044385406
19 -0.2411196414882425 -0.7484690000780557
119 -0.7484690000780557 -0.7626473188834293

11 -0.02409564791406143 -0.04265715964712897
12 -0.02409564791406143 -0.054603745242071906
14 -0.02409564791406143 -0.07809171868289512
16 -0.02409564791406143 -0.02703725434179237
17 -0.02409564791406143 -0.07575031009834515
18 -0.02409564791406143 -0.3117429715828837
99 -0.3539083543355501 -0.3982677698660501
149 -0.4081721221758769 -0.5713262350993058
199 -0.5871248913160559 -0.73931287289651
239 -0.6925714964332311 -0.8234419701908501
249 -0.8234419701908501 -0.8489593375045331
259 -0.8489593375045331 -0.8613228212274582
277 -0.8613228212274582 -0.8843662199935556
279 -0.8613228212274582 -0.881108487709772
318 -0.9552843708417207 -0.9645798501126557
336 -0.9645798501126557 -0.9902187081222129
550 -0.9911568588619527 -0.992937622347878
580 -0.992937622347878 -0.9931291693527853

11 -0.011144857942561998 -0.06753761115154627
13 -0.011144857942561998 -0.5158450756125224
14 -0.011144857942561998 -0.03125177148413984
17 -0.011144857942561998 -0.08756090312712436
19 -0.011144857942561998 -0.12092175021394522
150 -0.6696714779639406 -0.7260700718564984
339 -0.9618008024712023 -0.9939758615782975
610 -0.9941871202788495 -0.99711638682242
673 -0.99711638682242 -0.9974453278690999

11 -0.11511690660874366 -0.144004734910384
12 -0.11511690660874366 -0.204319105051409
14 -0.11511690660874366 -0.2822330238206177
16 -0.11511690660874366 -0.6236709387917893
18 -0.11511690660874366 -0.35250041242442687
1746 -0.7681826922760511 -0.8184808066862195
1903 -0.8184808066862195 -0.8533482705763422
1952 -0.8533482705763422 -0.8918774449369092
2000 -0.8918774449369092 -0.9846755637500023
2642 -0.9850456430246506 -0.9917614237992644

16 -0.2564237722832491 -0.5782586892337853
291 -0.7646084736829732 -0.9235421246084756
490 -0.951683447885552 -0.9526858383087926
508 -0.9526858383087926 -0.9849266572899048
823 -0.9849529777819621 -0.9981449335647774

11 -0.07727634654643144 -0.2529216617117125
12 -0.07727634654643144 -0.48385608095180316
13 -0.07727634654643144 -0.09227399116027568
15 -0.07727634654643144 -0.10271475309219366
16 -0.07727634654643144 -0.13327844584616047
17 -0.07727634654643144 -0.109114972284341
18 -0.07727634654643144 -0.1614127575140658
19 -0.07727634654643144 -0.1612487990242896
99 -0.5284867254718064 -0.5744190921219796
260 -0.6311368162765292 -0.6441523485691186
348 -0.6441523485691186 -0.651599406043451
356 -0.651599406043451 -0.6787789826886609
460 -0.9055668674620023 -0.9308989071114205
500 -0.9308989071114205 -0.9359417399908678
600 -0.9359417399908678 -0.9405400117005452

11 -0.2472180410188129 -0.3903188603072036
12 -0.2472180410188129 -0.28927657365012577
17 -0.2472180410188129 -0.3513071093452358
18 -0.2472180410188129 -0.2793755396444997
59 -0.40541642165220587 -0.44073221356588355
210 -0.5575622120636998 -0.5860142847708584
248 -0.5575622120636998 -0.560484857821546
288 -0.5980684655048469 -0.5992824440148108
338 -0.5992824440148108 -0.6341730487172603
410 -0.7370794781229867 -0.7680318040176374
1907 -0.768432663155975 -0.8266894987639363
1925 -0.7854027800126242 -0.8538518997864869
2009 -0.8538518997864869 -0.9111276754719594
2012 -0.8538518997864869 -0.9923671541712807

12 -0.17539011292944542 -0.2416922749232285
17 -0.17539011292944542 -0.27168667305395294
18 -0.17539011292944542 -0.31769432113421864
59 -0.3307038937280336 -0.3380804621122579
69 -0.3596012419325477 -0.3745029812552218
200 -0.4536680259960971 -0.46474383351113624
300 -0.4952934077777507 -0.5100055202891222
360 -0.5100055202891222 -0.5137561530514382
380 -0.5137561530514382 -0.5215242416922758
450 -0.537495344628475 -0.5453231002278601
459 -0.5559768982248371 -0.567569315777878
470 -0.567569315777878 -0.5712061551337789
538 -0.5712061551337789 -0.5754295187443973
539 -0.5712061551337789 -0.5803667065623233
559 -0.5803667065623233 -0.5814775013678364
599 -0.5861822260711023 -0.5912739127700806
609 -0.5912739127700806 -0.6026195672053362
617 -0.6026195672053362 -0.6076953463608652
619 -0.6026195672053362 -0.6147285642967463
695 -0.6207916432594631 -0.6217147092115344
720 -0.6217147092115344 -0.6275736030455327
745 -0.6275736030455327 -0.6368907181614081
749 -0.6275736030455327 -0.6440516500157347
755 -0.6440516500157347 -0.6585709655213455
844 -0.6745894382942866 -0.688116470898031
887 -0.688116470898031 -0.6957874307204123
927 -0.6957874307204123 -0.7008029552933104
934 -0.7008029552933104 -0.7011388117763245
936 -0.7008029552933104 -0.7011439665074702
937 -0.7008029552933104 -0.702340116364584
939 -0.7008029552933104 -0.7022750880133177
957 -0.702340116364584 -0.711045189855723
978 -0.711045189855723 -0.7322531715822805
984 -0.7322531715822805 -0.7574682583532537
1088 -0.7574682583532537 -0.764521916145108
1177 -0.764534646259665 -0.7646155591456888
1190 -0.7646155591456888 -0.7646306677793531
1219 -0.764729925274749 -0.7658542237069971
1318 -0.7658542237069971 -0.7666353262912831
11108 -0.7681009588655469 -0.8493128313827573
11367 -0.8493128313827573 -0.9498929454131916
12177 -0.9498929454131916 -0.9679460932986458

11 -0.11972800287733418 -0.4446623830185142
14 -0.11972800287733418 -0.3937795464970002
311 -0.6420930476437032 -0.6449123361338726
319 -0.6449123361338726 -0.6621025420832184
339 -0.6621025420832184 -0.6938765812915282
419 -0.6938765812915282 -0.7463992286826902
466 -0.7463992286826902 -0.8421112793657762
470 -0.7463992286826902 -0.7515052063105465
773 -0.8919648410452347 -0.9252211185603118
862 -0.9252211185603118 -0.9857597750271229
1054 -0.9857597750271229 -0.9960737576348755

13 -0.15175844029470165 -0.20769845173296658
14 -0.15175844029470165 -0.20739507975850696
17 -0.15175844029470165 -0.6940286993482958
18 -0.15175844029470165 -0.17409287048579947
19 -0.15175844029470165 -0.45572193108418885
260 -0.7410790862440021 -0.7447952905258641
399 -0.7565665613536314 -0.7612570062133615
801 -0.9843224574493358 -0.9909784045049854
965 -0.9909784045049854 -0.9940393058246623

12 -0.04851059657040757 -0.1819617077432688
13 -0.04851059657040757 -0.23661952174321502
14 -0.04851059657040757 -0.18168475707081227
15 -0.04851059657040757 -0.1027579321825385
16 -0.04851059657040757 -0.1060744244713349
17 -0.04851059657040757 -0.31901597948476607
18 -0.04851059657040757 -0.06876510236835717
19 -0.04851059657040757 -0.1442251931972147
119 -0.40264458862963176 -0.4162139614258938
129 -0.430341274819016 -0.44463554311993086
139 -0.44463554311993086 -0.4537822766320418
149 -0.46126999069727626 -0.4709443054887697
219 -0.5155595548728579 -0.5186750142065086
229 -0.5186750142065086 -0.521109684568932
239 -0.521109684568932 -0.526822105621961
269 -0.5294585911920128 -0.5479963219712364
289 -0.5479963219712364 -0.5520633770908666
299 -0.5520633770908666 -0.5557694400845804
369 -0.5721078131082129 -0.5870585897739441
449 -0.6662296335153522 -0.6780151056175396
479 -0.6969362473364955 -0.744431841685622
509 -0.744431841685622 -0.7600036728504154
779 -0.7610459479675533 -0.7764367262664729
1124 -0.9684863018470388 -0.984726513476769

14 -0.23279771761238985 -0.2983362073654917
15 -0.23279771761238985 -0.4135164225875485
18 -0.23279771761238985 -0.35906832901218544
210 -0.5891369370182306 -0.7307970991565524
290 -0.8739447315705781 -0.9114119799821041
309 -0.9114119799821041 -0.9424699520378648

14 -0.21993286473577608 -0.637641967024039
15 -0.21993286473577608 -0.26734989612921556
89 -0.6735805827781032 -0.7019305133769498
259 -0.7274031923513485 -0.784112909725477
260 -0.7274031923513485 -0.7386848534430294
280 -0.8403418522869205 -0.8418740843111668
340 -0.8418740843111668 -0.8900226898816231
360 -0.8900226898816231 -0.979629857780081

14 -0.16706633364960605 -0.261681729205593
15 -0.16706633364960605 -0.25317970216121627
16 -0.16706633364960605 -0.5268800846507186
301 -0.5677662484513557 -0.5694260345150786
411 -0.7513483867918794 -0.8973933224878229
893 -0.9710599645614493 -0.9891813659077408
1066 -0.9891813659077408 -0.9921914063610298

18 -0.6420084541031355 -0.6493721716782836
381 -0.7311410161139928 -0.9494504297222691
562 -0.9494504297222691 -0.9868527520426501
653 -0.9868527520426501 -0.988616256064342

16 -0.2072581173985527 -0.322708770067742
17 -0.2072581173985527 -0.4547993486560759
19 -0.2072581173985527 -0.2313262875240367
351 -0.6832075419318612 -0.883983218922903
450 -0.8854404087645376 -0.9061613863724808
509 -0.9061613863724808 -0.9205490572375122
560 -0.9205490572375122 -0.9247051538279966
578 -0.9247051538279966 -0.9688774733734681
580 -0.9247051538279966 -0.9746288635768703
590 -0.9746288635768703 -0.9894128570537749

14 -0.12396740516714026 -0.18031118336371793
16 -0.12396740516714026 -0.1574459576998405
140 -0.2494174366546346 -0.29798935120316794
321 -0.4408234542788871 -0.4778587942845649
462 -0.7872626405887754 -0.8006377190164848
512 -0.957422323140356 -0.9798610470912331
616 -0.9798610470912331 -0.9843208030231881
641 -0.9843208030231881 -0.9909438662322445
736 -0.9912255616178515 -0.9949378104972478

12 -0.003798893016935635 -0.25482617442050787
13 -0.003798893016935635 -0.2846438336303411
14 -0.003798893016935635 -0.4626906883382352
15 -0.003798893016935635 -0.04779731801447764
16 -0.003798893016935635 -0.03489396458451264
17 -0.003798893016935635 -0.0065934666532695045
18 -0.003798893016935635 -0.10098477887464727
19 -0.003798893016935635 -0.26172864767256426
39 -0.4626906883382352 -0.5706980427558866
69 -0.5706980427558866 -0.6100429307426113
129 -0.6224452617822918 -0.6379044760412458
178 -0.6379044760412458 -0.6573781845000859
1185 -0.9885825670415485 -0.9914042236750557
1268 -0.9914042236750557 -0.9921663130671172

15 -0.18482901362771395 -0.1976281232487338
18 -0.18482901362771395 -0.23619398300308903
19 -0.18482901362771395 -0.4620699584279013
190 -0.5255616022405405 -0.5494043735600018
360 -0.5720608518003536 -0.5745115689273633
366 -0.5745115689273633 -0.708828321491248
372 -0.5745115689273633 -0.7425347972400951
382 -0.7425347972400951 -0.7443185210557313
523 -0.7443185210557313 -0.8620746486783565
610 -0.8620746486783565 -0.927097461316969

352 -0.6536697841362438 -0.7802187508708835
473 -0.9052980601828653 -0.9213687236623771
573 -0.9213687236623771 -0.9580969571678418

18 -0.22589094502071924 -0.24505331152862397
19 -0.22589094502071924 -0.4463359531296
330 -0.5704690350365126 -0.6330257075416033
773 -0.751725482435883 -0.7574576567489756
864 -0.7574576567489756 -0.7617361176731875
1442 -0.7626095460307388 -0.8124448680253298
1676 -0.8124448680253298 -0.8393247147881493
1679 -0.8124448680253298 -0.8428915290557881
1681 -0.8124448680253298 -0.89149941624591
1736 -0.89149941624591 -0.9171676384951521
1761 -0.9171676384951521 -0.918396438560051
1765 -0.918396438560051 -0.9733204192605217
2053 -0.9733204192605217 -0.9825585879730934

11 -0.025278609697558036 -0.12944107025817309
12 -0.025278609697558036 -0.14985168995367615
13 -0.025278609697558036 -0.22540167972374048
14 -0.025278609697558036 -0.027855331544246166
17 -0.025278609697558036 -0.2455959937943781
29 -0.2455959937943781 -0.2757494068354083
98 -0.31658071870046944 -0.34088009300794936
410 -0.9649141124196864 -0.9769516409795442
532 -0.9769516409795442 -0.9892840075549383

11 -0.0006434468881176225 -0.15939041965240203
12 -0.0006434468881176225 -0.23186514902857458
13 -0.0006434468881176225 -0.005371483843990779
14 -0.0006434468881176225 -0.024560857449963492
15 -0.0006434468881176225 -0.10480461864625813
16 -0.0006434468881176225 -0.05700201495856105
17 -0.0006434468881176225 -0.35790750437862445
18 -0.0006434468881176225 -0.546124120012382
19 -0.0006434468881176225 -0.146094276528073
170 -0.8140236201479862 -0.9305704569921611
218 -0.9305704569921611 -0.9479907849843088
240 -0.9479907849843088 -0.9631182669842295
260 -0.9631182669842295 -0.9966915680543453

11 -0.061904447430559034 -0.15964979806817586
12 -0.061904447430559034 -0.10145105495061078
13 -0.061904447430559034 -0.15562760932765296
14 -0.061904447430559034 -0.09165298816082457
15 -0.061904447430559034 -0.32371811685499996
16 -0.061904447430559034 -0.3568957383947182
18 -0.061904447430559034 -0.07938093441507804
19 -0.061904447430559034 -0.22389267659828388
88 -0.4254728246600926 -0.4344606865043265
89 -0.4254728246600926 -0.43113390661111434
109 -0.4344606865043265 -0.47496676711219105
119 -0.47496676711219105 -0.482747866638239
250 -0.5787568336701193 -0.6078245844144755
290 -0.6208780139079663 -0.6238740678662004
299 -0.6238740678662004 -0.651459795442805
451 -0.879111386708574 -0.8950642424780617
461 -0.8950642424780617 -0.9361721218945096
549 -0.9534149360269052 -0.9592723937272726
620 -0.9592723937272726 -0.9597641086938945
630 -0.9597641086938945 -0.9800741886426625
681 -0.9800741886426625 -0.9982228855661434

11 -0.017048851151025893 -0.1625281771871668
12 -0.017048851151025893 -0.19337121708412597
14 -0.017048851151025893 -0.18183441337673784
15 -0.017048851151025893 -0.02288442910442783
16 -0.017048851151025893 -0.05934828687067222
17 -0.017048851151025893 -0.20846063632886228
18 -0.017048851151025893 -0.10871734817548621
19 -0.017048851151025893 -0.06894842568185994
27 -0.20846063632886228 -0.22496993469691334
39 -0.22496993469691334 -0.2505038181714674
49 -0.2714623736727483 -0.2728305598576123
229 -0.473302930494799 -0.5030989663707629
259 -0.5030989663707629 -0.511548324283305
285 -0.511548324283305 -0.5161478952887707
861 -0.9843415826700883 -0.9863911598706994
885 -0.9863911598706994 -0.9870880414045268

15 -0.31887974121906504 -0.4459762496604486
261 -0.7536928646930382 -0.7605949641930468
402 -0.7605949641930468 -0.764493789861769
719 -0.7659616420058901 -0.7674326741593573
758 -0.7674326741593573 -0.8254595627301612
764 -0.7674326741593573 -0.7683235299977296
1003 -0.9563363852046576 -0.9795572829785492
1166 -0.9795572829785492 -0.9875628488330412

15 -0.31432425868126407 -0.4769527429106252
16 -0.31432425868126407 -0.37715150864170127
99 -0.7020087413638877 -0.7978462849517247

11 -0.06790469220542394 -0.14855293577292836
12 -0.06790469220542394 -0.16053439784422252
13 -0.06790469220542394 -0.13661897935673734
14 -0.06790469220542394 -0.32126615137220305
16 -0.06790469220542394 -0.1924345461977959
17 -0.06790469220542394 -0.6239918531734183
19 -0.06790469220542394 -0.22941453723283356
220 -0.931175616055726 -0.9698100390521015
707 -0.9869290310544198 -0.990578630399516
794 -0.990578630399516 -0.9914007084298363

80 -0.5586558475314279 -0.5654600653283416
110 -0.5654600653283416 -0.590355104945307
289 -0.5906586899576424 -0.60076807069411
308 -0.60076807069411 -0.637764869215302
337 -0.637764869215302 -0.8396587407124475
752 -0.972154771228092 -0.9851571089554761

11 -0.35722327147636707 -0.5546468189547199
19 -0.35722327147636707 -0.4277304305476778
170 -0.5844494270462233 -0.5925793976145373
230 -0.5925793976145373 -0.5953598690118822
351 -0.6126361711272029 -0.6159956469623783
432 -0.6245481941684242 -0.6258037541111662
442 -0.6258037541111662 -0.6340735688525233
471 -0.6340735688525233 -0.6437862321454412
500 -0.6437862321454412 -0.6509372837584357
502 -0.6437862321454412 -0.6443259032361514
522 -0.6509372837584357 -0.661032855236742
531 -0.661032855236742 -0.6716921662764219
589 -0.6804098470601017 -0.688738160292213
608 -0.688738160292213 -0.7016373264479265
615 -0.7016373264479265 -0.7229088161040728
625 -0.7229088161040728 -0.729167761726904
637 -0.729167761726904 -0.7414340584049659
642 -0.729167761726904 -0.7476878956067021
711 -0.7483043875021137 -0.7504464843759494
812 -0.7569454343156214 -0.7575932955361941
972 -0.7593902935803438 -0.7634918966826028
1114 -0.7653335577796976 -0.7670177233921368
1416 -0.7681225536903641 -0.9297845802408627

11 -0.030317199404222017 -0.45489407508525626
12 -0.030317199404222017 -0.14811735256289138
13 -0.030317199404222017 -0.10825489766429645
14 -0.030317199404222017 -0.5838298128939285
15 -0.030317199404222017 -0.28832222131025037
16 -0.030317199404222017 -0.12279726290941353
18 -0.030317199404222017 -0.31636703806188843
68 -0.6354524180701006 -0.7084594559339007
158 -0.8249973372835115 -0.8936452938112888
159 -0.8249973372835115 -0.8375199803321612
177 -0.8936452938112888 -0.9285751088249544
178 -0.8936452938112888 -0.909735464492963
187 -0.9285751088249544 -0.96572508426798
288 -0.96572508426798 -0.9871245773244439
389 -0.9871245773244439 -0.9923200041375788
530 -0.9923604646180734 -0.9957129303289556

13 -0.10671542779137896 -0.17022552798482943
15 -0.10671542779137896 -0.3552172196441809
18 -0.10671542779137896 -0.14589163141805314
19 -0.10671542779137896 -0.11795927357180312
109 -0.3857022555779862 -0.4185869502847372
318 -0.451090640478836 -0.45160265114808734
319 -0.451090640478836 -0.45543660120492657
347 -0.45543660120492657 -0.48949199946757205
450 -0.8660062019936972 -0.9495075791155871
470 -0.9495075791155871 -0.969377228129381

11 -0.49288005092830134 -0.561338777197395
29 -0.561338777197395 -0.7658347803058704
347 -0.9855913560959552 -0.9860672652847341
361 -0.9860672652847341 -0.9866439262403955
454 -0.9875657959533823 -0.9875940476590749
632 -0.9875940476590749 -0.9921255570888191
661 -0.9921255587153536 -0.992426518096015
712 -0.992426518096015 -0.9924855436764898

12 -0.011695481575544026 -0.012744854130140797
13 -0.011695481575544026 -0.18948829965676228
14 -0.011695481575544026 -0.045648720916507214
15 -0.011695481575544026 -0.09874367431405999
16 -0.011695481575544026 -0.12655379081335907
17 -0.011695481575544026 -0.10392208862901998
18 -0.011695481575544026 -0.19518714860077496
39 -0.2056289657750438 -0.24462335974541535
48 -0.24462335974541535 -0.2559494969794743
59 -0.3134828537652692 -0.35469225799423015
300 -0.7277971132321982 -0.7557004141668751
442 -0.8262009148797432 -0.8340925706637706
502 -0.9181478232226729 -0.9192760588344955
599 -0.9589427157711835 -0.9827195360243086
743 -0.9827195360243086 -0.9940784422144991

12 -0.1297492679846133 -0.14324627791692182
14 -0.1297492679846133 -0.5689688019200128
15 -0.1297492679846133 -0.21016313783348697
18 -0.1297492679846133 -0.7578083491995687
19 -0.1297492679846133 -0.35262610452469895
219 -0.7579196825435018 -0.7771076820933458
249 -0.8960190334697612 -0.9486786399797043
682 -0.9810001145671824 -0.9863743591951243
814 -0.9863743591951243 -0.9987386576215913

11 -0.011700191024183026 -0.4140683579642323
12 -0.011700191024183026 -0.06101200139303541
13 -0.011700191024183026 -0.6180541993338386
14 -0.011700191024183026 -0.19046066438617318
15 -0.011700191024183026 -0.7132479208239667
16 -0.011700191024183026 -0.043199949097584046
17 -0.011700191024183026 -0.12839044920526838
18 -0.011700191024183026 -0.4304908567381996
19 -0.011700191024183026 -0.1521949442475168
89 -0.7132479208239667 -0.7286979011354109
119 -0.7286979011354109 -0.7458319338057575
198 -0.7458319341015781 -0.7585852857538863

11 -0.06801878908235154 -0.08807533810150692
12 -0.06801878908235154 -0.1467342770850267
13 -0.06801878908235154 -0.10531192956645086
15 -0.06801878908235154 -0.3070540920976419
16 -0.06801878908235154 -0.24325718032127647
18 -0.06801878908235154 -0.08329928504119354
19 -0.06801878908235154 -0.22292352436342233
28 -0.3070540920976419 -0.31464653332179837
39 -0.3252635845298351 -0.3992821966752019
459 -0.9696653517094125 -0.9917854104355147

11 -0.1017131718964892 -0.2128140596932828
13 -0.1017131718964892 -0.44899690327198966
15 -0.1017131718964892 -0.4562710207867892
16 -0.1017131718964892 -0.14939333336809144
17 -0.1017131718964892 -0.40565098871532435
29 -0.4562710207867892 -0.4825826690415672
39 -0.4825826690415672 -0.5498906332449188
69 -0.5721434227776294 -0.5935490294926193
451 -0.6511149149777627 -0.740247757606633

11 -0.13023932150096823 -0.32461802740681733
15 -0.13023932150096823 -0.20070496506574043
17 -0.13023932150096823 -0.8683257536749588
18 -0.13023932150096823 -0.2668810399379106

13 -0.2426435749949422 -0.270445748600579
14 -0.2426435749949422 -0.2662420360771323
38 -0.2583436675645476 -0.2830133064779852
229 -0.501887324130148 -0.5037649018804905
359 -0.527170084279196 -0.5298204695726559
380 -0.5298204695726559 -0.5319298677800824
401 -0.5319298677800824 -0.5326754846914252
410 -0.5326754846914252 -0.559266547393817
421 -0.559266547393817 -0.5633057711721419
431 -0.5633057711721419 -0.5713420548400309
458 -0.5713420548400309 -0.5976103573934929
602 -0.8709873155632808 -0.8959119278488076
632 -0.8959119278488076 -0.9175158529028261
851 -0.9565448396479451 -0.9627625673504994
933 -0.9627625673504994 -0.9634231282564857
997 -0.9648715851815188 -0.980571133866824
1090 -0.980571133866824 -0.9897278381543738
1243 -0.9897278386954194 -0.9911388379449967
1405 -0.9915603130983409 -0.998897176931808

11 -0.03665839347400642 -0.10131227043841538
12 -0.03665839347400642 -0.0863948045082652
13 -0.03665839347400642 -0.09822743791273005
14 -0.03665839347400642 -0.1576950276038036
15 -0.03665839347400642 -0.3623326458128937
17 -0.03665839347400642 -0.19121829143445457
18 -0.03665839347400642 -0.16678851749198856
19 -0.03665839347400642 -0.052838320884774324
119 -0.43211948370772757 -0.5190174780383282
330 -0.6003429039709762 -0.6137913537095556
440 -0.6650756293898772 -0.7077069221689057
470 -0.7077069221689057 -0.7214607747758857
480 -0.7214607747758857 -0.7680109855560581
490 -0.7680109855560581 -0.8274908777422602
500 -0.8274908777422602 -0.9310918822702108
540 -0.9310918822702108 -0.951304803151884
580 -0.951304803151884 -0.9825511720686861
757 -0.9833169224112044 -0.9843011109402996
781 -0.9843011109402996 -0.9843271968152173
841 -0.9851127635575587 -0.9861931573224376
861 -0.9861931573224376 -0.9862317961463359
890 -0.9862317961463359 -0.9908198615387087
941 -0.9908198615387087 -0.9909231653322295

13 -0.3445937424377113 -0.36827568165755903
15 -0.3445937424377113 -0.3612698111771828
16 -0.3445937424377113 -0.38446405858784544
28 -0.4296014234033997 -0.4572251743495282
119 -0.8955225214996472 -0.915994531789214
209 -0.915994531789214 -0.9350176591341117
280 -0.9350176591341117 -0.937622033550778
329 -0.9559005004102008 -0.9628729965677276
367 -0.9628729965677276 -0.987083764594509
501 -0.9883259901156287 -0.9911819344306705

12 -0.2747858505143991 -0.4344164711288616
19 -0.2747858505143991 -0.37403329057584417
48 -0.4703824903733391 -0.4723545089363364
69 -0.4723545089363364 -0.49383437725661894
79 -0.49383437725661894 -0.5083261614522224
129 -0.5237238516050958 -0.5258468407621325
139 -0.5258468407621325 -0.5270016462419189
149 -0.5483380456533555 -0.5507589544592194
159 -0.5696142986682621 -0.5706585855860834
187 -0.5706585855860834 -0.6290183727906028
440 -0.7492688822387277 -0.76378205725901
540 -0.76378205725901 -0.8991690026095562
962 -0.9573844875362059 -0.9734647516142776
1134 -0.9734647516142776 -0.9833123688649135
1281 -0.9838570623576602 -0.9950304957597591

12 -0.022614230800646444 -0.04575322711125623
13 -0.022614230800646444 -0.058200721752043307
14 -0.022614230800646444 -0.19741202148372788
15 -0.022614230800646444 -0.10024043879532207
16 -0.022614230800646444 -0.33217753752962303
17 -0.022614230800646444 -0.0600023485639163
18 -0.022614230800646444 -0.2628369988937169
59 -0.34160074729895756 -0.48510977031291297
220 -0.8088825637259508 -0.8788120316347277
270 -0.9112665658958448 -0.9456871066162735
290 -0.9456871066162735 -0.9678273419689166
369 -0.9678273419689166 -0.9828775475197853
531 -0.9828775475197853 -0.9874145432119308
581 -0.9874145432119308 -0.9930248034300523

12 -0.01864705382059554 -0.02666677247131048
13 -0.01864705382059554 -0.019634315941492352
14 -0.01864705382059554 -0.03641873993783504
15 -0.01864705382059554 -0.12330062886992992
16 -0.01864705382059554 -0.03594415465478242
17 -0.01864705382059554 -0.12242485177134918
19 -0.01864705382059554 -0.18147961279033917
109 -0.29323051171407866 -0.3894656655252983
230 -0.7379591343215787 -0.801171478095088
250 -0.801171478095088 -0.8802402047478257
260 -0.8802402047478257 -0.8892753015509293
357 -0.9735488826023241 -0.9803692693686735
379 -0.9803692693686735 -0.9812889060554795
389 -0.9812889060554795 -0.9927830530327943

11 -0.06438314939162924 -0.1777098945264326
12 -0.06438314939162924 -0.1593563125464007
13 -0.06438314939162924 -0.21444130768523004
15 -0.06438314939162924 -0.23233349854174698
16 -0.06438314939162924 -0.2337452797383895
17 -0.06438314939162924 -0.15770433737068443
59 -0.26254781307734487 -0.2699937924425204
67 -0.287389744709446 -0.3088518313121305
301 -0.8097184315361777 -0.8750706253874777
311 -0.8750706253874777 -0.9432689451311369
401 -0.9697922532740471 -0.9834479193441176
480 -0.9834479193441176 -0.9925318404653779

70 -0.42248036609006884 -0.4710992068211791
261 -0.6286975572771738 -0.6322800357704536
281 -0.6322800357704536 -0.6390247857291764
321 -0.6390247857291764 -0.7809549889040825
391 -0.8817843854259979 -0.9263169163180486
430 -0.9263169163180486 -0.9900606581440795
431 -0.9263169163180486 -0.9276262777431439

12 -0.43006975802752984 -0.586479688846772
13 -0.43006975802752984 -0.5552463512953615
321 -0.6186089961773863 -0.6220570251053679
357 -0.6220570251053679 -0.640268642759926
430 -0.640268642759926 -0.6569068080022564
447 -0.6569068080022564 -0.669120868998044
450 -0.6569068080022564 -0.7448976285510176

12 -0.16350524904255928 -0.23347051076755784
15 -0.16350524904255928 -0.28614288419710887
18 -0.16350524904255928 -0.2578647229259341
49 -0.28614288419710887 -0.310740828451157
159 -0.4502815233323923 -0.5034823152445597
170 -0.535318191505244 -0.5451857597654011
210 -0.5451857597654011 -0.5521842790598018
260 -0.5521842790598018 -0.5585178532441232
270 -0.5585178532441232 -0.5616752559378264
279 -0.5616752559378264 -0.565367037379867
359 -0.565367037379867 -0.6938911842526614
923 -0.9939804512859359 -0.9960228408800635
945 -0.9960228408800635 -0.9964923578427144

11 -0.0012877587942594893 -0.26412793877845697
12 -0.0012877587942594893 -0.06606458087417555
13 -0.0012877587942594893 -0.07075193977925592
14 -0.0012877587942594893 -0.02019882262465431
15 -0.0012877587942594893 -0.10307509413280158
16 -0.0012877587942594893 -0.1204368270392656
17 -0.0012877587942594893 -0.1811700653198781
18 -0.0012877587942594893 -0.21405863294954913
19 -0.0012877587942594893 -0.10304629533222491
79 -0.3453137008683056 -0.3460281849899262
127 -0.42503151810665535 -0.4407321397328558
459 -0.9665667345104523 -0.9828914226683539
652 -0.9828914226683539 -0.986651162860866
793 -0.989831381824447 -0.9978328560507451

11 -0.17012020196330405 -0.1856109997959595
12 -0.17012020196330405 -0.5584950716284124
13 -0.17012020196330405 -0.44396365910386615
16 -0.17012020196330405 -0.20254098843293863
17 -0.17012020196330405 -0.3241822963112434
19 -0.17012020196330405 -0.41956608069818413
39 -0.6037117681216055 -0.6334849347876863
49 -0.6334849347876863 -0.6676796194258638
89 -0.6752949942859184 -0.6839994791310363
310 -0.7131963492161472 -0.7148568871486749
368 -0.7148568871486749 -0.8874289380386694
369 -0.7148568871486749 -0.7512475872404142
390 -0.8874289380386694 -0.9237048064645592
440 -0.9237048064645592 -0.9452909045812729
518 -0.9452909045812729 -0.9484737770791583
519 -0.9452909045812729 -0.9778644592705731
520 -0.9452909045812729 -0.9687197904695112
600 -0.9875750645849667 -0.9901892766810134

11 -0.11679297165001544 -0.19477795489439234
12 -0.11679297165001544 -0.17351608441007935
14 -0.11679297165001544 -0.1532099972214231
16 -0.11679297165001544 -0.2719484959707981
18 -0.11679297165001544 -0.23535921892238562
19 -0.11679297165001544 -0.1394773794247707
160 -0.6859067958697245 -0.715118038298313
220 -0.715118038298313 -0.7222842300476906
250 -0.7222842300476906 -0.7362837013290139
259 -0.7362837013290139 -0.745415348866689
279 -0.745415348866689 -0.7529278554700205
329 -0.7529278554700205 -0.7712587532100657

14 -0.12692470715647988 -0.1689014807482475
15 -0.12692470715647988 -0.42366155172016456
18 -0.12692470715647988 -0.7115139829324566
19 -0.12692470715647988 -0.6998004673910101
29 -0.7115139829324566 -0.7857311044076716
49 -0.7857311044076716 -0.7965458689434181
59 -0.8159893538122291 -0.9695172927365349
169 -0.970046415613782 -0.9809829915274402
319 -0.9813357578098731 -0.9944237378702547

13 -0.19755947880629934 -0.25173468487019823
15 -0.19755947880629934 -0.2924595973354032
16 -0.19755947880629934 -0.537418013906013
19 -0.19755947880629934 -0.2735967639681582
338 -0.9454324261463036 -0.9627798131645953
341 -0.9454324261463036 -0.9789384147454796
387 -0.9789384147454796 -0.9833592114771579
511 -0.9833592114771579 -0.9942982032124615

12 -0.15069277533454228 -0.4878426461599154
13 -0.15069277533454228 -0.34171012213062135
15 -0.15069277533454228 -0.17779904989114784
16 -0.15069277533454228 -0.16991013447482833
79 -0.4910161101405381 -0.5200862893242572
290 -0.5441605983669612 -0.55434490872824
339 -0.5974704981645779 -0.6320870113625989
410 -0.6672341227602924 -0.695330834216947
490 -0.8269927904072893 -0.9159638028515807
540 -0.9159638028515807 -0.9590881392769642
661 -0.9590881392769642 -0.9719908401404401
671 -0.9719908401404401 -0.9730679128361286
731 -0.9854081602478768 -0.9878598746222309

17 -0.17369408297236894 -0.22661080570663777
19 -0.17369408297236894 -0.27452789744530626
79 -0.43145710242345725 -0.49929111402445253
300 -0.6814063466920363 -0.6868252136573897
338 -0.6868252136573897 -0.7174736318219196
370 -0.7174736318219196 -0.7954847629211702
722 -0.9818587049414972 -0.9828440660120585
763 -0.9828440660120585 -0.9893808030925808
974 -0.9899482828730749 -0.9927589832243053

12 -0.015220440690900516 -0.05011260638489112
13 -0.015220440690900516 -0.016540588424333032
15 -0.015220440690900516 -0.06824673596444433
16 -0.015220440690900516 -0.24999797512242608
17 -0.015220440690900516 -0.45862757713096536
18 -0.015220440690900516 -0.11110704099776317
19 -0.015220440690900516 -0.2936183660968741
58 -0.5913828300378118 -0.6484101411663151
79 -0.6484101411663151 -0.683725038270416
238 -0.9687791632946501 -0.9908559591245695
512 -0.9938210278814428 -0.9944635984949569
552 -0.9944635984949569 -0.9945972635959415

49 -0.5424599442855313 -0.5901139055930326
190 -0.7406720685698023 -0.7534685481258968
331 -0.7534685481258968 -0.7535005323575663
431 -0.7535458770296133 -0.7569113985833101
592 -0.7571438416915015 -0.7606742846636836
743 -0.7608651919840196 -0.7636394420829485
964 -0.7647805812903011 -0.765374040305077
974 -0.765374040305077 -0.7662313302123637
6213 -0.7684295034637958 -0.9430589342937019
6305 -0.9430589342937019 -0.9461387661340956
6595 -0.9461387661340956 -0.9826876188772214

11 -0.014301178126171031 -0.32175711189390394
12 -0.014301178126171031 -0.21046895772659066
13 -0.014301178126171031 -0.0276543590477532
14 -0.014301178126171031 -0.0339100083910935
15 -0.014301178126171031 -0.12412771237788663
16 -0.014301178126171031 -0.18658290027058375
17 -0.014301178126171031 -0.06518413147698128
18 -0.014301178126171031 -0.024475636315131954
19 -0.014301178126171031 -0.11925945524537093
59 -0.34189582580118927 -0.3994958139421924
311 -0.5669071042979029 -0.5755092778327467
359 -0.5755092778327467 -0.5891017363572374
371 -0.5934874885989 -0.691068842218205
504 -0.777031546886353 -0.8019359698344307
522 -0.8019359698344307 -0.8488500880926904
532 -0.8488500880926904 -0.8980058590685845
621 -0.9392957921272005 -0.9528444125529284
652 -0.9528444125529284 -0.9584646686665438
873 -0.9821687597048416 -0.9890106017409164
930 -0.9890106017409164 -0.9929939330820192

11 -0.034653163389938624 -0.4201099536035619
13 -0.034653163389938624 -0.18481129620456646
14 -0.034653163389938624 -0.03573219467244302
15 -0.034653163389938624 -0.07914683331402543
16 -0.034653163389938624 -0.07909045215751338
17 -0.034653163389938624 -0.21111376743138924
19 -0.034653163389938624 -0.1457002203914587
190 -0.7367860537645526 -0.8633066544653639
209 -0.8633066544653639 -0.8781835703225555
230 -0.8781835703225555 -0.8856582158666659
290 -0.8856582158666659 -0.9348560226191187

11 -0.013874748604583306 -0.02706116156068207
12 -0.013874748604583306 -0.07260835758921022
13 -0.013874748604583306 -0.17204992099405564
15 -0.013874748604583306 -0.04846577486124675
16 -0.013874748604583306 -0.11076787522722066
17 -0.013874748604583306 -0.4192552019467875
18 -0.013874748604583306 -0.10904795284494037
19 -0.013874748604583306 -0.08206396268291213
117 -0.5485801084298855 -0.5662670047793761
118 -0.5485801084298855 -0.5630480350012304
119 -0.5485801084298855 -0.5793772629990244
137 -0.5793772629990244 -0.6228800201871191
457 -0.6235866322832415 -0.6262083324504218
466 -0.6262083324504218 -0.6322305347343086
467 -0.6262083324504218 -0.6400829107820282
505 -0.6400829107820282 -0.6456310378217559
508 -0.6400829107820282 -0.6498476032163223
511 -0.6400829107820282 -0.6442086979564609
524 -0.6498476032163223 -0.6519632163571613
526 -0.6498476032163223 -0.6737322231957322
559 -0.6737322231957322 -0.676769749305877
573 -0.694023591233728 -0.7045826481349738
593 -0.7045826481349738 -0.7057780418445339
595 -0.7045826481349738 -0.7312630036655952
601 -0.7045826481349738 -0.7123525546519468
616 -0.7312630036655952 -0.7408998425857406
626 -0.7408998425857406 -0.7456763913784843
628 -0.7408998425857406 -0.7422673793512943
638 -0.7456763913784843 -0.7464620761457004
667 -0.7464620761457004 -0.7582728889231342
812 -0.7582728889231342 -0.758876347394785
1358 -0.7660136927596989 -0.8094305186753376
1405 -0.8094305186753376 -0.8390801760108062
1475 -0.8390801760108062 -0.8720238712877503
1565 -0.8824944152425964 -0.9077155133054788
1649 -0.9077155133054788 -0.9559859107502968
1679 -0.9559859107502968 -0.9808303687220901
1726 -0.9808303687220901 -0.9890114010333189

201 -0.7454631903063963 -0.7868174073612817
340 -0.9025849736766605 -0.936419492139976
341 -0.9025849736766605 -0.9320684040450364
342 -0.9025849736766605 -0.9393962749582518
370 -0.9393962749582518 -0.9694357059150571
400 -0.9694357059150571 -0.980077621450341
512 -0.980077621450341 -0.989713942991564

18 -0.3752042730667571 -0.38945643245183326
29 -0.40760628285487965 -0.446468855171258
48 -0.446468855171258 -0.47180092951807995
59 -0.47180092951807995 -0.472153828889301
107 -0.49236864151762766 -0.5405948039329571
481 -0.9811850416272259 -0.9813240062365598

12 -0.1412962289473761 -0.19935549553569
15 -0.1412962289473761 -0.35253122873193293
16 -0.1412962289473761 -0.3879068935593968
140 -0.405569777520408 -0.423179556583268
190 -0.4538798416577805 -0.45394645365377245
200 -0.45394645365377245 -0.45407147900105177
210 -0.45407147900105177 -0.4618166978638609
220 -0.4979661098503016 -0.5034003440040407
230 -0.5034003440040407 -0.5168408958124453
247 -0.518136027866909 -0.6105004079087917
350 -0.7574301547361315 -0.7702737247820358

301 -0.565365099149843 -0.5887636241233004
751 -0.7586960832758038 -0.766910439229097
872 -0.766910439229097 -0.9371321849089458
1313 -0.9636959890219093 -0.9668200684813386
1357 -0.9668200684813386 -0.9868749365164857
1531 -0.9868749365164857 -0.9891967893061341

11 -0.036889454251609784 -0.10501190014680924
12 -0.036889454251609784 -0.15055794782061688
13 -0.036889454251609784 -0.14097762111581733
14 -0.036889454251609784 -0.06036136822791339
15 -0.036889454251609784 -0.3251149870795041
16 -0.036889454251609784 -0.05516416346824618
17 -0.036889454251609784 -0.03948986893718295
18 -0.036889454251609784 -0.17709326035508732
19 -0.036889454251609784 -0.03743376782121039
69 -0.3990694477851233 -0.6275108641819325
230 -0.9386259812719923 -0.948257059799657
250 -0.948257059799657 -0.9653786423492606
491 -0.9690895939330579 -0.9759440120332253
586 -0.9759440120332253 -0.9983430550184073

11 -0.1073319741517047 -0.1288813904148888
12 -0.1073319741517047 -0.4151344000591401
13 -0.1073319741517047 -0.13979980414459434
15 -0.1073319741517047 -0.24331367732696885
19 -0.1073319741517047 -0.11090004247466437
169 -0.5619887873223866 -0.5728369524503141
179 -0.5728369524503141 -0.580656519055957
189 -0.580656519055957 -0.6100954519111049
200 -0.6133819092345337 -0.6233931390840035
229 -0.6240340636253566 -0.6531745634331749
248 -0.6757587959158772 -0.6949578022600413
257 -0.6949578022600413 -0.6978311677844529
259 -0.6949578022600413 -0.7091821799031126
732 -0.9724842101844622 -0.9903263155737823
935 -0.9903263155737823 -0.997704303134452

12 -0.2692198300192425 -0.46341544318417494
99 -0.46503663557177816 -0.49163109920603765
239 -0.49163109981089304 -0.5295902298110593
451 -0.5911640604531881 -0.5975564185146246
471 -0.5975564185146246 -0.6104583160130318
511 -0.6104583160130318 -0.6439388391032081
609 -0.6628470890907612 -0.6982079785925012
631 -0.6982079785925012 -0.8403849129872875
1357 -0.9879442091929234 -0.991186462403218
1382 -0.991186462403218 -0.9962528751069766

12 -0.10549494295385345 -0.23989292304703685
13 -0.10549494295385345 -0.13058140621922873
14 -0.10549494295385345 -0.1990551093250759
19 -0.10549494295385345 -0.45382448679286114
240 -0.7683258559092029 -0.780825843504966
298 -0.840430091517974 -0.8632825360703749
308 -0.8632825360703749 -0.9680260235787228
416 -0.9680260235787228 -0.9687230465887411
587 -0.9687230465887411 -0.9828251075309679
589 -0.9687230465887411 -0.9706721708730264
711 -0.9828251075309679 -0.992767229086122

13 -0.3107598405195548 -0.3851995328268186
261 -0.5681644256240017 -0.6390521874503126
331 -0.6860860722476732 -0.6955236789300907
371 -0.7262182454567825 -0.7307146258047548
410 -0.7307146258047548 -0.7484890135418771
440 -0.7484890135418771 -0.7678380228353703
718 -0.7683402323273499 -0.7692194893475958
953 -0.9035691278758485 -0.914331348206882
965 -0.914331348206882 -0.9459171774640895
984 -0.9459171774640895 -0.970136468814448
1035 -0.970136468814448 -0.9772083623759112

11 -0.03209327809510127 -0.0938705287540433
12 -0.03209327809510127 -0.0348030578866031
15 -0.03209327809510127 -0.08996869872409377
16 -0.03209327809510127 -0.06687855895833797
17 -0.03209327809510127 -0.12861728620285354
18 -0.03209327809510127 -0.07512277300425658
19 -0.03209327809510127 -0.11504041484625531
68 -0.13185512213636538 -0.13394436526138628
79 -0.13727032187350346 -0.1696888409047991
210 -0.43257321578803803 -0.608078527745218
220 -0.608078527745218 -0.6261148078735778
270 -0.7797126314104138 -0.8670843418320908
288 -0.8670843418320908 -0.9137568982574952
290 -0.8670843418320908 -0.8866808753281773
318 -0.9648550237729331 -0.9725933220618053
409 -0.9725933220618053 -0.9819416022003632
418 -0.9819416022003632 -0.9912462622541243

11 -0.28947649222091854 -0.3144212810325494
17 -0.28947649222091854 -0.3722593707527044
229 -0.3821258446017914 -0.3921936238838623
230 -0.3821258446017914 -0.390409832165418
249 -0.3921936238838623 -0.4109711870259956
269 -0.4109711870259956 -0.41348735705427564
278 -0.41348735705427564 -0.4228564902031066
360 -0.6453716078583669 -0.6480106566486384
370 -0.6480106566486384 -0.7977533127049756
390 -0.7977533127049756 -0.9003831131922915
460 -0.9003831131922915 -0.9761560787340686
528 -0.9761560787340686 -0.9822832237344656
540 -0.9822832237344656 -0.9932384221470584

14 -0.3603948524124862 -0.37813921664357375
109 -0.5207340690507173 -0.5378402969051241
119 -0.5378402969051241 -0.5521296645624109
339 -0.5536988185506816 -0.5580963756579087

14 -0.15680815849685895 -0.24297033780981797
17 -0.15680815849685895 -0.193878173916146
18 -0.15680815849685895 -0.17299078311716867
19 -0.15680815849685895 -0.24862041097921656
209 -0.5468115226615166 -0.571414010510535
258 -0.571414010510535 -0.5763077226370054
259 -0.571414010510535 -0.5747092604020324
279 -0.5763077226370054 -0.5891609403392195
317 -0.5908668461741275 -0.5990630923440408
327 -0.5990630923440408 -0.6097953781012829
329 -0.5990630923440408 -0.6078006767691378
340 -0.6097953781012829 -0.6233618457616065
349 -0.6233618457616065 -0.6326741911008467
397 -0.6326741911008467 -0.6356521577443509
399 -0.6326741911008467 -0.6366854690263016
429 -0.645200792997005 -0.657656438233508
430 -0.645200792997005 -0.647524902206879
436 -0.657656438233508 -0.6628456935622097
479 -0.6628456935622097 -0.6642913569647403
480 -0.6628456935622097 -0.6636531966833291
498 -0.6642913569647403 -0.6725264874986636
500 -0.6642913569647403 -0.668582062731719
510 -0.6725264874986636 -0.6753194781762295
517 -0.6753194781762295 -0.6865818512924392
525 -0.6865818512924392 -0.6986930392005721
527 -0.6865818512924392 -0.6873176864199635
549 -0.6986930392005721 -0.7068768123875787
577 -0.7080743064933634 -0.7294188115453586
578 -0.7080743064933634 -0.7249142755409331
580 -0.7080743064933634 -0.7457382726462022
588 -0.7457382726462022 -0.7610998091246044
2004 -0.7672607324556434 -0.7698093053591055
2180 -0.7698093053591055 -0.7879006098905094
2182 -0.7698093053591055 -0.837476420106248
2192 -0.837476420106248 -0.8958672569177606
2229 -0.8958672569177606 -0.9038090271726755
2240 -0.9038090271726755 -0.9155910879011862
2252 -0.9155910879011862 -0.9621938866480417
2316 -0.9621938866480417 -0.9637840040715814
2335 -0.9637840040715814 -0.9718418351652709
2350 -0.9718418351652709 -0.989271502699732

180 -0.7313345204252931 -0.8040279222411485
372 -0.8918795455606603 -0.9600049676908233
382 -0.9600049676908233 -0.9664891474754854

11 -0.029679618836372847 -0.15750537012836047
13 -0.029679618836372847 -0.27860112314604063
14 -0.029679618836372847 -0.07936980017063593
16 -0.029679618836372847 -0.32915810229527753
18 -0.029679618836372847 -0.2701103319289684
89 -0.36353916929671515 -0.37382756137805706
109 -0.3776512732808088 -0.3838924914623289
149 -0.3838924914623289 -0.38527687277009137
189 -0.3928725995066371 -0.39579807264746986
239 -0.39579807264746986 -0.4031460172419654
307 -0.40625856184322123 -0.4592014184246077
308 -0.40625856184322123 -0.41262125112878006
460 -0.4826173599954584 -0.5187646632891892
530 -0.5287390426009625 -0.5345828886529924
560 -0.5345828886529924 -0.5356508489075202
610 -0.5356508489075202 -0.5368825144394929
645 -0.5368825144394929 -0.563311645331852
690 -0.563311645331852 -0.5729822424629513
706 -0.5729822424629513 -0.5852372040152172
718 -0.5852372040152172 -0.6189444208652046
756 -0.6189444208652046 -0.6219125553618152
760 -0.6189444208652046 -0.6238389718876431
767 -0.6238389718876431 -0.6425904048435565
786 -0.6425904048435565 -0.6436231865983844
805 -0.6085891299589088 -0.6295926879919914
807 -0.6085891299589088 -0.6091993517039039
817 -0.6295926879919914 -0.6370686873367556
820 -0.6295926879919914 -0.6562305388038322
874 -0.6666964484875941 -0.6675520118320986
876 -0.6666964484875941 -0.6742285892144413
895 -0.6742285892144413 -0.6870495889235421
898 -0.6742285892144413 -0.6766051584592047
940 -0.6984767468857673 -0.6994583100227211
1008 -0.6994583100227211 -0.7106225480595301
1030 -0.7135030112341705 -0.7228285996537402
1044 -0.7228285996537402 -0.7242490597193461
1046 -0.7228285996537402 -0.7381123782569834
1047 -0.7228285996537402 -0.7298652356038722
1076 -0.7381123782569834 -0.7421373710664386
1078 -0.7381123782569834 -0.7404466708771702
1097 -0.7421373710664386 -0.7470338704410401
1119 -0.7470338704410401 -0.7604898853058286
3967 -0.764783031094582 -0.9040519963172442
4250 -0.9040519963172442 -0.9446927047052049
4836 -0.9446927047052049 -0.9740625484898932
4892 -0.9740625484898932 -0.9933648761292023

13 -0.2190673726509279 -0.22428370323075697
56 -0.24524139455095678 -0.3537019754979782
167 -0.5216370909001603 -0.5469663594378084
430 -0.8132764918779294 -0.9189185121784956
469 -0.9387457180239616 -0.9591534150798559
471 -0.9387457180239616 -0.942702386002002
481 -0.9591534150798559 -0.9691547559281617
498 -0.9691547559281617 -0.9828143390737419
501 -0.9691547559281617 -0.9773795877237891
666 -0.9828143390737419 -0.9839808475381957
729 -0.9839808475381957 -0.9918807660777978
741 -0.9918807660777978 -0.9983900371314993

12 -0.06192077078584992 -0.09460236547074473
13 -0.06192077078584992 -0.1271082613946952
14 -0.06192077078584992 -0.41674679500047773
15 -0.06192077078584992 -0.2991853139823218
16 -0.06192077078584992 -0.4590872792010791
17 -0.06192077078584992 -0.40529709601873
18 -0.06192077078584992 -0.17197141458251355
19 -0.06192077078584992 -0.1409503268655164
28 -0.4590872792010791 -0.4765548574531014
250 -0.6664894848371918 -0.6672369118721018
269 -0.6672369118721018 -0.674242960941271
421 -0.9230223354923637 -0.9551556363799133
1060 -0.9894655422164775 -0.9915044720826269
1228 -0.9915044720826269 -0.9988090525748294

15 -0.3105454304724388 -0.337342796016154
90 -0.43929537351354386 -0.4753164076826122
231 -0.6315338562275687 -0.8194569963039019
361 -0.9232523204968193 -0.9293757521886189
401 -0.9293757521886189 -0.9695834623771828
519 -0.9695834623771828 -0.9757678459055374
542 -0.9757678459055374 -0.9810289725353293
569 -0.9810289725353293 -0.982284848312441
610 -0.982284848312441 -0.9829852282408532
730 -0.9829852282408532 -0.983470740958931
772 -0.983470740958931 -0.9895163606819181
895 -0.9895163606819181 -0.9911796666346262

11 -0.007770793961662175 -0.24987132946738383
12 -0.007770793961662175 -0.2678252908370452
13 -0.007770793961662175 -0.11994649642132142
14 -0.007770793961662175 -0.17724539109301565
15 -0.007770793961662175 -0.16229944062290502
16 -0.007770793961662175 -0.02780292726402193
18 -0.007770793961662175 -0.1128689811121697
19 -0.007770793961662175 -0.16984705047300355
39 -0.29154130034594544 -0.33264607547426456
129 -0.3917374055120028 -0.4568532668238257
139 -0.4568532668238257 -0.481731296249036
149 -0.481731296249036 -0.7285814716313648
219 -0.8253840006590258 -0.8913069405321457
229 -0.8913069405321457 -0.896709084803422
259 -0.896709084803422 -0.9291053622087663
288 -0.9291053622087663 -0.9711313432473954
289 -0.9291053622087663 -0.9482266338940578
299 -0.9711313432473954 -0.979121513838306
388 -0.9796342007679568 -0.9844001924155215
488 -0.984400192897863 -0.997665362446706

12 -0.2964331821550729 -0.3210183720352958
16 -0.2964331821550729 -0.375622878342754
200 -0.5985446531737311 -0.6091196036817877
210 -0.6091196036817877 -0.6212495449102322
219 -0.6212495449102322 -0.6318789893352508
230 -0.6388548371893995 -0.6389547575489776
238 -0.6389547575489776 -0.6679031698658865
250 -0.6679031698658865 -0.7057938406557664
270 -0.7190297038612581 -0.7315194753557211
288 -0.7315194753557211 -0.8964408321403788
290 -0.7315194753557211 -0.7329836854238531

11 -0.07857598441720774 -0.14367350768285703
12 -0.07857598441720774 -0.16130593521841108
13 -0.07857598441720774 -0.0950267211101151
14 -0.07857598441720774 -0.13531617291203515
16 -0.07857598441720774 -0.4575324654581483
18 -0.07857598441720774 -0.118491814784134
19 -0.07857598441720774 -0.49416867088449773
331 -0.7482934512532521 -0.7588355352104352
627 -0.9375788222394731 -0.9951674657885329
633 -0.9375788222394731 -0.9922195561167695

11 -0.061050046739323315 -0.32319401437947926
14 -0.061050046739323315 -0.14605897639674012
15 -0.061050046739323315 -0.06784399381393076
16 -0.061050046739323315 -0.18011039494513212
18 -0.061050046739323315 -0.48059246415225915
19 -0.061050046739323315 -0.16640633662474616
220 -0.6281068552927745 -0.6553342308448658
280 -0.852573521910909 -0.8849140829683131
300 -0.8849140829683131 -0.8855561835641841

