pass_rich_shubert2_step1_poor7rich3
eval_cnt worst_rich_fitness new_rich_fitness
12 -7.620562330655992 -49.623559876724094
14 -7.620562330655992 -13.863227235181595
16 -7.620562330655992 -13.294568696011487
45 -13.863227235181595 -16.46196462242988
161 -29.813507878281488 -128.83518214059148
162 -29.813507878281488 -113.12213506526138
480 -52.0477765293536 -52.48669347852814
610 -52.48669347852814 -138.02897735107405
1835 -79.41091319365904 -144.9467758091097
1836 -79.41091319365904 -122.76751046349443
2094 -146.26935157405404 -148.99278322912423
2130 -148.99278322912423 -173.60636478289524
2152 -173.60636478289524 -173.63040142322612
2163 -173.63040142322612 -176.80703014490257
2182 -176.80703014490257 -185.1786471143913
2222 -185.1786471143913 -185.7861498802973
2264 -185.7861498802973 -186.62622602382362

11 17.59107952647583 0.049467869523461536
12 17.59107952647583 7.60633410439068
13 17.59107952647583 -12.071752232118321
14 17.59107952647583 -3.119721477848139
15 17.59107952647583 2.4400947861574975
17 17.59107952647583 -2.6734864470039676
37 -3.119721477848139 -3.1908538431295748
47 -3.717141449830486 -7.6075761917547435
55 -6.014802980989219 -6.039529906300908
65 -6.039529906300908 -6.3675514024404265
66 -6.039529906300908 -7.989282459633748
177 -9.468320800509423 -11.020783740366431
195 -11.020783740366431 -82.07404473603349
407 -22.110447145702608 -22.509430233897586
437 -23.435002036202604 -117.38639723558107
740 -123.37315374313134 -127.69796761099053
790 -123.43668602091712 -123.43699885754089
800 -123.43699885754089 -123.54408654605352
870 -123.51711714144864 -123.51760741681528
931 -123.54528210032325 -123.56845775642672
1461 -123.57590309256696 -125.72770842048705
2419 -123.57677072390469 -155.4250406667122
2489 -155.4250406667122 -174.61420462432204
2528 -174.61420462432204 -174.69283509193417
2538 -174.69283509193417 -178.37192352488924
2541 -174.69283509193417 -178.96319688106726
2570 -178.96319688106726 -180.424570551859
2583 -180.424570551859 -186.55290392394662
2683 -185.60964359756514 -186.44217285020343
2814 -186.44217285020343 -186.6570898074153

66 -16.824342238666514 -18.916426534108762
268 -37.6131573643044 -39.19876691230593
328 -42.27949211779015 -94.94207216199091
529 -49.363216274579365 -59.17457938938131
970 -52.539561679243 -174.85591417343642
1163 -79.04439029096166 -115.61822265626752
1201 -115.61822265626752 -143.6338549636129
1273 -178.0676137242435 -178.52918358436992
1293 -178.52918358436992 -181.60927841528124
1342 -181.60927841528124 -186.45749859274187
1432 -186.37213090198028 -186.40075326096127
1473 -186.40075326096127 -186.40336933772332
1632 -186.45979312339762 -186.5166155124605
1639 -186.4928339370524 -186.5594981612745
1644 -186.4928339370524 -186.49506201788316
1674 -186.5166155124605 -186.52170744149154
1682 -186.52170744149154 -186.61869463728283
1804 -186.56237916781544 -186.64700665456542
1926 -186.64727515297716 -186.6612557591333
2208 -186.6724915735052 -186.6989254580613

11 -5.189615596788355 -9.319623607631106
13 -5.189615596788355 -7.814811199488904
17 -5.189615596788355 -21.698535721316116
218 -10.440548238192362 -11.92160937987136
227 -11.92160937987136 -15.67364920841069
245 -13.349696256159637 -24.7000123748806
469 -30.757368223177004 -39.78157986021783
799 -39.58387376225675 -85.07864580890141
856 -52.37760605374931 -56.38937538599026
917 -58.32332773349814 -63.626673269294585
931 -63.626673269294585 -108.67868497156842
1041 -119.39432634411274 -121.31121223561898
1100 -121.31121223561898 -121.87973121777856
1120 -121.87973121777856 -121.91684082656118
1160 -121.91684082656118 -122.00911470454965
1534 -122.86302767330889 -138.6673743123797
1582 -139.5658237112256 -155.7185827383699
1593 -155.7185827383699 -175.31425639377863
1604 -175.31425639377863 -178.5450885171744
1623 -178.5450885171744 -184.97309992613265
1684 -184.97309992613265 -186.04014983689805
1814 -186.5340238071951 -186.55190674275428
1884 -186.55190674275428 -186.70263688902006
2026 -186.70263688902006 -186.70920367669564

11 15.898430910386493 0.46870636793326653
12 15.898430910386493 -6.50859753028998
13 15.898430910386493 -16.6968177625228
14 15.898430910386493 13.716951889696693
15 15.898430910386493 -3.4974391074303557
16 15.898430910386493 1.5009139898727193
17 15.898430910386493 -0.3156585041641721
25 -3.4974391074303557 -3.5832765800124067
117 -9.199250905135324 -9.328197209737505
137 -9.328197209737505 -9.337775068808005
167 -9.337775068808005 -9.412042124729517
176 -9.412042124729517 -37.715518680097674
720 -38.283207607563114 -47.18018138113898
729 -39.578595157270264 -89.85285813532889
870 -39.58849221973921 -41.02257041046826
949 -45.24636206814655 -50.17732925717694
992 -50.17732925717694 -50.45280513765381
1030 -50.45280513765381 -50.924546983671355
1040 -50.924546983671355 -51.60077912272994
1051 -51.60077912272994 -89.73955130406515
1149 -54.30191581036525 -80.31067798270887
1152 -54.30191581036525 -83.10360903084089
1162 -83.10360903084089 -107.434825103561
1171 -113.61402511039861 -118.82885616457176
1180 -120.6965269734795 -121.3272496501828
1181 -120.6965269734795 -171.9405463963476
1182 -120.6965269734795 -156.61347888372006
1191 -156.61347888372006 -168.42878743037173
1232 -167.7351364785329 -176.6678188002184
1282 -181.28188821820171 -183.94505151825507
1302 -183.56732299375122 -185.96007074033363
1311 -183.94505151825507 -185.69282444114216
1312 -183.94505151825507 -186.6285301599803
1463 -185.95300466335087 -185.97041745878752
1614 -186.60937981310548 -186.6516828912634
1624 -186.63935560274706 -186.67083051034513
1654 -186.6516828912634 -186.65693646849226

14 -9.598870159035792 -13.601834207228046
35 -0.21813589010080592 -3.433711835652751
36 -0.21813589010080592 -0.4799496275736673
37 -0.21813589010080592 -4.685248282022178
56 -5.5527098229472 -5.625817649107917
67 -6.961357219115012 -7.6629740881759725
167 -12.528277336132627 -12.757624874193795
276 -14.354807049096218 -17.050427366178305
277 -14.354807049096218 -24.365018219834493
378 -23.777407445766013 -24.264595453933808
801 -32.661327206204284 -42.83552464573627
836 -37.62672809078241 -43.05593954657037
1370 -46.51129544889386 -60.391989452383264
1657 -49.40627334589245 -49.46032677347498
1737 -49.46032677347498 -49.461357922611
2271 -49.518570448143706 -117.8684453825024
2320 -117.8684453825024 -123.0993725177046
2573 -123.0993725177046 -123.18655627846135
2764 -123.18655627846135 -123.31694910833212
2922 -123.53826068897509 -123.57240061485628
4846 -123.57677085166294 -156.12962162536596
4922 -123.57677085455401 -123.57677085533187
5461 -123.57677085533379 -149.2693848233132
6076 -123.57677085699197 -157.19621134027952
6117 -157.19621134027952 -172.98696296642535
6126 -172.98696296642535 -185.61285121177542
6266 -185.61285121177542 -185.92198209094258
6917 -185.92198209094258 -186.2802272175132
7149 -186.2802272175132 -186.39844517093022
7320 -186.39844517093022 -186.51949880034886
7602 -186.52012341046787 -186.5919595005964
7733 -186.5919595005964 -186.6028731770794
7841 -186.60287318013755 -186.67941721864472
8034 -186.67941721864472 -186.71928757804412

26 -3.903309634920242 -5.316713543098127
27 -3.903309634920242 -4.151454566330339
36 -5.316713543098127 -6.548154755306305
37 -5.316713543098127 -7.819020191464216
77 -9.149951533357484 -16.760287767382334
137 -12.843267815933723 -13.533455523352535
187 -13.548249606921088 -22.179328754361684
206 -16.048218384047495 -16.14702851932782
247 -16.14702851932782 -19.218687809907426
307 -24.83454513965891 -27.1559981548749
344 -33.06340857666162 -36.58484237916748
347 -33.06340857666162 -33.168891205469585
588 -39.56196459549586 -49.28325401267376
779 -52.48622649332075 -69.36848844281062
867 -52.528545416465924 -68.32106671114488
1122 -122.15969670879483 -122.52194033251776
1231 -122.52194033251776 -122.98626454039704
1272 -122.98626454039704 -123.23672304462669
1280 -123.23672304462669 -123.37126419310167
1292 -123.37126419310167 -123.3720443279851
1531 -123.51719987735136 -134.21699094712622
1564 -123.54115463962243 -123.54184522955626
4074 -123.5767708295318 -179.41246955867314
4214 -179.41246955867314 -182.86405357994056
4247 -183.8282179355858 -186.07634737304608
4448 -186.07634737304608 -186.43030223764717

11 3.6003448197584733 -3.6076507029031584
12 3.6003448197584733 -1.1115944201334103
13 3.6003448197584733 -47.7919470427434
15 3.6003448197584733 1.1237574284125549
16 3.6003448197584733 -2.478155011526663
24 -10.719604548328208 -12.737596925899444
37 -14.828179300950662 -14.926224534638061
228 -37.238246366159515 -39.4448685614559
258 -39.4448685614559 -39.55035091817639
428 -39.56597800484673 -40.95827630954049
667 -49.33084193147858 -73.06019077329171
933 -51.86267163774294 -51.87735722118453
1041 -51.87735722118453 -53.74240527300123
1043 -51.87735722118453 -51.88314498343847
1112 -53.74240527300123 -101.02184190787224
1131 -54.343474956033994 -57.7899178464707
1332 -77.45322391774005 -77.48706663218127
1425 -78.99922158041707 -79.20554799657029
1546 -79.20554799657029 -79.21405057370369
1636 -79.21501739207783 -79.36858278865137
1875 -79.27585055581947 -79.39366185655854
2189 -79.39366185696338 -157.50688542329303
2277 -79.41090784909943 -102.97451299355906
2370 -108.21463223964946 -116.9220020317777
2380 -116.9220020317777 -121.57574705140925
2400 -125.39765797251086 -157.2700988057064
2449 -157.2700988057064 -181.37457238060603
2518 -181.37457238060603 -185.15931327692687
2539 -185.15931327692687 -186.55211460760054

11 -0.399090871993605 -15.845447113124955
14 -0.399090871993605 -20.056176823404087
15 -0.399090871993605 -1.9292458108638293
16 -0.399090871993605 -26.247057661861245
47 -15.845447113124955 -17.68682713017486
197 -24.87504489369062 -27.787787785884483
368 -37.539394247045884 -37.588898839159434
376 -37.588898839159434 -44.97328932490319
377 -37.588898839159434 -46.53677251581159
389 -46.297282050444124 -46.658354330994555
641 -48.94922966405321 -51.4354941901526
740 -54.356374800920946 -107.96040989784898
831 -78.98245567061048 -79.23759291430333
948 -79.23759291430333 -117.87029459812386
1002 -121.63947856898369 -166.20642592919114
1021 -122.91442016938143 -136.33744361511523
1022 -122.91442016938143 -123.00825994659617
1090 -123.5089641946034 -126.08566989528218
1223 -184.16314593519195 -186.43213853106673
1364 -186.42849839123073 -186.63132563687105
1575 -186.63351628143903 -186.71190884771053
1736 -186.6662834621133 -186.6910185045867
1937 -186.71586048164926 -186.7170120206944
1947 -186.7170120206944 -186.71713267907805

13 -7.68662444231213 -9.365183046648372
27 -7.68662444231213 -8.005969650764046
55 -8.005969650764046 -9.362167946448967
67 -9.362167946448967 -10.143293644063807
77 -10.143293644063807 -17.099260705700864
268 -24.935285666784893 -25.475288516694874
489 -32.69838872295973 -46.16082825331924
529 -39.58200672305025 -40.46873665942175
866 -49.36005181477944 -99.27368447401815
941 -52.48643983074619 -72.50956588868503
1706 -79.41091217150817 -115.56245956726848
2038 -123.57674717195805 -180.38236216141027
2159 -180.9932114242293 -184.45577274773913
2160 -180.9932114242293 -183.90343196481493
2161 -180.9932114242293 -186.62493706649929
2249 -186.28694830063102 -186.48076731387133
2372 -186.48076731387133 -186.55036706001914

11 1.9036593213577846 -43.77811199545263
12 1.9036593213577846 -12.754764969032923
15 1.9036593213577846 -2.261754296886555
57 -12.87083308556785 -13.511333230183423
198 -25.36820311451449 -33.86399900019028
333 -38.76257763957637 -57.978543563099336
490 -54.372830648745506 -69.12858118301166
691 -78.97412452117652 -79.21054628742937
790 -79.21054628742937 -140.2953726918633
1496 -79.41091310757504 -102.92395254472002
2122 -79.41091321389496 -179.98067036066007
2192 -179.98067036066007 -186.25787905412759
2463 -186.25787905412759 -186.27581425891944
2484 -186.27581425891944 -186.35882767764005

12 0.5324039971234016 -10.02965001046961
14 0.5324039971234016 -1.4084319865909944
15 0.5324039971234016 -1.3013929317407373
27 -1.4084319865909944 -4.923643346594874
47 -2.5707523711594864 -3.7215005961440752
141 -7.517822943345964 -27.36815461452357
142 -7.517822943345964 -10.855283241436867
207 -7.866085861925225 -9.762120780750841
208 -7.866085861925225 -7.932754759759968
306 -10.345392628437944 -20.31161528777349
307 -10.345392628437944 -10.590851729482589
570 -52.02060594386321 -102.34004038891464
667 -52.50973038479943 -57.79822555769846
738 -52.55299736273723 -52.684332499696794
817 -54.11553340579449 -59.59300381235242
868 -66.75554349605021 -91.20806848642101
1021 -123.54445063974578 -130.72076784167726

13 -12.069239874206028 -16.235783142948158
17 -12.069239874206028 -13.900661789200768
77 -13.761181061748626 -15.085526783452291
551 -37.40621477578908 -48.00104719470715
619 -38.27171376415703 -39.13058356413348
822 -39.41431162541157 -53.76493769685358
1274 -39.588711888482635 -45.00099047201747
1346 -45.00099047201747 -46.081448968489184
1435 -46.081448968489184 -55.8292293613484
1484 -49.5185843004358 -104.01657780240981
1684 -54.40486530333162 -72.09802453987592
2058 -79.3682115352047 -111.8588706147367
2207 -123.35481754660569 -168.00380481977106
2461 -123.56612964021369 -146.1332849809359
2493 -123.57464259725117 -123.57514511969985
2503 -123.57514511969985 -123.57566354666143
2513 -123.57566354666143 -123.57670152092719
2533 -123.57670152092719 -123.57671029051602
2573 -123.57672924846057 -123.57676124526601
3526 -123.576770766544 -176.96883905460848
3638 -180.5678133880195 -184.69087310544668
3698 -185.3681385627081 -185.97964926325233
4296 -186.38831190632288 -186.52493958335833
4331 -186.52493958335833 -186.69687969095827
4546 -186.69687969095827 -186.71316576273034
4587 -186.71316576273034 -186.7276261414505

13 0.7922365273760464 -3.029131308379169
14 0.7922365273760464 0.22504297732644193
15 0.7922365273760464 -0.17534990068679757
25 -0.2104669762530793 -2.101723553029776
27 -0.2104669762530793 -3.137050813776986
47 -3.165381836443448 -5.295028904033959
56 -4.93325388313811 -5.00235589793036
57 -4.93325388313811 -5.2997821477001725
67 -5.2997821477001725 -5.533946240143712
77 -5.533946240143712 -5.622800642352626
87 -5.622800642352626 -6.16139671727746
95 -6.16139671727746 -7.488139674048367
176 -12.684808531906768 -13.596409436843448
243 -13.42883744936476 -14.500653292914354
368 -13.596409437643477 -18.073122955509998
415 -16.80659261611057 -49.022800500548655
488 -22.02272831884122 -22.024282576339857
578 -22.024282576339857 -22.04083024753134
608 -22.04083024753134 -22.082436395463944
657 -22.082436395463944 -22.088752002052512
667 -22.088752002052512 -22.804494324976456
728 -22.804494324976456 -24.61569711745769
754 -24.61569711745769 -24.73953109336728
768 -25.637115952572405 -31.826230170326692
778 -31.826230170326692 -44.739411761466194
797 -45.896811079187074 -49.88479656989689
898 -52.530250075332766 -60.206461422028404
1150 -52.55340007198958 -175.2940210081128
1229 -79.3916388234114 -98.02412208687319
1542 -183.30064734117684 -185.2506760615474
1581 -185.2506760615474 -185.7310400937127
1622 -185.7310400937127 -186.0900730517218
1702 -185.8559211261257 -186.23864592175434
1840 -186.20057515644407 -186.7011606890226
1841 -186.20057515644407 -186.4914455018177
1843 -186.20057515644407 -186.3138377903307
1901 -186.4914455018177 -186.62083120904128
1979 -186.62083120994166 -186.72017846790123
2114 -186.72017846790123 -186.7267063294439

238 -16.759715478429253 -30.04713062716611
369 -37.86686393561044 -39.72005019155638
550 -46.50235757432351 -52.821395456709716
761 -52.55113171897989 -68.98339714828751
962 -54.37033269606017 -75.27594475144362
1020 -78.16148136114244 -94.04013393015586
1132 -79.41089813784085 -106.44700290793854
1292 -122.2044678126648 -122.61539738931198
1363 -122.61539738931198 -122.73683509783434
1412 -122.73683509783434 -127.5959961748632
1452 -127.5959961748632 -174.3597802241597
1471 -174.3597802241597 -184.32227579046696
1473 -174.3597802241597 -182.69694071701747
1483 -184.32227579046696 -185.49429692547028

11 -1.8929712348819525 -33.220797684354196
12 -1.8929712348819525 -7.091304561151144
13 -1.8929712348819525 -34.59755563461662
45 -7.50428311872437 -11.2260470965598
52 -11.2260470965598 -11.684965715253538
137 -37.02264640496172 -39.035462546274786
187 -37.56882384999069 -37.574315694726174
217 -37.574315694726174 -37.64948155044083
236 -37.64948155044083 -39.68624852030945
907 -46.47729136133317 -50.73040379426702
1021 -46.51131287594751 -46.554361755598535
1071 -46.554361755598535 -46.98633252570892
1101 -50.86749212729341 -51.167024415275485
1140 -46.510635554704955 -67.40665847254786
1807 -79.41062424580356 -140.6758542900909
2004 -79.41091315468249 -150.80834705720972
2301 -184.70344400115806 -185.56084618660847
2311 -185.56084618660847 -186.24058862775973
2813 -186.6072726757703 -186.64580789214722
2956 -186.64580789214722 -186.66685582127275

13 7.476778328562983 -15.976536295197235
14 7.476778328562983 -6.612453811835396
17 7.476778328562983 3.6231356978814078
27 -5.803996748627877 -12.487156267551372
46 -9.474059690257791 -37.63383582758402
137 -19.231527538641636 -19.973323168980905
211 -37.501245833553604 -118.78036140651813
739 -46.51131298238178 -54.347044729520526
890 -123.57649072033435 -133.98824750207547
930 -123.57677078045762 -147.97435178787237
1234 -184.8691977697202 -185.81770605159616
1273 -185.81770605159616 -186.16645681582418

12 0.7640184886685303 -45.39935763672126
13 0.7640184886685303 -2.8394326413452475
14 0.7640184886685303 -5.566392398948275
15 0.7640184886685303 -3.6055965134988037
16 0.7640184886685303 -1.3458016679063967
17 0.7640184886685303 -2.0963293848446507
56 -8.752102391827341 -11.249090915842638
137 -30.459338533028504 -46.31339546083928
258 -75.77132734802191 -177.45590874450653
771 -185.7675715780228 -186.216878528227
893 -186.216878528227 -186.7154444503977

11 6.162764591180357 -1.031354173974962
12 6.162764591180357 -26.590327607882486
16 6.162764591180357 0.7171792681715773
17 6.162764591180357 0.25743123537258533
25 -1.031354173974962 -10.152511391524916
27 -1.031354173974962 -5.0901052778752245
56 -8.294453017715501 -15.978035887390508
188 -21.943842701875276 -45.61273680379955
409 -37.620530717439074 -37.6314841270174
458 -39.14002968465895 -43.97798064160542
650 -46.50329585870338 -47.2726575764731
720 -50.024999324727546 -79.14375513480313
777 -54.32171134280507 -70.20545313472252
1243 -79.2322822992672 -85.48450653812662
1843 -79.41082370107722 -102.01396074831818
2176 -79.41091321441617 -153.51489455258837
2257 -173.16179974733984 -180.71396936747104
2258 -173.16179974733984 -174.25802185478236
2280 -180.71396936747104 -181.36331490347916
2300 -181.36331490347916 -181.81211879115773
2351 -181.81211879115773 -186.5568211462742
2744 -186.59521200851626 -186.5971193777635
2902 -186.6157552152849 -186.66908823659907
3126 -186.66908823659907 -186.6940301660264

67 -12.421930890842686 -15.622579531458326
106 -17.103108207416636 -18.527588809940912
117 -19.12426132014152 -21.047173956108015
137 -21.047173956108015 -22.055271090127402
147 -22.055271090127402 -22.117277798831758
156 -22.117277798831758 -22.376227605335487
254 -23.135057598698655 -88.70507544136824
489 -36.82544330533556 -46.217532653849005
579 -46.4211635048185 -46.50393412518382
805 -46.504584795153626 -65.20134540760057
1032 -122.26675921174001 -122.33945328760232
1042 -122.33945328760232 -122.3849865759557
1151 -122.39634714542781 -122.40479867886819
1162 -122.40479867886819 -122.4315871756894
1200 -122.4315871756894 -122.85684812213414
1291 -122.85684812213414 -122.99610757193713
1308 -122.99610757193713 -123.12457066407566
1876 -123.55016215849413 -123.57326145770064
2891 -123.5767707883437 -128.80944410591633
3676 -123.57677081107741 -171.5594573830713
4464 -123.57677084742438 -155.69560110875034
4590 -123.57677085809937 -154.03020759025708
4669 -154.03020759025708 -159.06956124299307
4688 -159.06956124299307 -171.11409011585295
4701 -170.696819769529 -171.2851181395789
4748 -171.11409011585295 -178.29986157343535
4787 -177.2104099728454 -185.41828805949297
4817 -181.87480296055497 -185.0517145904843
5281 -185.0517145904843 -186.23891161396588
5294 -185.41828805949297 -186.1410188355624
5596 -186.23891161396588 -186.54307529076524

16 -18.038976675243227 -75.16886435256257
87 -19.485341095431558 -23.279146986342173
380 -78.49830198408637 -102.4016782188013
509 -121.60061272859858 -169.2899888162645
1005 -186.51883182042675 -186.69312316812582

12 0.014906002681014895 -20.88297512460662
13 0.014906002681014895 -3.699474654982296
14 0.014906002681014895 -4.218987014309708
16 0.014906002681014895 -19.383160429756284
188 -22.685439359220865 -22.962939016138893
198 -22.962939016138893 -24.8289434129783
288 -24.923299078672517 -38.44595274267743
307 -31.250132423267157 -34.455111769594126
328 -34.455111769594126 -35.6957348838457
549 -37.59466531470044 -37.67649691809151
668 -37.67649691809151 -127.48119717723114
806 -37.681004579244 -169.4376774866138
942 -46.492102047678166 -64.14329602743439
1303 -78.97805607480241 -79.07811152372408
1405 -79.07811152372408 -79.40046601981254
2065 -79.41090981594569 -109.90716171782177
2140 -172.99467154612023 -182.55213142124475
2158 -182.55213142124475 -184.39959514841394
2180 -184.39959514841394 -185.84866512377732
2319 -185.84866512377732 -186.0372245022956
2532 -186.0372245022956 -186.30460186729962
2622 -186.30460186729962 -186.4642574508152

26 -2.2964890865785077 -15.32607453930558
188 -16.193251534476204 -19.31399126802907
294 -21.11411288465312 -66.94889013624176
398 -37.62145518283644 -38.72118357269159
810 -46.415778006725816 -49.27215673113234
811 -46.415778006725816 -46.476198381569105
1896 -49.48527058211984 -71.41785073530666
1928 -71.41785073530666 -91.50758038049987
2529 -79.41091316670858 -83.0911872094629
3442 -79.41091319799006 -150.62859334980465
4250 -123.57677076684449 -183.8508896391201
4712 -183.8508896391201 -183.92434010968677
4784 -185.7848397293893 -185.815543973029
4814 -185.815543973029 -186.26195078732874
5284 -186.42829374326595 -186.59109170856215
5368 -186.59109170856215 -186.60418681102948

11 25.422410818416505 -14.218352483940256
12 25.422410818416505 0.010205019534238203
13 25.422410818416505 -19.880042724683676
14 25.422410818416505 1.667491737724205
15 25.422410818416505 23.70942355325753
16 25.422410818416505 8.084710906086565
17 25.422410818416505 1.7556308107386398
37 0.010205019534238203 -0.9802664233241654
66 -0.9802664233241654 -2.7374891529500247
86 -8.690311337427941 -16.151435876047177
87 -8.690311337427941 -10.097875819785212
122 -16.690819860935363 -17.063469197154227
131 -17.063469197154227 -73.33350659477243
137 -17.063469197154227 -28.61129640527443
379 -54.05402815215521 -90.30623944113323
565 -79.20203159307961 -143.6422781943997
637 -79.32935497057188 -173.0366276835877
962 -186.02664949087918 -186.12872538477527
1002 -186.12872538477527 -186.42112906668868

57 -23.53654142665695 -37.39455493575868
161 -37.63336550216226 -50.87017024176268
720 -46.27644967589617 -105.5274880090334
866 -51.99590876576018 -53.63431880214312
1000 -52.050400932714425 -53.04759164289567
1142 -53.74011315743191 -56.10213620377022
1355 -79.1585692855322 -90.40905447133346
1361 -90.40905447133346 -99.55940867735289
1395 -178.45355958141164 -182.8538971797321
1443 -184.89470072315206 -186.62732558418298

11 0.15927354878939037 -41.17921820586796
13 0.15927354878939037 -10.491713485705374
15 0.15927354878939037 -21.406408805958087
16 0.15927354878939037 -52.040895950320866
17 0.15927354878939037 -3.0231914588130024
440 -22.128507288788263 -28.571822602646694
529 -50.27311056382021 -108.67621597979851
530 -50.27311056382021 -53.35664793894254
597 -54.38498143886667 -56.67316529512726
630 -79.3857825430504 -98.4171958227171
690 -102.25567816770399 -160.5283189308277
700 -112.8740131804037 -117.1322120071056
710 -117.1322120071056 -119.5979734651614
739 -122.59948051335141 -123.10788713246619
810 -123.06709112935431 -123.35706078519225
868 -123.10788713246619 -123.34604124800175
959 -123.34604124800175 -123.56866814523558
1151 -123.5365588293672 -123.55416172911468
1261 -123.55566575873532 -123.55669451746947
1271 -123.55669451746947 -123.55705929924322
1281 -123.55705929924322 -123.55887109260036
1291 -123.55932194342199 -123.55970825381397
1301 -123.55970825381397 -123.5607391475254
1311 -123.5607391475254 -123.56096816039637
1321 -123.56096816039637 -123.56218097780643
1331 -123.56218097780643 -123.56246322618082
1341 -123.56246322618082 -123.56393250718881
1492 -123.57158890267783 -123.57592222067068
1532 -123.57592222067068 -123.5760325705901
2347 -123.5767707204971 -156.45224208008528
2618 -123.57677083634675 -184.75031642487204
3021 -186.63803546884327 -186.64129360190424
3034 -186.64129360190424 -186.6578495467059

16 -0.2685148562611252 -7.495749103619047
17 -0.2685148562611252 -167.13901376524905
289 -36.709524487717644 -36.74257160741097
309 -36.74257160741097 -36.986243722836804
399 -37.59409389119058 -37.62775850355701
1225 -37.67819490453129 -41.05035164866799
1730 -37.68112025130109 -176.9699445749396
1987 -46.507076775041085 -73.44228459428635
2042 -73.56254663472644 -138.42123756472225
2112 -138.42123756472225 -185.44200069581598
2216 -185.44200069581598 -185.44316153864173

11 4.441845454213826 -0.9249386553128156
12 4.441845454213826 -20.80842348170981
13 4.441845454213826 -9.386249990035106
15 4.441845454213826 -0.5700752649635059
16 4.441845454213826 -31.666724609913256
17 4.441845454213826 -12.485476698303106
46 -16.3365718008628 -17.45215844688882
551 -46.49413609542517 -50.34555409228212
660 -51.73043098574915 -62.59693112829512
677 -52.54367992979635 -84.04532079870675
788 -74.16575415748974 -86.43712610661049
1178 -79.40948295655492 -80.5427230422681
1233 -123.54423755223179 -147.36130116811532
1516 -183.97622003050623 -184.6694381016888
1596 -184.43855746535374 -186.6520451714595
1676 -186.4863907951776 -186.53518913133104
1696 -186.51841238870162 -186.52115078146792
1706 -186.52115078146792 -186.5319161320741
1716 -186.5319161320741 -186.53921790846454
1856 -186.59325848806054 -186.68036903046394

37 -10.614235460242835 -21.697595022400932
67 -21.831437591558185 -22.996688235286815
237 -37.54261997586631 -47.82207979780523
255 -46.37352528311039 -69.41897390385246
580 -52.401718788170676 -60.957700340084905
620 -60.957700340084905 -75.99328433532695
690 -79.02169371346794 -79.23031163110997
798 -79.23031163110997 -79.31132384413641
941 -79.31132384413641 -79.38377561416766
1170 -79.3959797593285 -95.62117748145616
1566 -79.4109131926038 -88.5081756083364
1663 -79.41091321056965 -84.584643477893
1928 -132.40071544451007 -168.95971365923322
2057 -168.95971365923322 -176.93119081361314
2118 -176.93119081361314 -185.7924691281474
2119 -176.93119081361314 -180.56150177983343
2169 -185.7924691281474 -185.98357931014098
2551 -186.31259945034407 -186.4373994990573
2673 -186.4373994990573 -186.54984974026598

11 5.0957369284268985 -13.471453712740775
12 5.0957369284268985 3.411422981308109
13 5.0957369284268985 -10.753663202006717
14 5.0957369284268985 -175.0343020576577
16 5.0957369284268985 -7.272317083122897
27 -13.471453712740775 -28.84771310899162
37 -28.84771310899162 -30.938366786153175
56 -30.324330668323725 -32.42825510863335
67 -32.42825510863335 -35.637592860276605
77 -35.637592860276605 -38.29941789560859
177 -49.40895123083352 -49.48917865134429
206 -49.48917865134429 -59.99688423946343
357 -54.00644434292506 -54.29710544620698
395 -54.33399556013028 -102.06664012954161
398 -54.33399556013028 -54.3845119460002
670 -79.04928762046605 -115.82620867028523

12 -1.8592093036718178 -2.0238208866967273
13 -1.8592093036718178 -10.733694861466876
116 -6.778747121444098 -7.341161626811539
135 -7.341161626811539 -13.394418445962884
157 -12.809432671690539 -13.01078968545376
185 -13.01078968545376 -13.49170149594552
197 -14.917915509254975 -19.014026893254535
356 -23.076533001776365 -33.76783933662085
396 -48.226549570867135 -57.32143915382824
811 -79.30663386684172 -117.10312858167647
890 -79.38716732355351 -161.25172673513796
911 -79.40077239684352 -79.40164287715416
959 -79.40431614346356 -103.24161681152042
1918 -186.67378520102693 -186.70183695047479
2070 -186.70183695047479 -186.70213537001297

27 -2.421451551176967 -2.8730144978266914
57 -5.4588756809588554 -6.426737831839724
71 -6.426737831839724 -140.65072739869626
74 -6.426737831839724 -12.209087659936513
223 -39.429462317205825 -176.24678773352812

13 -1.7249017946397511 -6.656634339608632
14 -1.7249017946397511 -9.616479495171742
17 -1.7249017946397511 -26.337162484118842
26 -6.656634339608632 -9.216484914387422
142 -20.53466532185948 -23.561350727572677
329 -24.866031774908397 -28.83949362520115
339 -24.87226741774536 -24.88055680986819
398 -24.88055680986819 -25.13172390032085
514 -34.63854607674536 -34.72152081944729
520 -34.63854607674536 -35.64791432714582
529 -35.64791432714582 -35.868867864076314
540 -35.868867864076314 -36.37337123938006
751 -37.577888356999836 -39.213922469729106
830 -37.646681174942195 -44.04961283223787
860 -39.543692401866686 -45.24361322254139
1163 -46.39703024582827 -49.47872331179042
1369 -49.47872331179042 -139.71008506311145
1484 -49.5065536314582 -57.779967112360275
1493 -49.516433232743495 -74.55939590668179
1896 -79.39861153342981 -122.32652119134309
1977 -122.32652119134309 -153.72130685055888
2095 -123.57508862598748 -143.80047623369384
2239 -177.01598554783857 -183.40991961970704
2319 -183.40991961970704 -184.60130940253555
2329 -184.60130940253555 -186.61126349106692

11 -3.966013097635874 -8.574423090751049
27 0.41550681717223475 0.34367707746328824
47 -1.7517893710095314 -2.534999194755623
76 -4.829667305216781 -5.958038920093666
77 -4.829667305216781 -5.3258310350207605
85 -5.958038920093666 -8.80320963567439
95 -8.80320963567439 -19.32259679746196
107 -10.611951152216193 -10.95662736203875
132 -11.03279519413251 -11.635959942919488
147 -11.738079318131343 -17.970702554733077
318 -37.4301819830886 -42.32562357486475
988 -46.50414858535612 -49.05418537670312
1064 -49.05418537670312 -79.40982569935194
1205 -54.40485840574568 -116.6026271306562
2149 -79.41091318956639 -80.97828792816722
2320 -79.41091320071901 -107.00900139670736
2393 -150.38509908671506 -167.32481707724142
2400 -167.32481707724142 -175.55734940831724
2474 -173.7978144552244 -174.2076938041651
2481 -174.2076938041651 -175.49695344668825
2500 -175.49695344668825 -175.75415202270324
2504 -175.49695344668825 -176.03918805208477
2539 -176.03918805208477 -184.3704119257278
2554 -184.02917622051436 -185.840388145243
2583 -184.3704119257278 -185.6596109522385
2584 -184.3704119257278 -186.6558327732581
2673 -185.840388145243 -186.56829550007575

11 1.5755220823286127 -10.522581557814567
12 1.5755220823286127 0.8821177596279423
14 1.5755220823286127 -20.782371972511775
16 1.5755220823286127 -3.3896955430562774
17 1.5755220823286127 0.567132438135563
57 -10.522581557814567 -11.049528781042413
226 -12.93465730418056 -13.776221225423887
429 -13.710076837426888 -23.063889395920967
570 -31.51474774644461 -37.23403328017043
614 -44.5909176806547 -61.13302927009311
679 -46.497587704012794 -48.80728069587889
760 -83.69448804812048 -87.34092847377316
770 -111.12492720671912 -123.07461989500442
790 -123.07461989500442 -175.4164307995431
899 -180.26472788126586 -182.8165967767274
900 -180.26472788126586 -180.83392211190434
918 -182.8165967767274 -182.93356649169422
919 -182.8165967767274 -182.8185521897055
930 -182.93356649169422 -184.001778939762
938 -184.001778939762 -185.69716680714853
939 -184.001778939762 -184.00988896910965
1037 -185.69716680714853 -186.16869524424345
1057 -186.16869524424345 -186.64724798888219

11 2.686309624239374 0.381927972964256
12 2.686309624239374 -0.7941677195708222
13 2.686309624239374 -34.647521486481395
14 2.686309624239374 -4.220341957512589
15 2.686309624239374 -4.775156785967277
17 2.686309624239374 -10.922318803392965
47 -28.07700706495366 -40.855702221922414
127 -37.39724101392199 -37.4735453495641
157 -37.4735453495641 -37.63504737765992
837 -37.65598263557357 -39.52667785739807
1033 -78.74078250187252 -148.27528086762078
1113 -79.41029381624844 -88.46987702441382
1828 -79.41091320799745 -99.06249984829641
1858 -99.06249984829641 -125.2614817466874
2156 -176.66752654126404 -182.91729175725823
2532 -184.147900892619 -186.10386808998865
2593 -186.10386808998865 -186.72438584784118

12 -39.22409645851286 -50.482518556139254
57 -45.054132452165646 -48.654088413634206
107 -50.25395163204257 -57.14737308989011
126 -53.97442707658668 -58.645445871183014
803 -79.32781975174608 -79.35375652711157
843 -79.35375652711157 -79.35703021337096
922 -79.36334929433231 -94.919835401207
1292 -79.4101384555961 -179.7460452446604
3009 -79.41091321709881 -180.3036638431927
4100 -186.67557862076202 -186.70095926398238

11 15.142960465911212 -3.3690810494667733
12 15.142960465911212 3.0383869324394794
13 15.142960465911212 -0.46220933916786416
14 15.142960465911212 -26.29438536333777
15 15.142960465911212 10.697428508075275
16 15.142960465911212 4.839778225976914
17 15.142960465911212 -8.369425489067826
27 -3.3690810494667733 -3.9321124683725976
208 -29.792585165549358 -30.128710595847743
218 -30.128710595847743 -30.607122478434597
297 -30.670441426977902 -35.795993950001844
589 -37.405055214393016 -37.49005189763808
711 -37.49005189763808 -37.61410834857328
741 -37.61410834857328 -37.64721087614929
821 -37.65792365826265 -37.668876363871675
838 -37.668876363871675 -38.374538055945486
890 -38.374538055945486 -40.58767057924415
909 -39.51221592000092 -47.5206707246488
930 -47.5206707246488 -52.8839621975692
951 -52.8839621975692 -53.11602983036365
969 -53.11602983036365 -54.25498464620386
1000 -54.25498464620386 -54.36378469836228
1099 -54.29903367498798 -54.350930066899444
1200 -54.350930066899444 -54.36178787435685
1270 -54.36178787435685 -54.40196103779618
1385 -54.39872131536124 -80.84748515975171
1386 -54.39872131536124 -90.64995308310039
1392 -54.39872131536124 -54.40096490335609
1452 -54.40198378445976 -54.40220159530413
2357 -54.40486542061333 -105.13531234160097
2446 -79.41091322142637 -113.77304138783342
2466 -113.77304138783342 -114.02700370850029
2480 -114.02700370850029 -134.86578679585344
2530 -122.07292115090351 -124.91527637047517
2558 -124.91527637047517 -138.88611992353103
2560 -124.91527637047517 -125.75333659149399
2569 -138.88611992353103 -144.1874485908831
2590 -144.1874485908831 -148.26021757384984
2600 -148.26021757384984 -177.97730555094023
2609 -177.97730555094023 -182.14130641672116
2636 -182.14130641672116 -183.89564920943022
2656 -183.89564920943022 -184.29793195772996
2740 -184.29793195772996 -185.20544346120835
2767 -185.20544346120835 -185.98293236115032
2960 -185.98293236115032 -186.54613530850082
3001 -186.5552631043444 -186.66408832592072
3060 -186.57038721314404 -186.71729032781903
3061 -186.57038721314404 -186.5725261202948
3101 -186.66408832767385 -186.72069636926466

16 -6.6501896791307 -13.641505494903408
27 -6.4371689783118065 -6.943019715002617
66 -8.337546193694106 -16.60561271292794
125 -13.479986918864334 -15.175925129227277
217 -37.10472947712794 -48.073113701583445
297 -52.52405389439786 -52.74886719001738
447 -54.331961399616134 -77.21624060816136
517 -54.40200466295704 -186.3255690799102
526 -79.39480685520128 -82.64182018326976
1584 -186.5864027519956 -186.66398679596966

11 209.4046652076493 -3.081128677197311
12 209.4046652076493 16.119464753837825
13 209.4046652076493 0.4665996896008076
14 209.4046652076493 45.53400719497227
15 209.4046652076493 1.6571087856535183
16 209.4046652076493 -14.398407730312018
17 209.4046652076493 -3.278280864562656
37 -3.278280864562656 -17.272018052213284
57 -11.868202149350507 -26.210702857553997
106 -25.64231723196737 -38.02241306402127
433 -46.4105859481681 -50.30271932828786
671 -52.462033305784495 -81.94781980163323
861 -185.03117581271758 -185.61508573362278
881 -185.61508573362278 -186.66466857916336
1003 -186.20970401589477 -186.63409702759404
1113 -186.3921190724343 -186.39533574401807
1123 -186.39533574401807 -186.3975202774587
1132 -186.3975202774587 -186.39824906611636
1133 -186.3975202774587 -186.40439327620305
1143 -186.40439327620305 -186.41501670239035
1152 -186.41501670239035 -186.46438864071916
1274 -186.63409702759404 -186.6803877085692
1635 -186.70462635697677 -186.71849827014083

15 -6.931870518214256 -17.514629608138005
309 -24.82544268707947 -40.125681193769104
430 -46.17967372766856 -58.69077678241762
687 -51.99864688340291 -57.17281678262262
949 -52.51525695264392 -57.31346377540728
1256 -122.77087657487449 -123.38631007929372
1728 -123.42401091250991 -123.47140044833127
1820 -123.47140044833127 -123.47162790733911
1959 -123.52518973566195 -160.2776894059414
1995 -123.57676969455655 -127.63716206132752
2028 -131.4868795400207 -157.16074763629572
2037 -157.16074763629572 -160.33953591698344
2045 -160.33953591698344 -168.9916694242297
2050 -160.33953591698344 -168.19472198299368
2060 -168.9916694242297 -184.12305280450965
2232 -184.12305280450965 -186.72468173598256
2262 -186.12204230648447 -186.22580340051155
2332 -186.22580340051155 -186.64820989497852

11 5.617182832962038 -5.463971818473182
12 5.617182832962038 -15.592713921373516
14 5.617182832962038 -7.5417470493923835
15 5.617182832962038 -10.074002714202567
16 5.617182832962038 3.650445109291307
85 -7.5417470493923835 -21.16194217208281
127 -10.959786385184522 -22.084724695845086
288 -16.123335180012205 -21.605000526601376
438 -38.26695514875226 -39.62755996946666
609 -39.563347420452885 -84.96474655687899
656 -51.431963413476126 -107.7531559692249
729 -52.0485611263462 -173.07902978761302
810 -173.09830071787192 -178.91037640399307
941 -180.12503839952268 -182.8206720859412
961 -183.1688542488902 -185.00459430719826
1021 -185.69787015446852 -185.9820189885276
1031 -185.9820189885276 -186.45910710138207
1071 -186.45910710138207 -186.45950555657924

12 1.4646694920115488 0.7562386030631563
13 1.4646694920115488 -5.58430229518584
14 1.4646694920115488 -0.3328717043558027
16 1.4646694920115488 -0.5475523293915944
27 -0.5475523293915944 -3.827460065057486
36 -3.827460065057486 -4.830103710650642
47 -4.830103710650642 -4.977934739992818
54 -4.977934739992818 -9.646428429892012
77 -8.052523325525886 -9.344084862755414
156 -12.683201189715103 -38.458934406592036
499 -13.545577254380257 -14.065031111766269
507 -14.065031111766269 -16.708000580269193
619 -16.723278465951488 -27.885613180156152
700 -36.09819616272404 -36.97139190279282
757 -39.553749088455916 -41.1493197656235
761 -39.553749088455916 -40.30201458091008
889 -52.075170414021414 -105.49050706486612
1022 -53.99130097525168 -66.21265221588357
1122 -121.3999656224026 -122.88289104186266
1133 -123.27378840086462 -173.24025327182196
1331 -123.49812472387931 -134.4430595895645
1465 -177.65726559282894 -179.18068707119346
1717 -186.42227936566087 -186.62669593457585
1878 -186.62669593457585 -186.67141570804765

14 -9.980300245276272 -31.55297761242137
208 -32.777224394045795 -36.76797163424766
429 -37.356014352347394 -41.75998958245956
587 -38.217634002401624 -61.9651635649953
590 -38.217634002401624 -46.305210046590716
801 -49.116683810415296 -70.93199211756605
887 -76.05541730083586 -96.1389998265164
910 -118.1790727457736 -172.51230816055008
1000 -123.54692631228028 -155.74951244392122
1019 -123.57676955673998 -155.70530499391134
1434 -186.03111620138768 -186.58332422522236
1555 -186.4107440981177 -186.70589142488873
1675 -186.59500848998468 -186.71840194312156
1676 -186.59500848998468 -186.66235055595357
1817 -186.66387104647964 -186.67171133275622
1837 -186.67171133275622 -186.67252402276173

15 -0.617976809650899 -0.813646099515821
17 -0.617976809650899 -33.82978852769529
36 -0.813646099515821 -1.5292737649912966
37 -0.813646099515821 -3.308005503075856
57 -3.308005503075856 -3.831976965399448
64 -3.831976965399448 -4.466706823012046
77 -7.528838186766208 -8.139806802038038
95 -8.139806802038038 -9.115702119142643
106 -9.115702119142643 -33.87304156697032
125 -9.778599071964807 -11.54411849864934
298 -16.822784300047086 -17.63021594272067
316 -18.69149896559373 -21.61614221669189
1183 -79.38646671496484 -183.33284041993542
1714 -123.57677074071921 -131.66747645115618
1784 -176.17867882608007 -184.88130690797843
1875 -182.3376800605465 -184.70796877209403
2065 -184.70796877209403 -185.09874832530375
2074 -184.88130690797843 -185.6467939824887
2088 -185.09874832530375 -186.00404490305007
2241 -185.6467939824887 -185.64863061793025
2640 -186.66483357446137 -186.69352078345767
2714 -186.69352078345767 -186.69577017513527

11 7.137626489461669 -3.027396413804946
12 7.137626489461669 1.6865253807947673
13 7.137626489461669 -3.9384551943234465
14 7.137626489461669 6.787214698937674
16 7.137626489461669 0.3024613440646634
17 7.137626489461669 0.3104498222400233
34 -5.001507828604238 -12.162345655553287
97 -7.965137324305179 -11.981508166598937
322 -16.73807679500031 -68.08640724258576
323 -16.73807679500031 -56.069220894086605
661 -39.58870539895776 -68.85513067402879
929 -52.54688251637354 -57.52776058676147
979 -89.17856927389977 -96.58574818641323
1354 -123.57497480531048 -144.6813995941039
3919 -123.57677084915467 -155.28172020691355
3974 -157.06937361543532 -160.06002383253744
3986 -160.06002383253744 -161.22797273424774
3999 -161.22797273424774 -162.4512861433177
4067 -162.4512861433177 -167.23140718137603
4138 -167.23140718137603 -167.87207291614763
4144 -167.87207291614763 -173.3395302408667
4159 -173.3395302408667 -185.83086578306924
4623 -185.83086578306924 -186.48533399932933
4804 -186.50450169611958 -186.64925054993395
4935 -186.64925054993395 -186.6826898305166

11 22.156184339530046 5.233453854201727
12 22.156184339530046 4.741447776061322
13 22.156184339530046 -1.6391819600988435
14 22.156184339530046 1.0277074838495281
15 22.156184339530046 -1.1201671682472916
16 22.156184339530046 7.753492617791813
17 22.156184339530046 0.013239517139655637
23 -1.6391819600988435 -3.0462683756242748
25 -1.6391819600988435 -10.502885059527227
57 -18.39568872819032 -26.15942947454041
258 -37.61300451374455 -42.84914390999163
408 -48.849674215683024 -49.1584224816455
449 -49.1584224816455 -76.34602824521711
570 -52.047339368978704 -76.2791820886405
1011 -79.35486820942582 -185.2897868516247
1366 -79.41002007397988 -93.65552164590406
1648 -166.41522234903857 -172.6208555355575
1678 -172.6208555355575 -174.84259781961313
1706 -174.84259781961313 -183.9311533222835
1716 -183.9311533222835 -184.9270708717268
1744 -184.9270708717268 -186.2947266107266
1748 -184.9270708717268 -186.2268800823317
1909 -186.2947266107266 -186.66917721356577

11 17.164816188039378 -169.6115744959258
12 17.164816188039378 7.263325450745779
13 17.164816188039378 7.040902861126363
14 17.164816188039378 -19.231357365069083
15 17.164816188039378 4.740430312187637
17 17.164816188039378 -12.900398721628495
23 -19.231357365069083 -44.07264074385789
27 -19.231357365069083 -20.357524830356013
42 -44.07264074385789 -178.28306532455653
390 -48.668329246650266 -49.28422236846284
419 -49.28422236846284 -49.44741626490771
479 -49.44741626490771 -66.83631768858335
559 -77.49058081314034 -109.1246055628345
619 -109.1246055628345 -152.24225864088405
801 -186.12287010238174 -186.56113241972733
911 -186.48818993847206 -186.49740203751708
921 -186.49740203751708 -186.69623900657302
941 -186.56113241972733 -186.59493013970777

11 3.1745936709196427 0.797534442231531
17 3.1745936709196427 -2.9558847595744484
27 0.17391372211476483 -0.664762417678195
46 -2.6356843181661156 -7.024562249790826
57 -2.9558847595744484 -3.7679330463294587
67 -3.7679330463294587 -5.425914288716967
87 -5.425914288716967 -7.400129819613235
136 -9.780042608354792 -15.364508748853313
629 -16.25798790495114 -16.271632864801912
657 -16.271632864801912 -19.187896429993973
842 -24.920345658578153 -25.15970577574267
889 -30.77833692865781 -31.783145819220145
909 -31.783145819220145 -32.26695896161197
929 -32.26695896161197 -36.349274877656484
956 -36.349274877656484 -38.761815271218694
982 -36.84911851437072 -36.86318981282523
1020 -36.86318981282523 -37.25390990940807
1097 -37.25390990940807 -39.26720382435587
1291 -39.26720382435587 -39.43076576400536
1402 -39.56554906220925 -39.57191803707596
1581 -39.57227606184755 -40.09484212256392
1681 -43.12436799394289 -51.17841554955032
1732 -51.17841554955032 -53.277521887925865
1733 -51.17841554955032 -53.17317803165693
1854 -54.314723372025945 -54.325800410955466
1995 -54.325800410955466 -54.35265502780242
2106 -54.35265502780242 -54.37585154208054
2116 -54.37585154208054 -54.40363027708868
2205 -54.403960700278866 -93.4283439121275
2537 -79.4109110330515 -146.9019424542185
2900 -79.41091311019797 -180.36400659454839
3041 -180.36400659454839 -181.90815528817376
3163 -184.04522652278547 -186.13834235907314
3173 -186.13834235907314 -186.1471287296305
3323 -186.1471287296305 -186.48480041314966
3334 -186.48480041314966 -186.69172854991746

11 -22.718059376347632 -23.238736237564034
157 -29.240217154601652 -31.40489961839446
383 -54.33069984244055 -103.56021725153292
384 -54.33069984244055 -82.06855354822868
480 -54.36057128191302 -54.3607961630713
490 -54.3607961630713 -54.362127491072194
500 -54.362127491072194 -54.364101449130345
530 -54.364101449130345 -54.364806958345895
557 -54.37048905338893 -93.15925409669887
650 -162.8533543392347 -172.27981330571862
669 -176.40250258555778 -185.2336759810819
749 -185.2336759810819 -186.37023048010263

17 -21.631722623452358 -31.1026255793247
27 -8.913728887452033 -10.372122820980005
107 -10.450722566582195 -10.812636330357872
166 -12.771836923387356 -18.11607229997915
275 -46.496854799941275 -71.75806409434772
277 -46.496854799941275 -48.375364376791715
287 -49.06064438327288 -51.68117607484644
377 -51.68117607484644 -60.443044890432304
1008 -79.41090792764747 -89.03663917801585
1311 -79.41091320323345 -120.03517368876685
3195 -123.57677083989813 -128.12764673721142
3246 -128.12764673721142 -133.9202987536397
3274 -133.9202987536397 -149.9355877901653
3278 -133.9202987536397 -160.2139390777153
3279 -133.9202987536397 -135.70569209469411
3289 -160.2139390777153 -165.1568734961547
3297 -165.1568734961547 -170.85671070033425
3317 -170.85671070033425 -178.91618205710427
3365 -178.91618205710427 -181.57528412121272
3427 -181.57528412121272 -184.66203250226616
3495 -184.66203250226616 -184.6632872296469
3705 -184.6632872296469 -186.5435835907985

54 -8.92836735541473 -11.419480864273865
632 -37.65288953375154 -49.23208597077912
821 -46.51130174487833 -113.72941168129243
1165 -52.03705607192478 -53.207082572914295
1367 -53.207082572914295 -53.597486951618656
1377 -53.597486951618656 -54.34067039747742
1427 -54.34067039747742 -111.57951469107653
1547 -117.79544521869578 -122.95038981563312
1627 -122.95038981563312 -123.53209763272173
1668 -123.53209763272173 -134.99136351136028
1704 -139.67121129341956 -150.1131213836132
1725 -150.1131213836132 -173.0122301442953
1727 -150.1131213836132 -168.23846362843003
1747 -173.0122301442953 -184.76632949343292
1914 -186.61593199733355 -186.61596896697608
1968 -186.67844577171476 -186.68618755407084
2009 -186.68618755407084 -186.69247133153766

12 -6.3644428709493255 -24.73753729045322
14 -6.3644428709493255 -16.06421051525673
15 -6.3644428709493255 -45.25400936787184
26 -16.06421051525673 -16.11957227115866
47 -16.11957227115866 -28.636346420348794
67 -24.73753729045322 -30.047668927009905
97 -32.847563003906494 -33.9862457343413
107 -35.09027102261898 -39.89661507506331
258 -46.37473072077638 -48.557060505913874
429 -49.30634817269699 -75.77871402203915
750 -79.33500400890284 -79.35461185078408
830 -79.35461185078408 -90.79036212631445
890 -79.41065158366257 -159.39716349422588
981 -182.14343364577866 -186.11971799968586

12 -2.340375909771101 -3.1570139383314864
17 -2.340375909771101 -2.589949456769064
23 -2.589949456769064 -3.7568489892704706
44 -3.7568489892704706 -14.247358806807368
47 -3.7568489892704706 -7.177360164386558
66 -7.177360164386558 -10.017045633685534
77 -10.017045633685534 -10.119914431956198
186 -24.746425727666143 -132.35565146528197
470 -46.40896107601558 -109.19186413578353
651 -184.37964304810842 -184.55690357314577
670 -184.55690357314577 -185.8653899299247

11 -3.0646764352753 -8.071945267449662
12 -3.0646764352753 -11.582545713701208
14 -3.0646764352753 -13.475200974163146
15 -3.0646764352753 -20.256381414566683
16 -3.0646764352753 -10.28018630024874
228 -32.74770308535043 -37.24032602412029
722 -46.41040796967215 -46.51589314313797
1044 -52.21158532199929 -54.31833299543321
1185 -54.31833299543321 -54.35036817998913
1343 -54.35288945815986 -62.6013193301061
1735 -54.404203274940286 -140.45174680457825
1827 -79.07538915785852 -88.20558157531886
1828 -79.07538915785852 -97.8431809907963
1854 -88.20558157531886 -120.67696347019042
1869 -120.67696347019042 -174.43690049011286
1875 -134.12160194343414 -164.08208450735137
1879 -134.12160194343414 -134.73524975548773
1929 -157.18476276124704 -162.37252386672137
1939 -162.37252386672137 -175.82670293633325
1949 -175.82670293633325 -176.64395686691108
1999 -176.64395686691108 -185.34640393808175
2049 -182.72946361519257 -185.355128839793
2139 -182.8888424311292 -183.0619325499429
2177 -183.0619325499429 -184.55383408505722
2348 -184.55383408505722 -185.432674443306
2350 -184.55383408505722 -185.4426658603772
2380 -185.4426658603772 -186.67439221784662

11 37.498152501278064 -4.250434987946632
12 37.498152501278064 -4.802466521709134
13 37.498152501278064 3.388286794890863
14 37.498152501278064 -77.71194443160995
15 37.498152501278064 -27.25566222017284
16 37.498152501278064 -7.901126636570118
17 37.498152501278064 29.508558812193016
242 -10.473747843484633 -32.9083778890113
243 -10.473747843484633 -29.216264113760413
449 -37.64035182362119 -48.38477125099676
519 -38.7239133943199 -49.709662867858874
1134 -78.9913671787384 -79.40723946124332
2050 -79.41091098393828 -133.1707959929439
2396 -79.41091302450153 -106.4494504279405
3581 -79.4109131831331 -163.34612249536187
3666 -184.35909320846187 -186.73090667765274

11 15.29063200515981 14.590005939391068
12 15.29063200515981 -25.380800707233924
14 15.29063200515981 -14.908782772081619
16 15.29063200515981 -20.708514158492438
17 15.29063200515981 -7.685159816744265
23 -14.908782772081619 -32.67296457552161
24 -14.908782772081619 -28.568152983674082
25 -14.908782772081619 -19.525191099794924
26 -14.908782772081619 -30.04585813586734
37 -28.568152983674082 -29.198928468248308
47 -29.198928468248308 -31.362156514320308
57 -31.231044736160584 -34.90504669898272
67 -32.56582154175179 -32.76894943586278
122 -32.76894943586278 -44.92758599499001
241 -37.585832260643784 -50.738345246026846
242 -37.585832260643784 -41.28138888065368
568 -51.90701966074612 -125.37216327908
579 -51.972789507500806 -54.10656785821682
687 -52.00443928522242 -110.22492197598885
767 -54.354786281773585 -78.84997382689671
830 -114.88384997185712 -133.1019350165582
850 -133.1019350165582 -139.05441617697417
890 -184.88742242229125 -185.2567807176153
949 -185.2567807176153 -186.49420083852502
950 -185.2567807176153 -186.25775459875058
1142 -186.58479582491344 -186.6605237760038
1273 -186.6605237760038 -186.69698967885464

11 5.492429110824574 3.4525591060888994
12 5.492429110824574 5.337036458505871
13 5.492429110824574 -66.50738929345339
14 5.492429110824574 -24.19574385593785
15 5.492429110824574 -0.8232665586190621
16 5.492429110824574 3.1792278964059384
17 5.492429110824574 -4.758881728560267
105 -7.626277631912531 -9.152483610782916
163 -11.298385518965588 -12.476571357398008
388 -37.64125971789733 -42.476219335708045
620 -39.45379237307815 -48.44827493486389
771 -51.08743239699403 -51.993527015961895
818 -52.03364960123338 -55.80619262610974
991 -52.29752038711144 -85.44925564854175
1041 -79.41089210549877 -109.14578605693295
1121 -121.7200429938024 -180.28245128485253
1142 -122.98588600042955 -123.57378931310541
2251 -123.57677083810295 -159.61290536698178
2361 -170.14675982934483 -175.2684083464022
2366 -175.2684083464022 -180.33299840227193
2370 -175.2684083464022 -182.65806237601495
2371 -175.2684083464022 -177.74187768926024
2375 -182.65806237601495 -183.3371780037336
2406 -184.17959466449838 -186.59188452276507
2410 -184.17959466449838 -185.24866055926108

11 51.50794364484756 -11.973806596589373
12 51.50794364484756 2.088256927677349
13 51.50794364484756 -3.2785307205662773
14 51.50794364484756 -63.79773192028645
15 51.50794364484756 37.61308077199801
16 51.50794364484756 9.456717836774862
17 51.50794364484756 -10.20921179761595
37 -10.20921179761595 -14.168521383931763
56 -11.973806596589373 -42.09868675724842
84 -14.634800238536647 -15.118221372033062
87 -14.634800238536647 -32.27183929647644
870 -79.39717406093708 -182.25217337481524
912 -123.55927950246114 -171.34282819299833
944 -171.34282819299833 -182.89588495730166
1071 -182.25217337481524 -183.26960683470307
1085 -183.26960683470307 -185.6649482233769
1141 -184.2228869237344 -185.46405818988327
1175 -185.46405818988327 -186.5190462332224
1486 -186.55325909558994 -186.61113044852317
1608 -186.68542792804647 -186.6996345128422

11 15.290564667513992 1.929840848598335
12 15.290564667513992 0.3230985258785953
13 15.290564667513992 -0.0032987296487439048
14 15.290564667513992 -7.66504227212914
15 15.290564667513992 -18.752493219182554
16 15.290564667513992 7.039158450361065
17 15.290564667513992 -2.656510276006586
56 -7.738561233401458 -9.978525878529704
57 -7.738561233401458 -13.5305764429975
165 -15.877352596695658 -74.93642121972172
641 -46.51122734779168 -52.51162294631717
930 -53.628787083600564 -75.45493007571953
1215 -78.35188292041549 -96.65654394488284
1315 -79.37672317442865 -79.38326658251869
1375 -79.38326658251869 -79.38413715456186
1395 -79.38417673314036 -79.38450639459056
1405 -79.38450639459056 -79.38452140009696
1415 -79.38488081142691 -79.3869441941984
1762 -79.41074705751326 -159.58951519223402
2145 -79.4109131850749 -169.02721407281493
2311 -169.02721407281493 -183.59505618746704
3134 -186.65375276322382 -186.6904809926168
3199 -186.6904809926168 -186.69315180499416

11 -1.8575901703905582 -22.943802676130723
12 -1.8575901703905582 -6.466429106219257
77 -7.952194772802164 -8.128926757879139
86 -8.128926757879139 -13.001968776917439
157 -15.05132863453745 -15.356853773862156
208 -15.798730915150449 -39.93370484514673
228 -16.231971416205518 -16.2712581508579
373 -16.271258151050045 -169.5515746821573
589 -23.1366618424147 -38.10962757446529
731 -43.33550456627717 -50.11472869587876
761 -50.11472869587876 -52.991687228440775
781 -52.991687228440775 -54.036236826050185
801 -54.036236826050185 -54.26879592885726
1777 -54.404863770380196 -147.50611583570327
1988 -179.25312302690318 -183.27508669774375
1990 -179.25312302690318 -186.69518750023985
2390 -186.69518750023985 -186.71841240784934

15 -14.866660235073928 -30.686864252674642
137 -34.47157027223098 -183.17006374656611
178 -36.20322389402829 -45.58429838544539
398 -185.51618375220582 -185.53749644945003
487 -185.53749644945003 -185.6533094376549
499 -185.6533094376549 -186.40736032103015
567 -186.16396408561292 -186.31208843208645
569 -186.16396408561292 -186.420289561374
576 -186.420289561374 -186.70063886370272
657 -186.66525050225474 -186.67518571022183
810 -186.6807831667532 -186.71082318269262
829 -186.70416541792216 -186.70466325410763
840 -186.70466325410763 -186.70723234620672
948 -186.71346307743391 -186.71917051565654

13 -5.143022493945029 -5.999452504672895
17 -5.143022493945029 -10.616299480735762
36 -5.999452504672895 -25.616707609943372
37 -5.999452504672895 -9.988894098784273
106 -18.26979571097599 -21.689295491677797
117 -21.689295491677797 -22.130733299588723
147 -24.521959794095423 -31.56240322253271
278 -45.68423829851258 -45.708079375001226
287 -45.708079375001226 -46.16685350728949
288 -45.708079375001226 -46.40056366051142
328 -46.40056366051142 -46.48979689200381
731 -46.49726841990419 -47.30698091732843
810 -47.30698091732843 -61.23333334991004
1778 -49.51841240034714 -78.37583971750819
2916 -49.51858430239124 -75.39261153361605
2944 -75.39261153361605 -143.60392835484524
2946 -75.39261153361605 -91.76118875169486
2954 -79.41090640130085 -118.04084603533028
2964 -118.04084603533028 -154.67297939133798
3006 -143.60392835484524 -143.65400698378394
3049 -143.65400698378394 -144.29235108873385
3084 -154.67297939133798 -175.5933304219154
3106 -160.85727926793098 -170.29452097879175
3107 -160.85727926793098 -179.35740571320758
3119 -175.5933304219154 -184.02962793415566
3138 -179.35740571320758 -184.30614621901532
3147 -181.26763573924896 -182.15007911584152
3158 -182.15007911584152 -183.02436872251815
3436 -183.02436872251815 -185.85686361263012
3481 -184.30614621901532 -186.47471550638858
3843 -186.1280906371937 -186.64199032835137

12 2.019350251195845 -34.926072193002554
13 2.019350251195845 0.2852348577951623
14 2.019350251195845 -4.423078808497634
15 2.019350251195845 -2.3858273810050608
16 2.019350251195845 0.0019142863126822545
17 2.019350251195845 0.4803220683675858
46 -7.595630921538807 -7.7650304250231486
57 -8.027515137486601 -11.790365961093496
107 -13.494066929062427 -26.851521987693534
147 -31.71954134908574 -34.56743376308122
510 -52.415479809502486 -74.06283035919569
609 -52.553168639059066 -87.24289959542324
657 -78.49410917913531 -101.75236476645135
811 -79.41063618927717 -113.97801759864008
1083 -123.54749464905856 -131.161993267135
1264 -172.81941874101068 -178.04801730725615
1294 -178.04801730725615 -179.23509489800696
1343 -179.2350949100374 -180.64209649684165
1344 -179.2350949100374 -186.60087094677579
1747 -185.77275862748553 -186.26853631072007
1838 -185.8404757113112 -186.32051906983403
1999 -186.56627715074788 -186.71993164881164

11 26.24962982292654 -19.13781150473673
13 26.24962982292654 -30.229283538601656
14 26.24962982292654 0.4708156026753618
15 26.24962982292654 2.0922862781021925
16 26.24962982292654 -1.8119553521054133
17 26.24962982292654 5.378211606359133
52 -7.566602582557997 -8.339108171974111
57 -7.566602582557997 -8.234310655182124
65 -8.339108171974111 -8.732725235230577
67 -8.339108171974111 -9.240268434609236
76 -11.568371478602065 -16.25009574415894
87 -21.439856336061446 -33.568453709391896
97 -23.75811201856013 -26.569977571087406
207 -36.28048964586656 -37.206448243515304
628 -37.66569549573842 -41.59169661922987
1485 -39.58874448517025 -44.51808108095107
1688 -50.892727413786425 -51.120451887790765
1748 -51.120451887790765 -51.50719367730738
1754 -51.50719367730738 -51.5976291157909
1758 -51.50719367730738 -51.7475140659827
1762 -51.7475140659827 -51.89214174989764
1818 -51.89214174989764 -52.45772676472718
2371 -52.0504019038004 -62.34302958550925
3198 -52.55339842569013 -64.53642867568894
3324 -52.553400428486 -59.718820712637594
3356 -59.718820712637594 -131.76316690290588
3598 -116.45076034765923 -122.24101809972541
3626 -122.24101809972541 -156.96377197050805
3904 -123.5767637367694 -142.246591812121
3929 -142.246591812121 -157.4413791733733
3944 -156.96377197050805 -158.72774201630656
3989 -161.80887979556024 -173.22963864260484
3992 -161.80887979556024 -182.29790534098717
3994 -161.80887979556024 -184.14863852496703
4155 -182.29790534098717 -182.97923617300566
4300 -184.29371082384696 -186.35712533624965
4547 -185.781245589952 -186.33661581442428
4658 -186.33661581442428 -186.33792565311887
5192 -186.35712533624965 -186.65319890820524
5242 -186.65319890820524 -186.72689112422216

14 -3.323931475631425 -12.738075771472543
46 -6.3158706872548365 -7.168029174502501
47 -6.3158706872548365 -7.761542639664361
57 -7.761542639664361 -7.849774545956312
132 -11.994263694571975 -31.034658929299987
167 -13.697714559533162 -18.80081940916739
358 -33.90216656669591 -37.631864142169015
408 -37.631864142169015 -43.27781480087857
518 -37.672366642356565 -42.90768210467871
628 -37.67996572697539 -37.680161173919835
632 -37.68028763285583 -118.16747177171578
633 -37.68028763285583 -61.1067780358512
714 -54.29677164879928 -67.55180092689349
749 -54.2977937946202 -54.3097070248574
806 -54.3097070248574 -68.69132728253388
1524 -186.48482835424986 -186.70370012849202
1582 -186.5023049371531 -186.71923561744498
1735 -186.70370012849202 -186.71603367362698

11 27.634307446788398 -18.084562459591194
12 27.634307446788398 -21.608575751979977
13 27.634307446788398 9.221000179707493
14 27.634307446788398 -1.9812464501495624
15 27.634307446788398 -43.6698387426454
16 27.634307446788398 -4.036073715045829
17 27.634307446788398 3.9502015995397666
57 -22.78757854380193 -23.35624762639155
67 -33.74728587153331 -34.572802078887854
167 -46.116692483604986 -56.496168779552654
358 -51.85352388241728 -65.1307946761579
952 -52.446403887368184 -52.448449593230755
983 -52.448449593230755 -52.44875970340614
1274 -52.522726688696046 -52.53498357410127
1305 -52.53498357410127 -52.540199789846135
2519 -52.55340044293964 -72.60877163713461
2913 -79.41091321539622 -150.8640518458204
2923 -122.01645666317594 -174.34776937622235
2932 -123.57677085506391 -138.94395356428632
2962 -138.94395356428632 -140.3221621459842
2983 -169.48158798257955 -186.18674595408012
3063 -174.34776937622235 -184.48720709852645
3068 -174.34776937622235 -177.46508651340028
3088 -177.46508651340028 -184.5668031620959
3476 -184.48720709852645 -186.40451637398854
3488 -184.5668031620959 -186.1993477353564
3581 -186.18674595408012 -186.4010820361772
3671 -186.1993477353564 -186.59975532265494
4079 -186.62185653609953 -186.6364293826451

11 9.620600039898253 1.7776475776567053
12 9.620600039898253 -132.970748437244
13 9.620600039898253 4.320720457537773
15 9.620600039898253 -3.4408285922688946
16 9.620600039898253 -0.18622204834854775
67 -7.81722363284889 -8.020523678155861
77 -8.020523678155861 -8.764632745696876
96 -9.540068886437435 -12.032701754060586
551 -52.0502822660603 -112.98140895082163
1031 -79.41058788969377 -161.8665398800407
1125 -182.41950287466213 -185.0932362880413

12 0.9258534369162988 0.24489143435850266
13 0.9258534369162988 -10.359135888456398
14 0.9258534369162988 -33.325672281326376
86 -10.867478206924455 -26.78057657834525
117 -30.57166292918255 -36.60871230061416
127 -33.463060226017944 -34.271366494657016
268 -44.759099946147025 -51.00521001096289
478 -51.93321093023007 -70.68476159757554
677 -52.48881264861515 -55.101362581727145
688 -55.101362581727145 -57.76962632206062
796 -79.0357798363281 -93.73795483848876
1643 -79.38370726950401 -92.1134017401964
3396 -123.57677083618437 -173.56087755912756
3530 -173.56087755912756 -176.99957699977216
3542 -176.99957699977216 -179.12551294624927
3577 -179.12551294624927 -181.46099376554008
3580 -179.12551294624927 -185.52975931329465
3983 -185.52975931329465 -185.62151113642216
4014 -185.62151113642216 -185.6791871394607
4379 -186.11718064140072 -186.41226121251037

11 116.12913153713542 -6.409216711112578
12 116.12913153713542 0.9527999759535261
13 116.12913153713542 -20.577061783395276
14 116.12913153713542 6.433331980192866
15 116.12913153713542 51.88248636096553
16 116.12913153713542 -7.255196456145882
17 116.12913153713542 4.418550862406257
36 -7.401068957622263 -8.055193337544372
147 -30.831831377571103 -31.51326251889078
157 -31.51326251889078 -32.217804377644654
468 -49.48216355161243 -50.11406106576734
538 -51.08137046224701 -51.45754896507011
607 -51.45754896507011 -97.24995392885415
1381 -79.4109117845493 -172.41613229127333
1627 -186.12282313649473 -186.29390923973142
2171 -186.34685373754286 -186.72946925111552

12 0.1582848224433098 -0.19787769801103006
16 0.1582848224433098 -101.6827939525215
17 0.1582848224433098 -1.928118725367387
26 -1.928118725367387 -4.192766608220251
47 -4.729656954434274 -5.665629467070448
148 -37.66759533733794 -37.87411363663249
349 -38.10652599490103 -83.02035632960292
358 -38.28481994860252 -49.1511087530364
494 -51.99103972213356 -156.96960792463597
811 -184.7481252129402 -185.98950714992935
953 -186.66540276534633 -186.70220016768448
1104 -186.70489803336199 -186.70680183596428
1134 -186.70680183596428 -186.7082812471278
1174 -186.7111020793443 -186.71732078408365
1254 -186.71782133730267 -186.720808752573

11 20.20966211998799 1.206320816700228
12 20.20966211998799 -36.86854920090705
13 20.20966211998799 -10.495246139932709
14 20.20966211998799 -6.817983024951773
15 20.20966211998799 -6.890952871187073
16 20.20966211998799 -3.270010241449615
17 20.20966211998799 -31.260833369889667
67 -26.055786489209506 -32.131494251873235
247 -37.1519853955975 -37.93389697548201
500 -37.63920938498729 -37.66877745510953
600 -37.66877745510953 -37.66883965916379
750 -37.67493141186856 -48.33060575072135
976 -46.51126564761396 -92.57238043373304
1022 -46.51127283365424 -75.8533163988943
1173 -49.45618024669466 -126.24697223288568
1284 -77.03028599231315 -79.0268970316607
1382 -79.0268970316607 -79.24207873776469
1393 -79.24207873776469 -79.3138548974918
1957 -79.3960456754336 -96.60493440761003
2207 -79.41091312072476 -131.6250382931361
2240 -131.6250382931361 -151.26459603933887
2463 -182.3293648887659 -185.8851853778254
2563 -186.4622468886832 -186.50251349633658
3476 -186.7081862428804 -186.72996763795072
3571 -186.72996763795072 -186.73022948461787

13 -2.8140610508958805 -26.375705359966418
14 -2.8140610508958805 -4.597477282760938
17 -2.8140610508958805 -6.922748070690049
25 -4.597477282760938 -6.41754164296367
34 -6.41754164296367 -14.2481938508819
107 -28.587925893555603 -36.96052696884153
117 -30.970850727501436 -31.560312340242817
167 -33.27992541527458 -35.05432064637006
227 -38.08579120567225 -44.73581462202934
469 -49.44755250280343 -49.77212326514727
670 -51.687490130648065 -71.36640790356188
881 -54.36159450123922 -65.12086464682922
1050 -79.41015909492175 -89.60009325744815
1092 -104.47456180521152 -117.77707936661182
1112 -117.77707936661182 -118.4270744555387
1132 -118.4270744555387 -121.68712250899317
1222 -121.68712250899317 -123.18188194714828
1242 -123.12870971373867 -123.4156035044446
1270 -123.18188194714828 -172.0563860645014
1310 -123.4156035044446 -123.4286691623199
1463 -123.4286691623199 -123.57213972310382
1713 -123.57569535226462 -153.32113606719867
2883 -123.57677084293829 -184.4356637229653
2985 -184.4356637229653 -185.2016336368938
3023 -185.2016336368938 -185.38690798568194
3061 -185.38690798568194 -186.38974750386606
3081 -186.38974750386606 -186.55417525751562
4975 -123.57677070633099 -162.93376594260545
5050 -162.93376594260545 -173.44185642874817
5100 -173.44185642874817 -174.14541877474076
5106 -174.14541877474076 -179.87934161659234
5159 -179.87934161659234 -180.02712556620878
5226 -184.36671199887184 -185.6412454078542
5775 -185.6412454078542 -186.58515647797896

11 8.886984734343422 -13.204245224453048
12 8.886984734343422 2.189787777118579
14 8.886984734343422 7.9686480279325185
15 8.886984734343422 -9.662033020249858
16 8.886984734343422 -5.887518248064009
17 8.886984734343422 -183.70757749493913
34 -9.683287502373313 -15.106972317990655
56 -14.61812589124557 -170.41276838461758
282 -52.34540552347437 -59.52931107173795
287 -52.34540552347437 -56.190365736923376
329 -89.53675424129706 -102.25874429710566
339 -102.25874429710566 -111.76981754219926
348 -111.76981754219926 -154.57100043912698
349 -111.76981754219926 -118.12895111200646

13 1.3706841319397893 -19.340861277266082
14 1.3706841319397893 -43.97260030863188
15 1.3706841319397893 -38.58174948925376
17 1.3706841319397893 -8.839397927792858
582 -79.399544376134 -148.62979630454672
1056 -123.39559243528207 -123.41111077816619
1584 -123.57676745316664 -158.5725420021619
1585 -123.57676745316664 -127.23090141491184
1862 -184.20356563115524 -186.1616239298923
1893 -186.1616239298923 -186.1928206987397
2164 -186.51303614500827 -186.63429400483423
2296 -186.63429400483423 -186.6402720489954

12 19.651213454937235 2.6401843659294393
13 19.651213454937235 4.759936235956051
14 19.651213454937235 16.448248410026174
15 19.651213454937235 4.437454823356649
16 19.651213454937235 -5.053484362215941
17 19.651213454937235 -1.831937142592401
43 -1.5844661525359585 -2.393313073567851
54 -2.393313073567851 -5.7675628395805925
66 -5.7675628395805925 -33.568931615684
97 -19.13415374085305 -19.78479111236871
107 -20.57720223981465 -25.672115539638476
227 -37.35067860618584 -39.52762289661926
851 -79.41091106685244 -109.74018034740205
2867 -123.57677083972906 -130.84788954705647
2899 -130.84788954705647 -161.05720293079966
2917 -161.05720293079966 -172.76472783249488
2938 -172.76472783249488 -184.93348846952756
3059 -184.93348846952756 -186.5989636433026

13 3.3783149867964366 -33.98592320344805
15 3.3783149867964366 -2.4606765296799513
16 3.3783149867964366 -0.4573642896139903
23 -2.4606765296799513 -4.137097811436095
37 -4.627536505292576 -18.084274895702297
151 -37.41109785783905 -45.46921201362343
152 -37.41109785783905 -47.271690309436075
238 -48.352421629160055 -60.03220444214711
409 -52.0398129580489 -53.9818014149138
720 -54.00332041464814 -54.229901219479224
892 -54.229901219479224 -54.36515104007901
1043 -54.3657591007247 -54.37320473934925
1162 -54.37320473934925 -54.398888040774445
1279 -54.398888040774445 -58.7558214986023
1365 -75.42108392570623 -149.4351087432027
1389 -79.41090731965461 -88.54486129198253
1395 -79.41090731965461 -94.7911476719688
1403 -88.54486129198253 -90.5152711834531
1415 -90.5152711834531 -179.50630962257495
1515 -174.9513604964635 -186.09922825094367
1534 -184.14418828624935 -184.23564337829322
1594 -184.23564337829322 -185.2491258317354
1795 -185.7804109677562 -186.2841523351295
1866 -186.05237240617893 -186.19729525664604
1974 -186.2841523351295 -186.60199353169705
1975 -186.2841523351295 -186.5509381283543
2035 -186.5509381283543 -186.65967411333364
2055 -186.60199353169705 -186.62159718839152
2207 -186.6314251117632 -186.63956513864252
2257 -186.63956513864252 -186.64067954729518
2277 -186.64067954729518 -186.64168072943295
2378 -186.65485013255628 -186.67320364437552
2398 -186.65888619245857 -186.6627906618822
2418 -186.6627906618822 -186.66697900351895
2428 -186.66697900351895 -186.67110908281057
2438 -186.67110908281057 -186.67308655920516
2518 -186.6974042569723 -186.69779021511803
2528 -186.69779021511803 -186.69807147726098
2538 -186.69807147726098 -186.70200269904836

13 -4.714848981313942 -22.700761681492587
15 -4.714848981313942 -5.42329512827524
27 -5.42329512827524 -6.676724869202734
76 -8.12556026671539 -16.36541353719845
77 -8.12556026671539 -9.92743899370065
177 -16.605265997168125 -21.399055044802772
540 -24.913196092947018 -29.38897743703099
720 -30.75308225692473 -31.68183724180526
907 -37.61083039632852 -74.85157239877283
1788 -52.55327797293171 -99.47443856429534
1965 -79.36574373013055 -136.48404116669073
1980 -79.41091291226913 -79.41091296996265
2100 -79.41091321668685 -115.47301321824418
2146 -115.47301321824418 -137.34859691265322
2181 -121.21867307389424 -181.7397674298302
2332 -178.79610300681767 -184.81835618588056
2360 -181.8266295181142 -183.05387326969029
2460 -183.05387326969029 -183.97915010416608
2481 -183.97915010416608 -185.68870395762139
2610 -184.81835618588056 -185.3696759036021
2653 -185.68870395762139 -186.3911692990528

13 -2.32327958407661 -48.37838143928869
16 -2.32327958407661 -4.348000284402188
17 -2.32327958407661 -10.317632780669586
47 -28.003866676470174 -28.865753793394816
540 -49.46941786529307 -49.50687520011421
580 -49.50687520011421 -95.12352105381443
698 -52.04292393327659 -55.10512793080265
769 -79.51273187339181 -107.42723818028048
771 -79.51273187339181 -138.13408422203435
781 -122.13407809894989 -122.66699712422711
782 -122.13407809894989 -150.48647213921518
790 -138.13408422203435 -179.101534520477
832 -150.48647213921518 -150.52720083678759
852 -150.52720083678759 -156.32632039254696
862 -156.32632039254696 -175.35901789319806
872 -175.35901789319806 -185.93466773765388
902 -179.101534520477 -181.16832490800903
920 -180.99901262304613 -186.15850716556392
981 -186.15850716556392 -186.26404196887992
1092 -184.67544310169575 -185.96617973741147
1102 -185.96617973741147 -186.19892190595831
1122 -186.52700043780183 -186.70722494729964
1270 -186.63859661075597 -186.67440634565062
1283 -186.65724939413397 -186.66117646263004

14 -20.000890895400456 -40.00603112498937
17 -20.000890895400456 -43.13581411803151
148 -45.260426620924626 -46.48679668316395
198 -45.47467186854031 -46.00992396224958
218 -46.00992396224958 -46.36181137602091
248 -46.36181137602091 -46.47202246871061
338 -46.435371436280306 -46.50599751802362
497 -46.47743035781112 -49.85323406228451
880 -46.511198037761595 -49.53810031312278
889 -46.5113051557377 -47.58458835615991
920 -47.58458835615991 -50.45210853763091
969 -49.53810031312278 -50.34572958038701
982 -50.34572958038701 -50.86545447023796
1009 -50.45210853763091 -50.9394770143219
1070 -50.88863910138938 -51.10561888733957
1112 -50.9394770143219 -51.21732116726935
1179 -51.21732116726935 -51.36187822581752
1191 -51.36187822581752 -51.78637047830663
1322 -51.78637047830663 -51.983468972446445
1333 -51.983468972446445 -52.03967061713899
1380 -52.0352625316387 -87.34418825390507
2200 -52.05039820436324 -176.1005051472617
2446 -79.4109121699294 -183.219161445578
2492 -123.57668694862343 -178.10371630484886
2522 -178.10371630484886 -182.76087645657927
2572 -182.76087645657927 -186.52803399193357
2611 -183.219161445578 -186.41761304056845
2742 -186.41761304056845 -186.49922737506594
2779 -186.49922737506594 -186.53658971715384
3196 -186.53783872284438 -186.72541485036663
3347 -186.64118827667767 -186.65597464955482
3488 -186.67761789910753 -186.6859501137665
3699 -186.72767612230902 -186.7303988066295

11 4.575538336280541 -1.5238501525802388
12 4.575538336280541 -15.183204492105299
13 4.575538336280541 -42.58780873032506
14 4.575538336280541 -13.16381514993934
15 4.575538336280541 -5.76046529334406
37 -18.79299254214489 -21.30742786273226
47 -23.325344550134847 -33.42888554579719
157 -37.18179501431823 -46.625589559317405
348 -45.21968943306634 -45.674253015571715
548 -46.44386526623678 -53.76560564301227
700 -49.518262761396265 -51.423840902537776
814 -54.28872374871632 -64.48777473291706
2228 -54.4048653360178 -89.46514937060327
2313 -54.404865405000784 -54.40486542604927
2423 -54.40486542604946 -54.40486542789254
3789 -54.4048654278972 -135.04963609277794
4656 -54.40486543857368 -63.72235141463072
4677 -63.72235141463072 -87.98189418705704
4692 -87.98189418705704 -97.83775981376299
4781 -109.67131452119173 -112.37864355345368
4791 -112.37864355345368 -119.3993453377396
4802 -119.3993453377396 -122.54290528119617
5557 -123.57676258360415 -130.40788255547795
5623 -130.40788255547795 -141.87326068670205
5627 -130.40788255547795 -130.92020681002217
5655 -175.50801342332034 -180.67846983711857
5667 -180.67846983711857 -181.60161363318954
5768 -181.60161363318954 -186.07100513049227
5798 -186.07100513049227 -186.189264906029
6292 -186.369032748329 -186.43998017643563

13 -1.0857290197880962 -7.226794251059323
14 -1.0857290197880962 -10.654627983023921
15 -1.0857290197880962 -3.4604261190151546
16 -1.0857290197880962 -40.562133076410234
35 -10.654627983023921 -11.121089768798079
47 -11.263516465522947 -13.34366088196703
56 -13.34366088196703 -32.60970745729439
57 -13.34366088196703 -17.100741549330717
117 -22.947668528772063 -38.70552205697818
559 -79.3027494208974 -86.42282364326908
625 -79.39332212475935 -91.32475595444193
638 -91.32475595444193 -139.16684879949057
650 -116.88494383399676 -131.40006738860814
861 -123.57674815561455 -135.74406845992644
1163 -186.54761740179114 -186.67909530936163
1314 -186.6801109524624 -186.7069751070173

13 -0.3386175384459523 -3.651984116704234
16 -0.3386175384459523 -6.76355236934542
57 -7.543389519458243 -7.692075169143812
83 -7.985826547623887 -9.956216175683512
86 -7.985826547623887 -10.713197838286142
97 -10.713197838286142 -21.466574073386944
480 -45.788985631927375 -58.835527278837304
671 -49.49437806670079 -52.45222931255559
720 -77.66013088876518 -116.87869065588595
725 -78.56167312457981 -163.43156236902888
902 -79.38317048068993 -79.40386915514864
962 -79.40386915514864 -79.40420356878177
1271 -79.41090130437577 -81.5877847158277
1319 -105.77077281174745 -139.49670376088972
1344 -142.28360519092917 -168.6250674214991
1354 -168.6250674214991 -173.47637408544045
1364 -173.47637408544045 -174.49118406073617
1402 -174.49118406073617 -185.7402928583283

12 9.845152973282474 -4.779330977775703
13 9.845152973282474 1.4208903265383632
15 9.845152973282474 -9.513379328139433
16 9.845152973282474 -16.03642268707575
17 9.845152973282474 -25.694978262731038
57 -16.06003892590402 -24.42961262000682
177 -30.710102077855556 -33.05213399807555
218 -37.074631132644775 -39.609502780640774
618 -44.44002870110483 -46.67378806155841
810 -46.5104580079279 -60.863320481306985
937 -51.944272569654956 -179.90713678678452
1032 -123.52494129996246 -127.77257641768564
1063 -127.77257641768564 -134.55945872327868
1073 -134.55945872327868 -136.56777389890232
1083 -136.56777389890232 -186.460968477381
1103 -185.3416480638541 -185.77758483071113
1224 -185.51468552795697 -185.59637508096267
1251 -185.59637508096267 -186.51538813371462
1354 -186.4606178343676 -186.53317967641334
1394 -186.47874886873805 -186.48227893133065
1404 -186.48227893133065 -186.4855233549891
1484 -186.49669851736212 -186.5506227395572
1534 -186.53317967641334 -186.53830334131274
1643 -186.56648366519482 -186.624303403161
1654 -186.58347844910256 -186.58860133901692
1672 -186.58860133901692 -186.6537325609513
1673 -186.58860133901692 -186.7096780503756
1704 -186.624303403161 -186.63120346444708
1751 -186.6537325609513 -186.6895405435031
1754 -186.6537325609513 -186.65950047077908
1780 -186.67653372223913 -186.71386455889774
1784 -186.67653372223913 -186.68039575304982
1793 -186.689540544362 -186.68983718823156
1803 -186.68983718823156 -186.69273734202307
1804 -186.68983718823156 -186.68985899500598

13 -2.3721700397567917 -11.292689158257927
14 -2.3721700397567917 -12.808735830241092
258 -30.71788290920548 -33.14306535388594
440 -37.28512604743336 -37.358776216570696
670 -45.58608790548868 -46.41172201496631
681 -46.41172201496631 -49.86243833396559
699 -49.86243833396559 -107.98902647593465
1377 -52.55337531329788 -117.41921406273563
1717 -79.41091319448192 -84.22288284772152
1725 -84.22288284772152 -114.66277710230953
1759 -114.66277710230953 -141.21476942559903
1810 -141.21476942559903 -173.9730435672513
1868 -183.57932635959048 -186.19700400512514
1980 -183.64359639966477 -184.78235891530016
2160 -184.78235891530016 -186.52590033103544

11 5.5604992160152635 3.435524234308043
13 5.5604992160152635 -12.159432690408046
14 5.5604992160152635 -12.45530484361258
16 5.5604992160152635 4.2085043121064905
17 5.5604992160152635 -0.17870507219122486
117 -15.698506531758605 -16.182208912473534
147 -16.182208912473534 -24.077950351000194
298 -30.714506408673852 -31.946215613693933
499 -32.744110669141165 -48.43910788360137
567 -39.06819965823165 -54.63410256976344
709 -51.944484992841254 -52.019454619386046
710 -51.944484992841254 -52.4336189065243
800 -52.4336189065243 -52.444510437142625
810 -52.444510437142625 -52.495336534275665
1017 -52.54171480974223 -117.00016516805161
1080 -54.40486541506148 -67.15643568007981
1086 -67.15643568007981 -123.09109578519111
1101 -120.40661695059973 -135.8672139659948
1209 -123.57622664613802 -141.19186302419703
1522 -185.49705071232074 -185.93246853351084
1612 -185.84717829075487 -186.01713221103586
1653 -185.93246853351084 -185.94591053527478
1752 -185.95007355197598 -186.4571686103899
1810 -186.01713221103586 -186.612208805675
1850 -186.4883351329404 -186.5078669424081
1873 -186.5078669424081 -186.52256725390504
1940 -186.55027949681522 -186.72676575268108
2059 -186.62157989724452 -186.6548733364582
2122 -186.6548733364582 -186.69151903365645
2160 -186.69151903365645 -186.7190211537472
2193 -186.7190211537472 -186.72836967456385

11 10.513991040695517 -1.8159788563494965
12 10.513991040695517 8.188308357083677
13 10.513991040695517 -6.039426835768196
14 10.513991040695517 -11.098807872821606
16 10.513991040695517 -7.6412809247637945
17 10.513991040695517 8.940050803127402
117 -8.415266658063098 -10.159090426955302
217 -10.34872528648303 -10.398180255005697
227 -10.398180255005697 -10.463345887067193
342 -10.489183122912962 -42.44127967508203
525 -16.14683142447462 -17.11563362640264
619 -24.893821824991946 -29.75012954408733
729 -35.17014984816308 -36.124396897502834
760 -36.74464129021739 -52.62591635931644
1078 -39.58366664252505 -61.947298793171676
1351 -54.40484550712928 -73.50551720639712
2342 -79.41091320936812 -105.41720641466458
5211 -123.57677081205381 -140.12316798072519
5271 -140.12316798072519 -177.40769245664342
5272 -140.12316798072519 -157.98090819788288
5277 -140.12316798072519 -168.31583113080643
5432 -177.40769245664342 -178.54274248017447
5563 -178.54274248017447 -181.1315959422558
5585 -181.1315959422558 -182.81065841914597
5677 -182.81065841914597 -183.59762730326537

11 0.5177307808304522 -4.127710732539108
13 0.5177307808304522 -20.29478559807725
14 0.5177307808304522 -5.1929430221378325
16 0.5177307808304522 -5.457617603536117
17 0.5177307808304522 -0.1620127009310796
26 -5.1929430221378325 -7.205420573570019
27 -5.1929430221378325 -5.6175055035992
117 -8.155153179256242 -8.673456726277815
127 -9.089656590743589 -23.558890628269168
147 -11.773716010192139 -16.911207487329456
277 -30.411987150638563 -37.64047609198018
358 -52.36963127145283 -58.19565116580019
504 -75.82952824128795 -76.08629156653535
618 -78.79216448081368 -78.89064124495499
619 -78.79216448081368 -79.14214040340481
688 -79.14214040340481 -91.24153812795758
748 -79.29210609733573 -79.3756850654755
868 -79.39450663577053 -155.62982485380732
920 -79.40358339873454 -79.41079855989567
1369 -79.4109119854099 -104.36131705291923
1484 -181.4248559966149 -181.58186460990277
1494 -181.58186460990277 -183.25571632438024
1530 -183.25571632438024 -183.31989919619718
1542 -183.31989919619718 -185.61537534027408
1552 -185.61537534027408 -185.95222677299728
1561 -185.95222677299728 -186.17239789529947
1564 -185.95222677299728 -186.42538971202842
1663 -186.42538971202842 -186.46403226433893
1794 -186.5382746017142 -186.7294599240411

13 1.7298235530421404 -2.2621817674000484
16 1.7298235530421404 -0.4233929795479553
17 1.7298235530421404 -8.060978679321723
24 -0.4233929795479553 -2.507390179047109
35 -2.507390179047109 -9.279857067070074
37 -2.507390179047109 -3.668944743595541
289 -33.02066805231027 -34.587428318758406
329 -34.587428318758406 -40.02020590041214
339 -38.1729860733096 -43.27791309668965
418 -38.244692837865635 -38.26662722476259
539 -38.27009778027182 -38.28906479715645
548 -38.28906479715645 -49.68351206732222
889 -46.503215097888564 -46.77267986074975
898 -46.77267986074975 -47.923702597812
942 -53.96521795193337 -86.30657896455479
1062 -53.996125665732826 -111.4644538365466
1224 -115.02218215733548 -118.51280134909913
1265 -118.51280134909913 -122.64880499770523
1284 -122.64880499770523 -123.965985661839
1404 -123.52638317676463 -181.6745015888667
1405 -123.52638317676463 -123.5508995104536
1547 -185.03805128925768 -185.2047293448036
1567 -185.2047293448036 -185.7191583703546
1707 -186.5509255589087 -186.5957330362053
1829 -186.5957330362053 -186.72661459279027
1849 -186.66928792156702 -186.70145449309956
1948 -186.70145449309956 -186.72426761049007

11 5.356791049944471 0.49788127094886725
13 5.356791049944471 3.581840492969878
14 5.356791049944471 -1.8102109262025814
15 5.356791049944471 -13.54141452460756
16 5.356791049944471 3.5348672236843
17 5.356791049944471 -9.432677810823987
27 -9.432677810823987 -29.84699650350955
137 -16.239266784232615 -22.454805380475612
433 -37.52495416178005 -43.02881819643952
629 -39.53490254687235 -59.360165605471494
1002 -52.05039520994791 -54.21945101675563
1235 -54.21945101675563 -54.36831190373336
1521 -54.36831190373336 -101.48682999488965
1607 -122.73293982616033 -133.96619116157441
1813 -123.57675150355625 -144.1358600326692
1857 -144.1358600326692 -144.37486372551012
1876 -168.97891932412412 -180.96948044769056
1987 -180.96948044769056 -185.58522661233866
2077 -185.52772246557663 -186.18666205947875
2168 -185.58522661233866 -185.77107800430196
2208 -185.77107800430196 -186.60810915427692
2317 -186.59365029754602 -186.70537448089257

11 15.846500600870094 4.939433378974085
12 15.846500600870094 6.814461522148592
13 15.846500600870094 -30.50149918785792
14 15.846500600870094 -0.22142803418524665
15 15.846500600870094 -8.977409371504956
16 15.846500600870094 0.912921443520673
17 15.846500600870094 -4.244327825309152
24 -4.244327825309152 -8.72951266937709
125 -11.866740540331886 -11.950426774676487
328 -20.78902380182121 -21.696591545850733
338 -21.696591545850733 -25.051150923448404
348 -25.051150923448404 -34.90059729220966
558 -37.68101200476314 -40.682066047825245
1152 -46.45630810082812 -46.46752102275776
1164 -46.46752102275776 -46.468378801898695
1218 -46.469974720463526 -47.248142872198244
1597 -46.51131426833367 -48.91828071984995
1674 -51.93326651505764 -82.61716400658364
2056 -79.36420280103384 -93.30532470893488
2077 -93.30532470893488 -151.370783035125
2140 -119.78838583586318 -125.84940937391069
2198 -128.48579908524823 -151.46395086681662
2210 -151.46395086681662 -165.78610897623355
2220 -165.78610897623355 -177.52050351304862
2266 -175.9211874600552 -175.98247202031973
2279 -175.98247202031973 -177.95480240728023
2280 -175.98247202031973 -185.08257995356138
2336 -177.95480240728023 -184.34116669939291
2350 -184.34116669939291 -185.47542512514988
2448 -185.47542512514988 -186.1334743812355
2661 -186.1334743812355 -186.39999692695991
2840 -186.40112958684756 -186.7155533491702

14 -2.8898199696028777 -11.20017723444304
15 -2.8898199696028777 -10.793016673078332
47 -11.20017723444304 -24.608347187579987
248 -24.87440502369707 -29.910012634714
424 -37.24284297382537 -180.36481059985036
457 -37.64458808481456 -48.43000771672383
841 -79.15548881402991 -140.2355991718439
1114 -183.78722115426498 -184.51897302565268
1124 -184.51897302565268 -186.01924873751994
1265 -186.46024882865945 -186.54285206063562

11 8.885505662180748 -33.025141829215116
12 8.885505662180748 -1.4335548161739222
13 8.885505662180748 -11.397059956953376
14 8.885505662180748 -8.722987612593998
16 8.885505662180748 -23.40118801204215
17 8.885505662180748 -8.303444282820893
289 -46.182127280302524 -49.38467149077357
439 -46.49819211779332 -46.501336716255395
480 -46.501336716255395 -46.50343084300744
519 -46.50448771140983 -47.316735273809364
1674 -52.05038790464901 -109.75234907996509
1774 -52.55339613737199 -86.04758432718842
2133 -54.404865436152136 -67.60839722562991
2171 -80.24594250890259 -121.24256240880024
2193 -121.24256240880024 -135.6605162307095
3857 -123.5766133830415 -170.47482866104198
4136 -123.57677083253851 -174.8486602751044
4209 -173.85443819485045 -175.06494404094732
4249 -173.85443819485045 -175.93131863335182
4313 -175.06494404094732 -179.23689868049826
4359 -175.93131863335182 -177.72437255024397
4374 -177.72437255024397 -185.0144493888662
4396 -179.23689868049826 -181.08244449124854
4439 -181.08244449124854 -181.98796067157463
4449 -181.98796067157463 -183.0516740446281
4469 -183.0516740446281 -183.88360026673428
4499 -185.0144493888662 -185.44824599468365
4507 -185.1966607232788 -186.451751523915
4509 -185.1966607232788 -185.30106517358604
4589 -185.44824599468365 -186.56324960503702

11 -2.4641649991308126 -34.80088543819953
13 -2.4641649991308126 -36.200464535753206
17 -2.4641649991308126 -33.444842452392024
368 -37.28742059831299 -43.72065630463444
469 -37.596963870008956 -44.130426289549156
520 -44.130426289549156 -46.324769449284716
710 -46.324769449284716 -140.29177726750865
1037 -52.55340018421973 -84.39308678024788
1426 -121.46423615836727 -123.03714436301821
1567 -123.25356395760949 -123.44984324014041
1603 -123.44984324014041 -134.95322640897948
1675 -134.95322640897948 -169.27231662964508
1705 -169.27231662964508 -180.72980244026215
1727 -180.72980244026215 -181.562263696765
1832 -185.129083938945 -186.59156231348686

13 0.4022727702393835 -11.341443525951592
14 0.4022727702393835 -27.726170998056887
15 0.4022727702393835 -19.404292825552048
17 0.4022727702393835 -93.44166839200027
67 -23.41236338278339 -25.337863102802174
292 -30.69553644338492 -132.68477104859164
293 -30.69553644338492 -149.83221666487046

11 2.1530253972289244 -2.1398875031794673
12 2.1530253972289244 -15.060473275703435
13 2.1530253972289244 2.118705561210999
16 2.1530253972289244 -2.588202155838934
17 2.1530253972289244 -6.501569535867888
27 -6.501569535867888 -11.64015332485556
197 -36.62230879235131 -38.58526593445898
208 -36.78727625767991 -36.97874499410391
278 -37.47875735986514 -42.31955109268163
348 -45.3116051702511 -45.329317634914005
368 -45.329317634914005 -45.63742758957743
468 -46.18435980122298 -46.18936252273468
497 -46.419985726754845 -67.38166234879358
509 -46.442100811133905 -46.45756292664405
639 -46.4586320336302 -46.49508798547946
679 -46.49508798547946 -46.506456224429904
911 -46.50662657897706 -46.83367895813256
989 -46.83367895813256 -56.130755974524845
1434 -49.518583500909294 -73.91386365266246
1473 -73.91386365266246 -103.98487298711993
2186 -79.41091301728973 -101.90537800925522
2221 -101.90537800925522 -128.7866109152956
2238 -123.57676957826781 -165.64694434000626
2331 -165.53811825987805 -185.91137740901803
2341 -173.75605450767085 -179.59013401653127
2347 -179.59013401653127 -184.95723600708394
2572 -184.95723600708394 -185.6119215780542
2640 -185.6119215780542 -186.58555376154956
2662 -185.85460622816495 -185.96933373898386
2702 -186.5111814367218 -186.57318084749912
2762 -186.57318084749912 -186.61879082507554
3044 -186.64361015800037 -186.6700563513064
3071 -186.65214650491419 -186.6694053498726
3112 -186.6694053498726 -186.69824549764627
3123 -186.6700563513064 -186.67457389031688

11 -10.294564827433353 -61.78751365618763
73 -7.872700339887354 -10.832971009177891
135 -10.879489390979346 -15.391439925920686
237 -16.529664289845904 -18.935151028875744
238 -16.529664289845904 -21.417392025138618
500 -51.9587430738791 -52.37689918196726
670 -52.37689918196726 -52.46465423395912
671 -52.37689918196726 -68.81821071801689
731 -52.52920204526446 -102.12166484758035
831 -79.41025055667606 -95.60928665928598
881 -122.19292423765839 -123.55970125312464
1022 -123.55970125312464 -153.7255795993362
1163 -184.98092292400008 -185.7983068376071
1293 -185.85046739951048 -186.6277526624369

12 -8.513691078237176 -19.66063946750884
17 -8.513691078237176 -13.22852543922628
77 -19.66063946750884 -22.133588093694616
167 -35.63196499324837 -37.17567779289421
388 -39.511811386680584 -71.68095818795464
598 -46.48377747837973 -46.5021993662694
719 -46.49305713579217 -64.58465745027104
1070 -46.51127854678484 -47.929122889641484
1152 -47.929122889641484 -51.61411031896123
1182 -51.61411031896123 -71.96792389892754
1212 -71.96792389892754 -77.37545406939468
1270 -77.77372780262738 -137.89168758097352
1322 -123.53403197443117 -174.49068453497804
1393 -174.49068453497804 -180.90502573787435
1512 -182.61250057212055 -182.9705574760658
1524 -182.9705574760658 -185.69131675443762
1582 -185.69131675443762 -185.96010316340335
1663 -185.96010316340335 -186.36400433497295
1682 -186.11510178251208 -186.38972244977975
1815 -186.38213809525936 -186.72650005661094
2047 -186.6812545564937 -186.68901308725802
2097 -186.68901308725802 -186.69111848391887
2107 -186.69111848391887 -186.69138232301134
2238 -186.70002091668837 -186.70352836324517
2268 -186.70352836324517 -186.70595360716123

11 1.4694986765675466 -37.804450243131704
13 1.4694986765675466 -22.184239396986207
15 1.4694986765675466 -15.742044994594396
16 1.4694986765675466 -9.168422919658259
17 1.4694986765675466 -22.73098551408451
27 -22.184239396986207 -25.611981872392086
37 -22.73098551408451 -23.931055543260936
158 -30.772505141461224 -33.86275307129724
268 -37.003052546802095 -37.06279509811925
278 -37.06279509811925 -37.32415080437387
468 -37.467619029314065 -42.45273499934749
634 -37.63144965088372 -63.29465285107696
799 -46.50434584339752 -68.56952106234054
801 -46.50434584339752 -51.95763041147032
971 -52.00451834123994 -95.13932671231782
1022 -78.30471346567548 -100.23558507736728
1132 -115.34607256259402 -121.26837138082426
1161 -121.26837138082426 -125.57421987135025
1332 -123.00775788649631 -123.50608054356775
1373 -123.50608054356775 -123.55867960510521
2739 -123.576770824396 -151.9307831357966
2784 -151.9307831357966 -155.05034384759577
2793 -155.05034384759577 -161.1050387552757
2795 -155.05034384759577 -171.57005636089806
2805 -171.57005636089806 -173.49411933228353
2829 -173.49411933228353 -178.33344722070066
2830 -173.49411933228353 -174.46965607090485
2870 -178.33344722070066 -182.80842177060947
2871 -178.33344722070066 -184.90304033204615
2942 -184.90304033204615 -185.66173957582802
3030 -185.66173957582802 -186.72006802983117

16 -37.134762467245835 -78.26600960962575
47 -4.079179620050162 -4.795528272317641
96 -8.128801864614852 -11.430971522999767
97 -8.128801864614852 -9.719652099097384
106 -11.430971522999767 -11.718462187615701
127 -11.718462187615701 -18.64225332441798
177 -27.236449096427076 -32.84937316709463
187 -32.84937316709463 -34.16590340685683
246 -37.24604801317897 -48.80796409798749
519 -55.602606705738125 -59.89306567118366
667 -79.04351050155086 -80.54267483305199
786 -79.401303075337 -85.65605151561566
861 -90.77838653118779 -118.37883008931904
880 -114.95318341062467 -145.4362333964034
1313 -123.57677072481145 -149.4063065800926
1402 -178.79749074339537 -182.6023720669622
1422 -182.6023720669622 -184.19631738540775
1482 -184.19631738540775 -184.60866233137412
1503 -184.60866233137412 -186.5305392825017

