pass_rich_rastrigin30_step1_poor1rich9
eval_cnt worst_rich_fitness new_rich_fitness
11 538.2420539305323 443.9046832445513
131 586.1285767551145 570.2390735542301
132 586.1285767551145 565.0219596052947
142 565.0219596052947 555.9034019323008
152 555.9034019323008 550.1527856238691
162 550.1527856238691 533.3094233279627
172 533.3094233279627 531.3080930717277
182 528.0743912586211 515.6188616530387
353 479.52260446546643 477.5493055555197
363 477.5493055555197 470.41686781878116
373 470.41686781878116 457.08236429813365
1321 418.9336616131877 375.89155985913305
2753 392.5949308154178 387.52168106858693
5083 335.6685282364653 316.5328813800158
8816 281.20041983929235 252.33789844206893

21 619.1277002902151 613.6426076417562
141 585.140104437851 575.5280587794953
142 585.140104437851 557.8662552894579
252 517.2150644781311 515.4212964635958
806 452.39766771681616 439.30578317275376
1249 432.0224481226436 429.60723622961456
2005 420.388549529432 404.0637346524829
3387 401.9482324055085 382.63173318704
5041 350.3488826064802 341.44455617324286
7028 333.24008161510056 326.287882329837

131 561.9975765858362 550.3821151574524
132 561.9975765858362 544.7895622956265
172 540.5039774444181 438.55089709902853
292 490.2396730413026 456.5273316267467
293 490.2396730413026 448.65947226954484
1069 402.1978697978073 389.1272111367032
1139 399.50066751352455 399.3412854624427
2803 383.95823277967435 376.4588805947874
4185 362.83762945427105 281.2604342001912
5950 320.604231627605 320.11766940960655

21 603.304912857034 597.5124967735728
31 597.5124967735728 587.4341419075824
41 587.4341419075824 582.1667744109701
51 582.1667744109701 569.1771707442332
61 573.8262609464747 563.6417952572936
71 568.0473374094988 563.23338458265
81 563.23338458265 563.2107823378602
202 516.0724394418273 515.0710318940912
303 502.21984369794825 495.8788660464951
514 477.8193562977022 347.5615265778395
1260 454.30475438212807 442.8042072098784
1925 436.56725425766183 311.63468090318145
2792 401.41377145590945 386.6673483372187

11 521.5550561944974 499.7624070966976
374 526.8349477041629 523.9586996296432
494 501.28170109905557 481.8444154153648
565 498.8439722773279 489.59433601833155
1190 485.3315725760324 466.6294574956244
2158 460.0488936833982 457.9397633642913
3267 434.4463773440333 433.61922732607786
5375 367.3781006786335 352.6395721161992
8563 324.30176482115735 321.9377361465742

131 563.3669537375065 506.55321001570366
132 563.3669537375065 482.59166599729315
495 487.08751301661437 478.93239240011496
1362 440.5701431523272 425.28563238436493
2663 409.8594124262677 397.1480880117776
3349 375.968781911871 373.9891666033218
3399 372.26572926524864 270.01357603088655
5719 334.891883532725 315.75529103236676

51 643.2496825612957 624.5882723195912
61 624.5882723195912 623.88924659777
71 622.1529461308307 608.5785168460395
81 608.5785168460395 599.7716681124427
91 591.5584780954116 575.6672519669019
121 575.6672519669019 564.3451095131156
131 564.3451095131156 557.1045014102132
151 557.1045014102132 549.7551390877782
161 549.7551390877782 543.964826060848
171 549.4893607617169 547.2548850164704
181 543.7421269194656 540.9683318958855
241 522.9158752113067 520.3716098735672
251 520.3716098735672 511.94795643838165
1098 447.16606889806593 437.05316891595646
1642 438.4857695192831 429.683942352062
2751 399.467330277528 360.91773726901766
6575 335.1508486244302 304.3759873115837
9339 308.74338981124396 308.03044487503934

81 611.2509998095144 610.0762230862132
91 610.0762230862132 599.321718811538
252 536.5722947800447 522.4920454080861
372 499.01388392537535 485.6244127408713
463 494.98754487220003 493.88615386027027
594 473.9603773307539 459.54046483723533
614 472.06044356139614 471.51440305127915
956 455.92212647701257 437.46297247615985
957 455.92212647701257 442.43892875463155
1340 440.21599666367575 437.09058055009757
2338 404.2302156970729 394.3674284329398
4527 361.8448924111479 312.1839146807406

11 567.930364054787 544.9241526009456
434 472.32744788824505 457.11768567397
1251 451.00731213948063 441.5331725871889
2138 412.8092340377141 393.25935091174426
3157 402.54039895641006 394.489613913522
4196 384.70099150565295 379.6315377900982
4710 370.23526192177206 354.9600345622905

21 595.654713310916 591.3391218218492
202 532.5150968554501 511.4755933896875
232 525.6665608394078 522.3666547035189
353 519.160033008903 506.76370001149013
473 502.11732986821943 467.98054185226306
474 502.11732986821943 465.94807417648246
504 496.11544329821766 494.8828157652604
705 475.88633474571577 334.939199019271
1088 457.23837350817837 448.7235051741377
2026 429.5098518765848 426.22963437959413
3257 415.25673702344506 407.11120868721395
6566 329.9399473958844 300.8373277720401
7211 320.74070317736584 203.9393083478559

101 582.078247955511 577.919336995948
171 562.9443782094946 550.0956722176783
191 539.3986283465572 531.2779446354709
201 536.5795808490436 532.812857797348
392 489.4356415153336 487.1453984996721
402 487.1453984996721 479.54400688300086
422 479.54400688300086 479.04190617739744
512 460.4221995010339 459.8696184191135
1037 420.31337626971174 400.9238619741826
3095 380.0206645591654 357.71172118782675
4023 355.924473557489 298.9617570940328
5455 341.28967423036596 341.12687940572926

21 620.0619402123409 613.5861074827503
141 560.4954143352493 508.1041697466995
142 560.4954143352493 519.0482690770441
777 456.45924327405714 451.79548130485796
1917 433.1808431726757 418.9064501069536
3450 396.9315745554914 374.2060282801819
4983 365.5160824607055 339.6593394732035

485 479.7184372213833 458.1452123060673
1231 473.38248141156686 458.008712584888
2088 387.20584073558166 377.2536342157946
3288 354.71705388332396 348.89324121430377
5144 331.09909907216525 301.677202451573
6768 317.7514814932956 291.79083153713276

41 576.9338976163899 575.4669659529321
111 571.8231174969196 567.611371792812
322 527.9539706750465 527.4392524096656
332 527.4392524096656 522.6230286357089
442 494.78008772891457 494.76720100793557
574 471.57966560271393 467.94850256595237
1310 413.63163715102485 413.4608268140753
1320 413.29624781991913 411.50186093050223
2732 393.52038374504116 366.4840835200455
4810 366.38048482763156 362.80994937908883

131 557.8463451228699 434.4490357214172
132 557.8463451228699 430.1286907208921
142 541.5351799669187 535.5497397962329
162 530.2433597953914 529.3752615105634
293 476.60311203739695 456.0858118479325
1140 407.4833925159443 399.21913113701873
1906 398.943836095359 383.2680224154059
4075 345.84551806413174 340.20573255427394

101 575.2729442072739 492.9720152364978
102 575.2729442072739 489.01522611479743
142 544.7029317792595 540.9567657188069
152 540.9567657188069 533.4629291272036
162 533.4629291272036 530.3449020403727
172 530.3449020403727 509.8950396371008
202 505.75863359435914 494.0955880253624
222 490.8974741748889 472.80333562611656
232 488.6353941306969 478.87392460380516
877 386.8720015451836 359.07491847424507
3197 346.43232951522236 319.7754766815958
4064 332.04727806243613 327.91673244453403
4507 325.257736385672 245.74146306227462

11 564.5705852246201 489.1875615444243
91 608.7805416714967 605.8655818008849
211 578.5430332912282 573.4194871362861
212 578.5430332912282 558.2916413444423
222 558.2916413444423 555.4696964996003
232 554.2287631004539 536.8916343888499
312 502.1842583461005 497.04237106431566
322 495.8592044875577 478.1738981535218
442 472.04678217237137 457.38376267349014
443 472.04678217237137 466.6777223908157
745 456.4951840426213 447.8567071927407
1612 430.4313983123718 421.9332898982136
2580 406.55056554857237 405.54522368455537
4133 351.96735709566246 348.14803281007806
5071 344.58996482974385 259.0232023468772

11 655.6691443297991 569.1542457491349
132 563.0706343671574 562.5718942882833
142 560.098650677618 556.4139456589941
152 554.3776453501279 543.2408835371162
1362 384.7029706452997 368.50897231102846
3551 351.4306042306599 345.5780160360655
3561 350.72238471619073 350.703317959035
5619 339.886980890979 335.59604480319734
9342 314.27472080823543 308.99071344906446
16445 280.4839110710936 257.21516134049114

11 489.0690940917158 483.55551370374087
61 642.9030672407871 639.0128712020198
71 639.0128712020198 628.7136575906057
121 608.814695245699 607.3473955990789
131 602.033783758223 601.9949266569892
141 601.9949266569892 596.8800719299477
151 596.8800719299477 594.867524245908
271 576.3700358436656 530.3278134177025
272 576.3700358436656 510.2829093239012
1482 409.50518110661005 382.19471588849376
2662 392.1985602704459 388.8579817417283
4246 377.2878035128804 366.33441434764916
6324 366.661957929018 355.10540466323755
7877 342.5991448148406 328.8243924816039
9430 316.8610347334045 299.3820115411144

11 530.0427849950007 451.39623566034015
131 580.7146917356552 534.3053883755434
132 580.7146917356552 534.1549161432617
263 531.899360870151 528.7072181899343
273 528.7072181899343 519.4219040802548
293 508.914925179463 508.1569273232915
303 505.2345744533721 504.86425686270775
918 487.01463573057686 484.80975064755256
1321 436.651885243307 272.28484748110066
2955 355.4605548877886 349.131876809393
4488 331.7722988623067 323.2198318556466
6707 310.6628296107844 295.6528380331066

11 544.9648678166579 519.994510298661
51 622.8455093436589 618.7095115739592
131 596.3220922715129 576.1081416249572
151 576.1081416249572 576.1005097588029
342 543.7241796625821 528.8730318064888
402 506.7595678520787 505.9530430065991
412 504.76007229727975 502.7351678436378
755 461.8093852198351 461.51949453365927
765 456.5146149128717 456.0284714235268
785 456.0284714235268 455.8938768708117
795 455.8938768708117 444.38033212509356
1592 398.53304037108114 376.8768668134422
2550 380.3245004329343 358.33568191508255
3427 346.2420758134013 335.68741989519003

11 550.4680856021495 534.8935777043974
212 525.2383616964491 522.2861968607552
615 484.75424158638424 482.9070146747579
2279 399.57413008729316 384.13806800670284
3752 366.5397494833927 345.5876761526259
4397 360.0294493326551 355.288849104664
4447 349.32472792758034 261.7650319933167
4457 342.75612515128086 324.23035194000994
4487 339.1917927899533 338.99461589481416
5485 331.71786354029 331.0313237609861
7028 312.0503397615081 270.6786003868448
9580 295.3666137378766 282.06030371807344

424 486.9453139284329 478.21672501893147
2008 398.24668879035204 361.1669939893875
5196 348.8769260088136 338.90529074699634
5347 346.14606919404696 212.1414938481575
7233 323.2151700869754 308.5901630214918
9331 300.52134058357655 278.11901719749386

182 575.845435479207 568.3337224689849
192 568.3337224689849 565.1062356234195
202 565.1062356234195 545.2457744767385
272 521.7287216506709 513.242392654494
282 513.242392654494 494.3605601618332
302 505.3425215653259 503.2353907936197
312 503.2353907936197 502.9241967792665
322 502.9241967792665 493.83504592890347
947 441.37130331969 439.2176018871377
1804 429.37751079187467 427.15551220501146
2510 373.1532427750996 316.7165992804895
5284 343.01845580807134 337.7976022106483
7614 323.0830796698301 321.450165209719
7704 321.450165209719 321.17824992680033
9227 305.7333546506288 300.59903214955
12425 282.6617604065184 271.110701228572

11 623.9210446260654 612.4005012874321
21 612.4005012874321 609.3050345697509
31 609.3050345697509 606.277600654447
41 606.277600654447 595.9460527944009
51 590.0521057984799 582.7159410882527
61 582.7159410882527 570.2434379008773
101 574.6203080754258 569.3961795416328
111 569.3961795416328 568.8482241219817
121 568.8482241219817 562.1999638791567
373 508.69254936292816 506.8997396857205
383 506.8997396857205 506.2350497289211
393 497.0398078168935 495.4818324756992
403 490.90130238385507 490.25569057070004
614 478.08852182266355 473.14538124155274
795 458.7586368930744 298.1837268925626
1975 433.77903934518054 431.95877123821367
2852 395.8417906948563 362.69101227013067
5485 359.1170957972554 340.1466237605722
6796 341.6936477317596 328.48887054448767

131 610.2409205900706 514.6014997378969
132 610.2409205900706 509.53543237539577
142 598.9495007083542 597.0816111824406
434 531.8730706877508 513.278700892874
554 514.3109807529909 441.81621716130735
555 514.3109807529909 437.5953131895063
1079 474.88091333967554 471.47363209220055
1926 431.5095028963523 407.8656663695374
3237 419.61193313044197 411.24138077471014
4377 381.8062499143409 355.2414286949379
6919 312.6716854139098 294.98090381733437
9471 286.23786099020356 263.6295845432546

21 640.1126363096132 636.1540470390314
31 636.1540470390314 614.3266751384897
81 611.3307827907174 603.7588892311737
91 603.7588892311737 578.2088483423593
211 567.1261802330733 472.33607405991654
212 567.1261802330733 496.8496393117933
756 467.694031563888 449.2961292665356
1966 385.04986098595134 370.71939596852076
3852 377.5120674945258 368.26575424944986
5496 367.0548400555607 359.15894768643386
7271 353.75704223510775 342.35035476433706

21 616.8174865160195 601.4000889166765
91 594.1444360005792 590.9289875601545
101 590.9289875601545 567.5887266363618
151 557.5477222524082 550.8381003728384
161 550.8381003728384 543.9100072899294
171 543.9100072899294 535.6279266321654
211 535.6279266321654 521.5666189686249
221 516.7446612535143 510.48271733695816
231 510.48271733695816 505.9232907991171
241 505.9232907991171 503.7089336647481
251 502.39841922851133 500.5837530621671
805 432.02440908893163 424.7008710213301
1097 412.7262943167223 409.7900390822256
2862 383.1977530366461 382.6913856537394
4970 359.98073433680685 339.63564335739125
7472 344.99460778273175 333.39636337493926
7956 325.1826718748815 208.0252156907116

11 545.0630791792083 532.4573651487142
21 605.5698102235137 596.4462587879395
222 538.9712791177058 530.0676045141682
575 485.5205261948532 471.77119751155374
1230 439.685055679399 426.1715414652103
1572 430.6967117106917 411.2771419619449
1573 430.6967117106917 416.48863695600556
2430 420.3030057383017 416.7293360812607
3550 394.27238012778 388.6016644556842
5527 361.87536586138526 346.40143712056147
7060 324.3401525675469 319.09729450698643
8502 292.419198063399 264.4912529461807

11 568.3419300785066 418.1390594481728
131 609.260156444275 468.65978143338606
132 609.260156444275 450.5868521820529
474 483.62088248299716 465.83352225965643
475 483.62088248299716 443.36140868653564
1151 383.9293650747259 381.2270636244663
2815 366.6614308527922 363.2991101874331

61 556.7870253692593 551.0965882089397
62 556.7870253692593 545.7765458007394
82 545.7765458007394 533.1113743741802
122 521.6920349185839 497.20341027068093
525 453.1286594488716 420.8893364400478
1564 404.49629305888425 287.2639267915064
3420 344.76688225988704 342.70894996073037

11 588.3926236913053 580.131636614715
131 551.541364937668 535.0231074366752
132 551.541364937668 523.346150821359
323 493.4043825468579 491.61621725925863
333 491.1763248881722 480.3785301094489
453 473.8268727235387 408.57798232978536
454 473.8268727235387 399.57392683355476
494 448.1511654309136 446.08590591764033
504 446.08590591764033 439.8307612451994
514 439.8307612451994 424.5350903159151
1603 420.547525577226 395.7986431468186
3116 360.2524763184063 359.4314647576185
3136 359.4314647576185 359.3250125500918
3347 356.6149368972597 349.90255970490716
5677 335.71500272707044 328.3412990814429
6998 324.34407074622123 318.0756956474646

31 649.0972179914218 541.8594023567338
32 649.0972179914218 540.5023561064199
102 574.246082067641 555.9501304092339
303 530.0176351419224 528.1110070792158
374 517.982184109627 515.1939412100936
969 495.1398384498588 494.83904343856733
979 494.83178454723435 475.0792136958157
1745 411.29052166189376 408.1172780956439
3248 393.7822411256129 366.53472616851155
4468 363.67832587421077 339.6744632626785
4710 355.08282348584004 225.1399752112502
7666 332.707259403704 326.14638577518417

121 600.1089162566467 441.5408886745008
322 509.56323678975707 505.2442387328236
332 505.2442387328236 504.97360817958224
342 504.8452510654919 501.1353938193654
352 501.1353938193654 500.0895447452946
795 443.32550659870014 438.5931169076704
1975 414.1004672445194 395.5193597179219
4073 359.77779415092266 323.0788984173951
6171 343.6246364064957 332.30060745882486
6524 332.30060745882486 227.44523463606396
7300 324.72976673609566 296.72604282100536

101 566.3534144174943 544.4765895696577
232 504.0451064947114 503.9159072419362
242 503.9159072419362 475.5212612978184
332 493.6646363646497 483.8525012354379
685 458.79896165285913 454.88895109154896
1451 399.59005772122276 392.3698499329796
1541 396.0336584982934 395.5122498580521
3195 374.6815849415992 371.68273465376785
4637 359.14925720389726 343.1097740647962

81 577.8490365062726 569.1991058529179
91 574.8945120835408 573.1094193406
101 572.9966650831894 571.8684923335558
201 567.3653923161042 529.4765175014913
202 567.3653923161042 544.1675581525335
433 498.9512784213831 487.8876816468238
434 498.9512784213831 489.38266204006135
1130 437.3307527864948 395.57867630211194
2239 414.58519920852586 381.16395783442556
3853 373.65699176712377 332.256541040634
4912 356.67256146068087 264.3108395279561
6435 334.97290816130993 330.0976636429909
7877 308.2623991914803 290.69889490016817
9319 282.2718506740543 265.63589859314226
10449 270.02210901865874 236.74081824822125

11 594.800159920138 515.0911193742375
61 563.0028945848387 558.9300346278253
181 537.5539314600713 520.7253765222181
182 537.5539314600713 525.1487346769644
302 509.2734168018383 440.01595903654515
303 509.2734168018383 451.107491262129
615 470.1893434444855 465.1226345019324
1260 435.61197256844605 430.81809197339663
1703 428.08090414125263 419.216944119126
3135 348.95610585050173 341.6129484041605
4749 330.6341950538813 330.5204584924708
5758 324.06417202829 316.7760330526774

11 554.4321047609242 543.0073195911078
131 579.6001819246083 555.1613736811773
132 579.6001819246083 534.4986050345098
363 502.96800217258686 433.593162112872
364 502.96800217258686 458.5500193300785
444 470.19350065227366 383.16983354312515
564 448.2558661420117 432.0200682431306
565 448.2558661420117 427.89683135198186
1180 441.39106480605676 432.2537418597324
2017 383.1301095689018 378.6028228369516
4670 362.4690850316879 338.9629683643979
4992 355.648561114053 249.79005415381255
6545 330.95347570532016 291.11719516742477
7654 324.90963325075677 317.90119990223315
12164 283.1022528905051 268.2936394463505
12749 268.2936394463505 136.77720904864026

11 595.5902248479522 516.4471745091055
111 596.7434668698762 584.9776135531761
231 596.5904247654119 547.2595080862483
232 596.5904247654119 544.4063600739305
746 465.34189040945495 324.78082476223625
796 464.3273598351202 464.02068439086975
806 464.02068439086975 463.97862708334253
816 463.89806890685674 463.68444209423683
826 463.68444209423683 463.4899989091414
836 463.3347553454521 463.1333989898985
846 463.1333989898985 463.0402848621677
856 462.8366200327332 462.61901328817095
866 462.61901328817095 462.4650711876102
876 462.4650711876102 462.3460924961829
886 462.3460924961829 462.1240447588053
906 461.9441684537606 461.62129806113336
916 461.62129806113336 461.55878443479554
926 461.55878443479554 461.48972162177347
936 461.48972162177347 461.19189927749926
946 461.19189927749926 460.97028733161034
956 460.9169956871856 460.77403120363977
966 460.77403120363977 460.49650976419446
986 460.49650976419446 460.29514930473306
996 460.29514930473306 460.2426830912155
1006 460.12773756840943 459.8935511960458
1016 459.8935511960458 459.7876971623582
1026 459.78662319246286 459.4139232340834
1046 459.21096720624905 458.9839520236038
1056 458.9839520236038 458.8357934591588
1066 458.8357934591588 458.61638788752106
1076 458.5644608645474 458.1473598553023
1106 458.020307066147 457.85793674687375
1116 457.8395840328412 457.4283003207082
1126 457.4283003207082 457.36670323912625
1136 457.36670323912625 457.1307082835887
1146 457.1307082835887 456.6339138346426
1246 455.2742246934888 455.1672859903579
1882 449.9854287122545 441.95682329417735
2416 444.64598132170875 436.36991276953296
3707 389.22182157687354 387.6800232812444
5250 367.3464017181674 361.8226024985373
7691 309.8405121007299 307.5624247022074

11 579.7518918051464 470.6808600948973
61 588.6745610926685 584.9390865745833
181 548.7427420985307 449.24823698453383
182 548.7427420985307 446.3025928078946
353 511.6757287492127 509.1827485208495
363 509.1827485208495 505.58792663171886
473 482.457708200403 451.90019221747883
474 482.457708200403 443.2137700244195
746 477.04295206951736 475.962520054366
1482 449.8856482455943 442.4238578090605
2935 404.7182269163673 399.1204613590353
4710 373.7657904613597 359.01032577358
7565 363.61226759860904 363.3507656646289
7615 363.3507656646289 363.27286084704144
7665 363.0427246794918 359.3385927531824
10177 306.4847718683522 305.0775522540599

101 584.415651706591 460.08658969581813
102 584.415651706591 434.93189190388955
112 562.9553323060724 556.2351347697031
263 509.12033446446793 499.26915666023797
555 475.94148621720876 470.18168007319014
676 428.1632695086402 421.3866686166647
1664 400.7346256901488 392.2061231759815
2521 390.6084280410546 383.9372798363581
3085 383.99291604613745 377.779047910992
3832 383.1047298139209 337.03702422695085
4780 336.8095662212408 221.51276265528634
5556 319.1980172851069 307.76399097905374

162 541.7873989512871 527.6951861372133
343 503.25812488828393 503.199014619407
988 469.92272903232345 430.2625632454117
2763 403.2505503205466 396.57272419563037
5124 357.16308097311685 351.7356756133676

11 581.4881895549637 541.2907667109946
111 566.4860916663442 565.3415576165914
121 565.3415576165914 557.4583622733442
131 556.3885592114285 550.3022781376327
141 550.3022781376327 543.4834712398163
151 548.5643702393565 535.5225703308478
171 543.4834712398163 541.9445087207544
221 533.3901522550134 524.8110620835379
241 532.6658498486596 528.8024700377208
452 469.77020891677944 347.3326277177561
453 469.77020891677944 345.9502718154485
836 452.1648524714659 450.30011766388276
1279 436.53379474081146 420.463034682921
2832 403.1913202501752 261.7675560637641
4466 388.9147677959492 377.8948007782078
6110 362.23960141839876 313.0726617110989
7209 347.65485395953255 306.97759849889235
8984 316.80193103791066 309.53901350184975
10376 304.42382687962316 266.484455566152

152 557.1001154029541 548.3109532402038
162 547.8195860654325 538.9982539105209
827 421.1834958968142 416.6509180189714
1240 417.459281004358 414.4004354772427
2672 398.25829783822985 393.1356494647383
3509 394.23025692936875 384.7233873718404
3559 384.7233873718404 257.3174243925572
3669 381.04767557435537 355.84743837903153
3769 362.95477207518803 237.98623823106965

11 627.0455039187041 569.8900782591363
91 570.2118863598347 564.1184516548856
101 562.6893888823458 555.3054548418602
111 558.6680175748033 550.7122323965692
454 517.1701801882862 514.373225324875
1331 474.72716730134107 472.4232446243668
2057 444.69739441794854 440.96037253555824
3600 408.1248900832306 399.4342852953776
4911 382.3595987146768 369.08434175758623
6071 348.4004473488937 344.6362278174975

111 588.9939528619593 585.2349609545206
191 559.7703484025418 554.9484286015792
201 554.9484286015792 550.1038563494363
211 550.1038563494363 548.2396914063967
221 548.2396914063967 537.090648538098
241 534.6260931500692 531.4955885958954
251 531.4955885958954 526.1222748763123
271 525.4795330329944 522.1220944065078
381 507.6296851880662 504.2021780683839
391 504.2021780683839 498.3542452355436
401 498.3542452355436 497.9106723152848
461 495.19336385534456 488.96522520382825
955 462.9643557513997 453.92528942402384
2216 399.760219304258 389.7872729526092
3406 355.78223944433614 344.9222022860753
5585 336.7601819541412 336.22463052056725
7431 304.3069204647712 299.1852047568805
8964 289.3511143476155 281.73295773426116

31 639.1787277496296 637.7655844254828
41 637.7655844254828 613.358672679471
81 602.2900136627729 599.1340100283236
91 592.9084595125175 578.4357198887762
262 539.0770798340994 529.6154382444915
483 488.72102566397814 334.9479496046527
513 470.9240252170097 468.8546820263792
523 468.8546820263792 464.93655084656535
543 463.2428140857144 462.37024574916995
1542 426.44312962250524 416.51160222753276
2581 398.67450584167756 388.5438397875021
2792 363.6097431618998 299.0425127757645
4093 334.9374810869776 323.0626420600737
6635 312.9625622788659 295.61167718862

71 623.101945105801 604.4556372434006
81 604.4556372434006 601.797494001942
101 598.8681269709122 591.6343845546619
343 518.5765118587533 514.9587373985474
353 514.9587373985474 509.91630765872856
363 490.572620107335 490.4842282367799
383 490.4842282367799 490.47479351747825
615 453.20273983234046 452.6793739065621
1946 394.53647823552234 356.57325583736053
3721 370.167614173359 364.983553597981
5789 352.0271411078235 333.4165757239531
12176 318.5717763106022 297.4462434723929

101 556.5021457293242 539.1232904601956
102 556.5021457293242 545.618522431031
192 518.6231442644381 515.8743298284467
222 504.91410012290504 504.60342933890865
312 499.82391925363027 490.1726930351382
957 443.9928544146085 435.47266640097325
1885 422.84612510475006 412.76620747083314
2480 385.61314586710574 377.93655095423026
3186 376.2254541833463 367.594030906891
4255 338.8233366661105 333.50114839477527
7251 324.6493517577376 324.5863518556728

11 538.0626046862975 534.0100296521933
111 636.3879699346952 615.5199751987144
191 574.4750937234746 550.8638930535769
211 550.8638930535769 536.5241343027925
221 540.1486071665987 538.8392494950788
604 451.6344485400441 442.4542065266147
1673 411.8094073664857 396.96649014698966
2883 396.9486948434287 394.6340715739463
4063 389.1655639451409 383.45321402091963
5051 361.7803639157351 360.28083081279397
5131 360.28083081279397 360.2281736691281
6432 351.86355764551183 340.07747028639085

21 598.7039284788409 591.5572884115384
31 591.5572884115384 576.1106077183824
41 584.0980088593958 573.2039346052818
51 573.2039346052818 559.9577144303603
101 559.9577144303603 557.291476060157
111 557.291476060157 547.71019206076
161 532.7857185973226 528.5272573014811
181 525.6877996304211 522.4225529028022
302 511.1361853130519 509.2356554462416
312 509.2356554462416 504.56699859834225
322 502.6942277274974 495.5702787161746
332 493.0790094853302 492.9570453383935
372 486.5991362533422 485.11795916099
1552 376.04373244530166 367.7696997449111
2762 367.6861577147613 316.52586095525703
5506 335.19619346612615 332.99788198322847
6141 329.0450058657386 235.2872469072462
7573 309.8816079868619 308.9868529904064

11 612.5783385199791 575.9358677522623
131 566.2202657561635 519.1886494676113
132 566.2202657561635 511.48913308902866
293 488.0899788344201 487.7601914359656
303 487.7601914359656 474.0697439709469
585 468.2336606649079 441.27993703585173
1220 454.791886265886 447.1035569737704
2410 446.0695244557637 432.3748418564343
4286 347.578724885274 328.0362008707235
6949 330.0334820885497 326.30563615110526

21 642.6681355888318 630.7783534614377
71 615.7805587800842 604.2499568392416
191 549.4594555761461 521.8781670322587
192 549.4594555761461 530.3756742249848
635 456.86686849957755 453.63709881349166
1522 401.9403616684301 390.2804648324953
3267 383.8786786474691 370.26787976310476
4598 359.42511694650216 358.0790885147012
4628 358.0790885147012 357.59501425673983
4718 357.1437051796734 352.3862403625483
7714 329.051228130531 314.701619656273

11 614.2619700918654 608.8922452954723
81 600.0697362215519 599.2801067274223
91 599.2801067274223 598.7075448779939
181 531.0685041951606 526.6312451143457
191 524.0496303571424 506.48505781329794
311 493.0042617049571 465.2616864822947
312 493.0042617049571 480.32498465086076
322 480.32498465086076 477.8363696272661
442 450.3896739704753 433.0579297580558
443 450.3896739704753 437.8538216968766
453 440.0942989816874 439.4317656106732
463 439.4317656106732 423.7485604926774
513 436.13067848054106 426.5794635890935
2157 370.6882382836719 325.7143852682585
4810 334.9096730148979 320.5240668424093
7443 307.34240748278285 256.2510581526712

11 596.067374213818 575.8298418023041
51 625.022546504282 624.6152742007378
192 563.1733842492404 561.4059381771301
202 556.9640670683111 531.766189093172
373 509.374284901897 507.837319085623
383 501.00904604846903 490.78868711512325
1220 433.97770600705263 428.1108442019406
2511 427.0714494056025 391.306134281862
3590 408.0998111214676 394.10703990677723
4831 403.9620706928264 398.7808770734684
7383 363.94373955838165 335.77477376739944
9239 323.3418517235908 314.3101618687595

131 572.2643433151115 482.5962555063913
132 572.2643433151115 485.7256095728958
515 487.0610580411783 479.34496475060143
1342 396.4685186811373 375.550929013324
3420 349.0061852790246 348.9119379143861
3430 348.9119379143861 348.8798881892791
4933 340.39296426190964 338.58285254631824
6486 325.1175280671189 303.6264792842616

131 568.2076194775034 532.620604957112
132 568.2076194775034 529.9040387413127
172 550.2549812989864 546.5659889705937
353 508.0487148960664 506.08015712328654
1876 398.79284996280455 392.9381491803129
3359 376.3840721518531 375.6027523801239
6345 335.25296546608996 307.8247843651141
8867 315.49175346712656 305.60795111493724

11 579.6748381239338 512.4082418571209
31 618.5425714632083 613.2876581739486
121 601.5825164536434 587.0658303086091
332 533.8597473546558 522.9035702682213
342 522.9035702682213 521.9976477061387
352 521.9976477061387 505.5184068350437
372 505.5184068350437 504.6150654568654
382 504.6150654568654 486.3082003926663
946 448.9125966484995 421.89200426360685
947 448.9125966484995 383.6745781515474
2056 422.00789941170603 407.8680219985143
3216 390.78408001794395 348.6519770851104
5324 361.7032447109025 360.3620999831318
5434 360.3620999831318 360.27285390808294
5454 360.23076319291357 350.6961478648831
8440 322.85398747069746 314.18279733535184

131 560.9480070563741 548.7052175084739
132 560.9480070563741 554.1911787357683
232 539.5611869271056 536.2641077546307
363 501.7082112440662 483.8135035446295
373 495.56467271702036 494.73878991523645
604 490.9255836401561 462.3995877858613
605 490.9255836401561 465.86793804624125
947 484.5943825285314 430.80333846220674
948 484.5943825285314 411.5629695336671
1654 420.98383126521287 409.27848481049193
3157 394.8828218255302 374.4781037053633
4821 357.7124364328067 335.6073669648828

21 652.6124685095604 645.0892692432819
82 607.0178014810311 593.7002688819006
223 550.8971051172392 520.9446261595555
535 489.228458628286 483.6027046052869
878 435.6984801619534 431.6302277303664
1846 416.44049473865374 393.6350101328135
2945 382.50772463062765 376.005268838937
4276 371.49007384357753 365.9586879329505
5143 362.4747015911115 355.70769944979594
5607 334.46964646418917 218.9160110898719
7826 323.00367842353563 304.6581393644945

11 607.3826727322587 410.07127353332487
41 585.1197484937024 572.2652672770027
61 572.2652672770027 568.669850334881
81 562.2631227368274 557.6935710689806
91 557.6935710689806 556.0821929214767
474 459.94677089832226 459.45732413139183
504 458.8740280650512 323.6311607454945
846 443.22092176483034 433.3642836747707
847 443.22092176483034 428.20699572757155
1331 441.45547561103547 431.7764567201207
2329 430.42777581963674 426.4641736585414
3277 387.29482508348315 382.2779401408159

11 498.75307723565993 445.31688195326535
31 620.4618258158414 620.0088469704611
41 620.0088469704611 608.5858967475834
121 570.8203803356782 556.3196561005566
241 527.1763839439179 460.5977577072206
242 527.1763839439179 461.4838285834471
252 512.4334888296453 510.43629312629685
262 510.43629312629685 491.1480039181299
524 464.4144557413084 463.99927222418086
534 463.99927222418086 463.625998367247
544 463.625998367247 451.2314180390638
806 453.65987742757164 442.58666909559145
1451 423.497474526215 403.5282829195744
1834 384.89197227075056 382.1470231181612
3488 351.8514598433842 346.85660833434576
5707 321.03294224600086 292.4690117209095

51 587.3763804795076 577.1572455198389
61 577.1572455198389 576.263560729185
71 576.263560729185 575.0751033246274
81 575.0751033246274 564.2331772024738
91 564.2331772024738 556.4670375295507
111 555.1498445755356 550.9882771909184
121 550.9882771909184 543.47943736454
131 543.47943736454 530.9979971611602
151 530.9979971611602 527.1491732517663
181 527.1491732517663 519.3589202484848
191 519.3589202484848 504.16551015611606
412 465.6233208210713 446.6525893512612
432 458.96479782535755 456.7920702625738
996 453.8830436988623 359.9061109265983
997 453.8830436988623 371.92714835727975
1118 409.6464269536632 408.6521370668879
2338 384.8878986017006 371.6817580281685
3700 342.97791550948097 253.48769531398779
5677 327.4079552862964 313.40638995030406

11 607.714470012941 548.0008277501372
101 520.1264538064132 516.2664247481014
111 512.9972781664571 486.0766396854017
121 509.9920608405206 495.8963721280829
141 491.39114820957724 473.1913691599936
261 463.98834482183474 449.88306479503734
262 463.98834482183474 444.88821627404775
1250 378.1854860507678 377.74455733173943
3792 335.76334285700347 335.3610770641179
6566 295.89326321893503 284.5139596078413
6626 294.82766482872665 294.6872960981238
6636 294.5805234827861 225.9169167627373

11 595.7446147753341 512.4825184682636
21 593.1146822544281 586.9331453061395
101 578.1128887923751 567.9652261798972
111 567.9652261798972 564.649760840502
121 564.649760840502 545.9733161119921
262 517.4892321900593 512.977387859537
554 448.65218606008943 445.9905939580538
1653 437.78529533671633 432.87553949553933
2086 418.0887527918584 308.79466340506997
2772 403.05994421195703 399.04213890017587
4103 358.5794155546218 356.1140585271443
6100 321.33738979127577 320.57121567492857

11 579.4845800856008 555.8558968980409
121 589.8905517175504 574.5654000601417
141 574.2733456213 564.5062817427211
151 561.9290490662715 561.5222514206487
161 557.6434959328881 554.2935943477236
171 554.2935943477236 540.026385110968
291 520.0306594079744 385.56505885091167
292 520.0306594079744 398.97999561455345
735 478.836141569029 466.4624856287477
2026 389.32749779282517 387.8049825440589
3226 381.7985854086927 380.4392001845255
5758 354.3077684133069 331.7535233276559
6222 348.65857774993844 218.98578593088757
6645 297.11908176515504 220.73969812043367
7139 276.40193609258984 207.40740216818838

41 602.1537053202733 596.442048613412
51 596.442048613412 594.3988687518079
61 594.3988687518079 585.7459104778934
81 580.2472014148832 578.080120995852
91 578.080120995852 572.097888717481
211 542.9732028262513 521.4300534084425
212 542.9732028262513 532.1669445961861
1079 434.38327622159005 425.9526438619415
1845 423.4000703120099 406.40764385755233
2843 408.4315004181801 394.01238419380184
4084 398.63882416377515 395.39006128719103

31 638.7447032418194 631.4271852607651
51 631.4271852607651 631.0067687934047
61 622.9516814675826 621.2097563406396
81 621.2097563406396 615.6033455716457
91 610.5720027325187 606.1548782710471
222 565.3879287440527 562.8211187955185
342 528.0066660841258 509.4219887562913
343 528.0066660841258 501.4230539046872
716 445.2041021602757 429.9659164189303
1412 392.0657128595515 368.67800180648004
3066 372.4302217145706 369.51513122288327
6234 343.76568353503666 332.9592117508122

121 572.803928864224 571.8804350117048
142 547.2305491041257 529.9013726212512
152 537.0621203135278 531.7746273419319
162 529.9013726212512 528.9425970989654
172 528.9425970989654 506.03765934337963
383 470.066213116224 461.8623804254386
433 458.0379937685867 454.1920227719379
695 436.31116682383424 421.50806893026675
2208 389.26421071152595 377.87242036744976
3529 371.85549127777506 359.26766422851995
5829 353.1099663526542 353.00932172246974
5839 353.00932172246974 352.87705782511784
5889 352.8770578185087 352.67076249994085
8219 343.07251207362026 339.7006431886729

11 595.7951475063512 479.44725314830043
41 594.1150540641828 572.4138768052022
161 554.5443539357788 544.118274604988
162 554.5443539357788 543.6889836984692
172 549.0876647744162 535.8668041201215
333 488.0546326854351 484.6240878717027
343 484.6240878717027 479.3902939909585
575 477.3375835247994 475.41712322514786
1160 461.9123359087393 460.37768033896293
1987 455.7486173521461 439.0336511799052
3318 397.0190643962975 391.41350597869337
4145 390.41386860231785 360.42889712809784
6203 337.1354829300943 337.0572658967372
6990 330.767006970512 298.2842352375482
10168 301.87958948890883 272.8796439843987

11 584.1034174192314 555.7980448066382
132 547.3415190802407 532.9033432706058
202 528.7202094901556 518.1866250805193
534 491.93203971569426 490.1613173104532
1310 452.6092556073438 450.91004859381314
1925 437.5756646732211 434.6004516075944
2711 408.30425009070836 405.36940612666154
2712 408.30425009070836 395.01959792132726
4104 361.4178415816123 352.29752978136474
6656 303.866823436858 282.9199976731981
8250 281.2007318281279 258.86388063439466

61 636.6587693941401 565.1091364222868
62 636.6587693941401 556.6094458566793
203 552.9623757695424 542.0942209913268
213 547.1235795492908 545.2432801865288
223 544.9543108169689 541.6106411215416
233 542.0942209913268 534.8704261528403
243 541.6106411215416 522.4452922216727
1272 407.86466199143007 395.0298956009082
1594 396.8643569582189 246.16154567685908
2885 372.98828535769906 369.1597597901174
4771 350.06847623518206 339.4516257613036
6546 319.3560646998219 287.97849745939254
7736 299.7147074424352 206.44635784982012

11 680.0592309560966 497.125063928739
293 497.42420063798875 496.80023162196585
303 491.850058925511 482.91219237517043
1150 425.3453831790025 420.08461755452595
2471 386.5989307168323 383.36124426600264
4216 347.7862885943572 341.1687369749203
6203 328.2759301609228 324.79871767308765

11 573.7848387516344 521.1896590031486
121 546.7479767181791 520.5696527328364
241 510.05068125928506 486.5779857033491
242 510.05068125928506 500.6008754409886
373 464.46588601296355 462.04953101320524
1038 420.9895627802881 404.63741322690066
2692 368.4199874395228 329.9897025439407
4417 342.63567438219644 337.36488986702
6021 306.9388724007442 255.3632009522644

21 607.4120298576481 592.7048993064932
41 592.7048993064932 577.321414979737
61 573.8490097983247 554.2384619079378
181 542.5556342632696 536.4779221486717
192 542.5556342632696 539.7097410069524
343 497.8720261245215 495.708803713006
918 444.67282311994995 369.7413353181844
2572 369.4011856438199 340.088379006564
4347 352.827939406744 340.18026127204587
6718 336.84055315922507 326.7117240256451
8382 321.67374443719063 301.1053915277749

11 616.1790603405688 570.0874214584406
111 576.590781575677 572.8334226427309
544 521.5475286787744 475.860403209297
1320 442.07215059007854 430.28104079428437
1753 429.33267836717494 425.4505137920061
2620 403.9765526609895 375.725892040889
4708 365.65493930090815 350.7571116639356
6140 345.47381539745066 339.63638941256585
8581 330.4770187027584 306.49359254409825

51 568.1914545259058 557.9938999897645
363 482.84799212474275 472.1027183752461
393 472.1027183752461 468.20709591675376
403 468.20709591675376 437.8427442932252
413 464.1998358979562 462.51971708442073
423 462.51971708442073 456.84077827722643
443 456.84077827722643 448.93767085058255
1542 396.85891494209983 362.4476448034524
4286 346.74947091657197 337.79592539186206
5597 341.5079594863016 339.7197503595369

11 726.6322831484837 513.0242816101943
71 657.1938597391032 652.202375659268
191 569.3049430824979 462.99607299053116
192 569.3049430824979 483.24149479024595
202 567.9289205675443 565.5204244972567
212 565.8860563373166 560.3408899136568
222 565.5204244972567 555.6258813232462
342 514.9309260739428 496.13100555225253
343 514.9309260739428 496.70861491293465
353 496.70861491293465 487.6461886211656
514 474.13503448696616 466.1835828530768
635 467.4802578109963 464.1801688313465
1785 434.440894263013 403.8157145530683
2450 417.942524832276 409.1086069230545
3136 369.5205841500075 259.1101925694328

111 552.4000607402677 551.850398649646
121 551.850398649646 548.5370620363931
231 522.3130959874891 506.88287875315336
232 522.3130959874891 509.1420624877858
978 460.5383929835202 457.01725707352523
2642 422.0165318014002 401.9519977439678
3277 411.23746811949036 404.91765586527947
4235 344.0367171144134 244.15452834840298
5233 319.3803773149557 241.52634137692985

11 658.4587413934961 610.6230021563338
51 604.974316566747 595.9306596935078
61 595.9306596935078 587.3659914058088
71 587.3659914058088 583.1816869952374
81 583.1816869952374 572.6376452015063
91 570.579199723247 548.144424719832
101 570.0350313409039 569.1850894672987
111 569.1850894672987 563.2224402354117
121 561.0699078736491 550.2839680608477
342 494.8163300293862 490.40757742089073
866 463.3434321663435 415.05361220465295
1622 406.4654780780452 360.75766414871117
2055 376.44874350274654 269.08928679515833
3881 359.56207304335555 323.43542068233336
5061 331.90031923973777 265.1928134712032

202 551.6903980183274 488.20485777242493
203 551.6903980183274 487.23613431642116
515 486.6873024268704 479.4910736429537
726 440.97503736229305 373.3101012088617
1795 404.46834404315274 403.45768127760743
4055 375.7485637701831 374.2435518385593
4831 363.0203098135913 256.6349379801216
5517 354.92955241511 351.72967206376825
7161 348.6799937957013 341.0991467242444
9138 308.77894528605657 301.12139077796735

11 588.2713582276618 538.6814802484987
21 613.1058410694877 611.9572178849653
31 610.2628689682754 601.080713124436
141 590.1485199521505 585.1130107209705
151 585.1130107209705 578.5751880705584
161 578.5751880705584 577.7259177139347
171 577.7259177139347 574.3195691152853
181 574.3195691152853 560.1685185287637
201 560.1685185287637 559.2158195212271
211 559.2158195212271 545.7067426371261
332 547.0060833562247 546.735531874354
452 534.9044001966979 469.02847574974214
453 534.9044001966979 472.47678885055234
1199 426.26545824067745 420.41729730412266
1602 413.57974926287727 399.7483638144478
3559 399.16988126503816 384.4050019505982
5193 366.9040312183504 357.9807401235337
7069 336.4783816593823 313.31760444441716
9732 324.1090221769448 303.45724636277197

11 578.2334845358325 471.62666050662347
111 603.5633539628839 598.1125959638734
231 582.5610625155571 581.7975019590472
232 582.5610625155571 555.9861134079314
867 484.45270923734563 471.10925159878957
1320 471.07043466977444 469.42684628737703
1321 471.07043466977444 466.4198046894082
1774 444.1554642387046 409.9053984559515
1775 444.1554642387046 414.10176423184095
2138 422.737343290373 281.3589584887442
3257 400.1043796687924 390.04561904533193
3298 400.1043796687924 393.17825968697537
4922 355.9543423849634 336.5960447747429
6919 319.8976923653036 297.8321482394729

11 570.6695070253834 569.1008569468229
101 574.6631719553229 563.7201320494526
111 563.7201320494526 551.3905716968632
121 551.3905716968632 542.6645100782765
141 542.6645100782765 538.6494791195706
151 538.6494791195706 536.5127211683418
161 536.5127211683418 518.3435766394578
171 534.3631658113803 533.8110436939198
796 421.1320116400026 415.78715428810926
806 414.3236491825721 375.3199235459754
2067 389.8342245520026 371.345809478771
3065 369.29838770165713 335.5597965375854
5062 341.60376721532435 309.3893824395061

11 587.6265531185007 542.0231190150319
131 544.4802618520159 539.7405547757323
132 544.4802618520159 534.7067200784755
162 534.7067200784755 523.2426064226445
343 482.70901018292824 475.24752865646747
1170 453.1901930815484 421.8345186649259
1926 433.7813240141314 432.4035355412268
2561 409.651457053742 394.5781152260565
5436 336.70992667605213 322.4566745301918
7645 322.930017687953 317.4048662984234

11 639.7927103544773 499.02342843321196
121 602.4916291711845 594.7512403444886
131 594.7512403444886 593.7247509326407
141 593.7247509326407 587.6285596957796
161 587.6285596957796 585.7277970330309
171 582.2747162284384 575.6295126116137
181 575.6295126116137 569.3656142381333
221 547.9803538783386 541.2067951915659
231 539.4773621235541 530.1434530392557
261 517.6097939744874 513.2551230542342
271 513.2551230542342 503.49613290623734
281 497.34378402593313 490.823367721668
573 451.3556652526994 433.84513497044475
804 432.97699805929716 420.5491431054302
805 432.97699805929716 410.24486591219414
2570 382.55220915247367 380.2556623525159
4224 366.7689292918246 346.7476800960016
6312 333.2174820889973 314.2806546836404

242 536.2487714418692 525.456345411373
243 536.2487714418692 510.63650091662953
353 495.02343800125027 491.7899943819492
373 489.63678682762054 489.37403374637756
383 489.37403374637756 484.89332815994794
705 484.6034033219303 483.80993164960466
1158 465.7914056498121 451.3026783389831
1159 465.7914056498121 458.3719701940404
2036 419.8963119403823 406.40383487895105
3801 376.8708321389914 351.7404192127623
6303 337.8933989518934 314.098761996944
6787 325.58136810607584 204.78421967077554

11 642.9524270207559 582.3126652294117
51 599.294237368453 598.5557944840642
61 593.9892189521642 589.9357235632611
81 589.9357235632611 587.5221542117856
121 568.3739994589947 559.8510549490593
161 556.6202720283482 551.4018842162858
171 551.4018842162858 536.7279718547817
191 536.7279718547817 525.7563863837404
201 536.6033828704611 529.7582922591927
211 529.7582922591927 528.595813716543
221 527.1942582212182 516.3054460528614
231 519.3924270191314 508.7155861146126
442 477.6646528291543 477.3500206843813
452 477.07669455718735 465.47649296787785
966 447.73780289426645 435.55600236200644
1964 435.1298039082319 428.298439175344
2710 400.51258214909785 363.43151729998823
4475 363.82886900353816 362.882312697721
5998 326.95211019599265 294.3424388719764

31 605.1595260036321 481.71358056425277
32 605.1595260036321 458.8194239535287
263 501.5262202811348 488.38942235839664
264 501.5262202811348 480.5894851416397
849 452.69026796496047 447.1751534446262
1686 424.91949404126115 405.4845785892384
3330 364.50096410482365 334.94076889633817
4944 349.6515590123214 300.8671309109434

131 595.9271410900842 527.5661247399687
132 595.9271410900842 529.969959138409
363 559.48270379972 534.0789839461269
364 559.48270379972 528.4800063370864
1827 418.05846200680975 410.3068093832794
2351 404.58338542991396 402.6290861692234
3672 390.62966748532676 381.95291517685087
4125 385.3301040749799 380.3190360557466
4126 385.3301040749799 375.4320353966926
5992 344.07146331485467 326.0558968787647
6799 319.32311470040355 225.5042057185042

11 597.2170606637023 578.7422981061904
131 555.7024797633557 536.1183252862522
132 555.7024797633557 529.3160409589004
142 543.9311128978368 537.5752592965716
152 537.5752592965716 531.6796323878311
192 527.6287077844346 524.9634050808966
363 495.36088273928857 479.7236555477775
393 488.4016745938831 486.67450989099495
403 486.67450989099495 482.49262008018104
1139 433.7594629768354 427.38673712151115
1461 426.1803096857792 420.82633193634047
2570 413.2522718685075 401.41122058744196
3619 395.33516201038645 372.4221225025399
5616 360.28124762933015 326.41998084225156
7260 337.10496207135475 321.7568498741571
8632 328.006967336181 321.45486040142174

21 601.6497481329124 585.4203989167819
192 542.7233696991475 539.9567798923165
383 506.9899874466203 504.29451988103494
614 497.8178540115714 454.5734901358953
615 497.8178540115714 461.28858019219103
958 436.4814153157255 428.53801550750916
1916 415.8533469464925 373.51230182744047
3328 398.2880987104784 395.4093554422697
5426 377.9307471034426 375.0238659134975
6535 365.2755030768959 348.5076494220338

101 554.7081212534162 547.7529814279096
121 547.7529814279096 546.6445914799282
131 546.6445914799282 532.0780508073924
342 483.241486049257 477.27617359698354
1784 396.0769222195994 377.73400005686767
3115 388.96444770312945 383.1762672684531
4860 349.46730093128144 338.24752869965056
4950 348.48718197326593 348.46527107537327
4960 348.46527107537327 348.4031343232281
4980 348.3971704087149 348.33441201331755
4990 348.33441201331755 348.2486911237282
5000 348.20049462147483 348.15507548512727
5010 348.07506486462864 348.0095734754168
5020 348.0095734754168 347.97326646990456
5030 347.97326646990456 347.88187814918535
5050 347.88187814918535 347.7587468509163
5060 347.7587468509163 347.7371120823121
5070 347.7336484616944 347.60004068549193
5090 347.59212732710193 347.4502115889049
5110 347.4502115889049 347.38664434054914
5120 347.38664434054914 347.37339781134057
5130 347.26632995920795 347.2369755943501
5140 347.2369755943501 347.19336342433894
5150 347.19336342433894 347.1004314802402
5160 347.1004314802402 347.01522689684236
5170 347.01522689684236 346.96326702796307
5180 346.96326702796307 346.9558625545659
5190 346.9558625545659 346.905072090703
5200 346.7026189739038 346.6940700139508
5230 346.6429915101136 346.5853139418834
5240 346.5853139418834 346.46439580928075
5260 346.46439580928075 346.23173607039877
5330 345.78820222932893 345.7697363311382
5340 345.7368909401601 345.61761924920523
5350 345.61761924920523 345.4121729965075
5370 345.4121729965075 345.38502913365
5380 345.38502913365 345.28529366416285
5390 345.28529366416285 345.22271090257834
5400 345.1852039445316 345.16582597037416
5410 345.16582597037416 345.16280132328745
5420 345.16280132328745 345.07517033119035
5430 345.07517033119035 344.964347044409
5470 344.5718679471112 344.4449749935255
5480 344.4449749935255 344.4026310525587
5490 344.4026310525587 344.355843048019
7457 331.3671949233977 328.2860843120887
8708 318.32157878755027 225.1196079704306

222 550.9938892536976 534.1761504015815
353 543.264938891051 541.5412848658495
363 541.5412848658495 541.2236774689683
564 491.1944653275292 485.052732670292
594 485.052732670292 480.1567500600469
604 480.1567500600469 476.7391563518944
624 476.7391563518944 467.41368920048785
644 467.41368920048785 463.9143158789554
1259 445.9823991455018 440.53443775532776
2802 407.64849234272714 396.94776026054797
4043 375.51724300305574 333.6552978838242
5132 370.42679672312664 357.40724629778293
7351 330.1513474583635 305.59068649213293

11 637.6283991760052 616.4028602096827
91 599.3873498352611 598.6548985694342
121 577.1183694066367 574.0227307823791
131 560.9857122548158 525.5028759766494
132 560.9857122548158 532.557012577093
858 459.2177863994696 452.1140818138416
1614 444.0818619549199 408.69176204413907
2421 378.82609332364626 280.4115292326384
3036 362.6468377242659 233.4660210852465
4700 355.1014591566811 339.56123574691344
8958 318.9264194310209 317.29005340096506
9230 317.29005340096506 199.1379517827753

31 616.3675718375043 612.4427341817865
41 605.7546032113826 603.5254950276848
51 603.5254950276848 589.5668971772943
91 577.1702290848198 556.0414841908154
101 556.0414841908154 542.8908349183646
111 542.8908349183646 531.474201630012
131 531.474201630012 522.6288415629392
141 522.6288415629392 515.043917330057
151 508.12755302648566 504.2853053490076
161 502.48897279764736 493.08798707266646
171 499.5074773089249 487.57588777215705
705 479.72369026123397 448.20255380039623
1047 445.60970827205904 415.82194571489447
1048 445.60970827205904 410.7748828550024
3015 373.0451628405062 368.5689837186006
3257 362.46458674833957 259.3611984057847
7111 306.3706038807999 283.59719281706725
7191 300.02725270455755 299.54806200949594

11 530.9100210067013 488.0945898490115
31 598.5851295902169 579.5643584958793
202 538.0698864206222 526.4227726278012
635 471.4425401874322 451.9872855424003
1502 386.2489917156414 382.575537355762
3580 367.8547049603989 342.70223082076774
5456 354.7698831444441 339.249188651588

11 676.9383981646795 584.2136536768198
101 602.4070662749098 601.7454846566517
111 591.9206357451526 587.786849157475
121 584.3888212313077 583.581209807908
142 562.9493902595659 557.1817828212502
262 534.3316255240325 457.9913150253743
263 534.3316255240325 453.50846804926795
293 505.4144136821352 497.49175884543513
918 446.7218349644515 442.64540725183576
2027 418.51415445534747 411.35729782132694
2965 400.6627724062002 380.77115872567845
4579 386.0074476372547 375.78793727757676
6021 363.25970610250283 349.01226867194015
6101 334.0328711058535 193.27080348385434

11 575.4047832084476 545.962036603178
131 538.9658371911999 506.75512546628755
132 538.9658371911999 493.23694613010207
394 480.3444710181178 351.9315027507708
1201 453.9812131954589 441.58270398403624
2078 417.1025453938305 413.38771943903606
3177 392.9409478375171 391.44426764088985
3721 377.1051501123827 359.52932293819316
5264 338.03464431275154 322.55611720423246
7665 306.6845152857246 299.66063752603867
7745 299.7968527952931 187.18131088672644
7755 299.66063752603867 299.6429347949426
8420 290.94719473620813 260.9319391761697

11 579.9698448726298 514.6169669284919
21 578.2974921983542 572.8728290658073
232 516.8596778601343 489.9418851566667
655 460.75168598503336 448.55816842029174
886 445.69383494657006 432.6641011909445
887 445.69383494657006 427.5996110112915
2158 380.7800389624029 343.7511685786696
2591 370.45736402824303 249.29625034531963
3579 360.2656007180702 360.2479526708099
6414 312.6978709895129 297.2459639098735
8401 292.3403549906045 257.69762101204105
10620 281.12751688912044 264.4430225661863
11477 266.2480253230159 163.76240852402225

