pass_rich_deceptive10_step1_poor1rich9
eval_cnt worst_rich_fitness new_rich_fitness
41 -0.06899902961865798 -0.15831257634148138
272 -0.11726338953039338 -0.23623586812848837
273 -0.11726338953039338 -0.23663935281611745
504 -0.13946320169104467 -0.21231005191340643
505 -0.13946320169104467 -0.20410163136781204
625 -0.16993565518232426 -0.17424328701057182
626 -0.16993565518232426 -0.17441124104629713
1745 -0.19467735273775005 -0.2316821634861387
2210 -0.19501880107080902 -0.23513675676376292
2552 -0.22268521565869803 -0.2372923638437521
2553 -0.22268521565869803 -0.24836210109155568
3319 -0.22784339188343986 -0.26225914510954407
3661 -0.23703248078629005 -0.2775610534433514
3662 -0.23703248078629005 -0.2672516655962867
5518 -0.25769136118640484 -0.3934105792425803
7657 -0.2640063030190237 -0.30792390478146503
10209 -0.27302898931060765 -0.32827527327074485
11278 -0.34444954711523607 -0.35770543381670533
24951 -0.3659308057414741 -0.3814650923558884
25627 -0.3669927302458028 -0.378048351794949
27493 -0.3814650923558884 -0.4339376080447222
48613 -0.42607440345822484 -0.42994678724020996
77957 -0.45037594647983537 -0.4512131544826974

51 -0.06295659175089548 -0.25529360102183674
928 -0.19058982725426785 -0.19676861502150622
1311 -0.22242790989352043 -0.37081206580930226
1764 -0.2626625104735125 -0.2732891728217913
2118 -0.26286349479272525 -0.2876373203462275
2501 -0.2760686660871769 -0.2883808837710517
3015 -0.28141391343703165 -0.43423755336730296
3801 -0.29238849759688135 -0.39861874940477227
3802 -0.29238849759688135 -0.40949554001462085
10108 -0.3208931634199538 -0.34539371367584526
12065 -0.3212144636846772 -0.3218076877397573
13709 -0.360797330680078 -0.40724893929403944
29561 -0.41872931179135514 -0.42398272045471225
30650 -0.42273901462071256 -0.4664815268782924
33505 -0.42398272045471225 -0.4485899092399468
61265 -0.43658578386945807 -0.46667426787045374
61991 -0.4518778770234609 -0.5092963258863135
76158 -0.4727451567060964 -0.50055370761712

71 -0.05782200491921719 -0.0641933801210867
191 -0.10574431134567376 -0.16521176112720573
192 -0.10574431134567376 -0.14907871688554838
312 -0.15468023803644151 -0.15612256463374374
423 -0.16593559979734412 -0.19374521489857802
424 -0.16593559979734412 -0.17421266350302494
766 -0.19746490325060312 -0.21127131148329892
988 -0.1984853668433589 -0.23542311446880962
1644 -0.199716525810063 -0.21103174361162327
4206 -0.24494399176128046 -0.2646744291696476
4338 -0.24515109486278464 -0.30902040201564035
5296 -0.24764491141178022 -0.2511096819813672
6638 -0.25766156344632885 -0.2719641266070008
8313 -0.2711896059604916 -0.3280835120223894
8454 -0.2796963667584825 -0.2816351049916607
9705 -0.28110335001313463 -0.29550491181879696
10663 -0.305418192830709 -0.33237334669577423
11066 -0.3104165798229524 -0.4181107022736275
11519 -0.31161828979242084 -0.3255240378787894
11520 -0.31161828979242084 -0.35142150818667356
14829 -0.3353925211074368 -0.34482115954200865
17230 -0.3428296807013313 -0.3616191341436066
43678 -0.38399708137978694 -0.41388468674222434
63607 -0.38814849131554713 -0.4564923121824873
86997 -0.3935073654780415 -0.4218319938947409

111 -0.11723999099477302 -0.2824470748341782
112 -0.11723999099477302 -0.25447155558266904
676 -0.17511027306313015 -0.22695573327294075
677 -0.17511027306313015 -0.2358984107033797
1685 -0.1890846405903853 -0.2101311990144196
2906 -0.19003828919710947 -0.27143056544500366
2907 -0.19003828919710947 -0.20713304404758323
4319 -0.22501959048236733 -0.28457565233067633
7759 -0.26964763991358676 -0.3233601083523012
9181 -0.2820988718880788 -0.35045128905127404
10946 -0.3006921463198412 -0.32508953113787414
11077 -0.32508953113787414 -0.32915979892479746
11087 -0.32654982138146244 -0.3480647837400302
11803 -0.329979068633312 -0.500318409872899
12711 -0.3347811151084142 -0.532366978312678
14214 -0.33889450914115904 -0.34134647816062
43972 -0.48134315124023364 -0.48358686110792326
87453 -0.4999028575291731 -0.5223551587085128

11 -0.08660619378904788 -0.2283140409499359
131 -0.10373747895359696 -0.1701819259587087
132 -0.10373747895359696 -0.16933984793262344
313 -0.15028605658087565 -0.16244960210726395
474 -0.17784800717394963 -0.1880195316839132
1028 -0.1857647268953896 -0.18935502255126502
2369 -0.1972746948507047 -0.25452033023332293
2481 -0.19727905465967022 -0.20710803249149937
3822 -0.23813852701279814 -0.2761129892850743
4014 -0.23814418477319382 -0.2687918544162535
5799 -0.2526655650960608 -0.32001495629238647
5800 -0.2526655650960608 -0.29586258726347214
15850 -0.29649009642159824 -0.318931443469037
21601 -0.3090869041567043 -0.3347725092060949
33921 -0.331787190958994 -0.34336886158752955
35232 -0.34336886158752955 -0.36369147613761527
35242 -0.3438840117544806 -0.35901209275118606
36362 -0.35743342093405756 -0.38598287865475983
38904 -0.3782543802209735 -0.42792168474806663
40568 -0.3797712450797356 -0.39926845356580987
63312 -0.44682069439860117 -0.4797959641223039

11 -0.08196124480838053 -0.16815988088779113
51 -0.08196124480838053 -0.08330142350892727
131 -0.10079077008577446 -0.14360056674487856
132 -0.10079077008577446 -0.13422407278636925
242 -0.11942944700841891 -0.130066135707671
695 -0.190990241001761 -0.19588930574493352
1694 -0.19757864943858686 -0.20299439283050166
2149 -0.20043199488865723 -0.20114934573098703
3269 -0.22797384327465042 -0.24120775399036234
3460 -0.2299426955928828 -0.23078410006522884
4933 -0.23813804440072697 -0.24681361624962514
6275 -0.2507009078616796 -0.2756337116751888
7838 -0.2574669532837927 -0.2890791735346825
8272 -0.2574996544759903 -0.2655518744501854
9058 -0.28136462032476356 -0.2825680485406437
11026 -0.2835663276320327 -0.29292686885480435
12912 -0.2930876071920381 -0.3050176967275308
16413 -0.3455413668218009 -0.3514809496987793
20045 -0.37168129762970753 -0.37893224925954105
22678 -0.37806315058985035 -0.40176508486923745
48460 -0.41108122096268773 -0.4181300295695294
75543 -0.41173422470733084 -0.47235987194256596
76350 -0.4448444068294798 -0.49411109267037134
77147 -0.44936232518578223 -0.6199026031933729
77873 -0.47519358600588113 -0.5113706734216035

11 -0.053794222128179935 -0.12823997963771214
91 -0.08247493888075057 -0.29351641838306514
322 -0.15498487649068654 -0.17400605887732495
323 -0.15498487649068654 -0.17647927560620813
343 -0.16220604320955392 -0.1656871745070425
1351 -0.18281323577405528 -0.18384823322510674
1463 -0.18383944879666314 -0.20416250068123135
2139 -0.2229912818631237 -0.24173187303744892
4328 -0.2979847045350523 -0.3082495516282085
7607 -0.30724928500730414 -0.30942088830439646
11663 -0.32418978019892913 -0.3424201737525246
13317 -0.36187854328858654 -0.3749767795253898
39926 -0.38646847356938036 -0.3880033452058137
65466 -0.425470879239196 -0.4714522773448198
86515 -0.44427802037761577 -0.4482075358655389
89824 -0.4482075358655389 -0.469264959416537

131 -0.1018944986369548 -0.21761321387922072
132 -0.1018944986369548 -0.20150038990176158
252 -0.1565143561422243 -0.18365019857855322
253 -0.1565143561422243 -0.19713392889106504
706 -0.20845699663997003 -0.25887810517253246
707 -0.20845699663997003 -0.2589843728121264
2825 -0.22799327397221678 -0.2589812854497009
2826 -0.22799327397221678 -0.26133304982372146
3441 -0.239898090480653 -0.24959058334187886
4217 -0.24842082334265622 -0.25844038211826986
4448 -0.2631888787445351 -0.2890864222456022
4449 -0.2631888787445351 -0.2744519377914758
5962 -0.2649710220629991 -0.3366030131835673
6193 -0.2736410924410758 -0.316143100453478
6194 -0.2736410924410758 -0.3110732759817988
9120 -0.28089208101982305 -0.3376095492321729
12066 -0.3058532539988218 -0.3468860904262685
15153 -0.3240056769518171 -0.3468189478739969
17029 -0.3504288655148651 -0.38661452351158293
17856 -0.3578197436562807 -0.5368153329617343
28300 -0.39732448059969605 -0.475414506491208
68048 -0.47151294629799057 -0.5371032282638172

656 -0.16304115806612052 -0.16792364665087806
887 -0.1902831666901944 -0.19914501881961194
888 -0.1902831666901944 -0.20261334923368543
1412 -0.20501563198510603 -0.23402596103956286
2895 -0.20590014887048816 -0.222087016054609
4640 -0.21404420216909317 -0.21801119127268054
5426 -0.24605630804897713 -0.25317763192539816
5770 -0.246389001971469 -0.2780720617022339
8110 -0.2839480815234965 -0.3171598172565558
8322 -0.2842116269731217 -0.3265796758062542
9613 -0.3025777643306287 -0.3117112103500253
11217 -0.3071501788563904 -0.310210134726777
14607 -0.31621214587821683 -0.3292441819321176
22336 -0.3881784171467612 -0.3925697936126644
26331 -0.4085696447387213 -0.4277279684250393
56593 -0.46449010680564334 -0.47119691827863974

11 -0.1413213123046351 -0.1624014971483603
131 -0.1378467757336725 -0.14829186964495725
132 -0.1378467757336725 -0.13960489123808972
192 -0.1497705404210439 -0.23508053401066503
867 -0.16070926642637337 -0.25139312770212413
868 -0.16070926642637337 -0.23492127732161017
1099 -0.1705674024330674 -0.22991681079679763
1100 -0.1705674024330674 -0.2311803381802535
1331 -0.17077931529633927 -0.1861859051855709
1332 -0.17077931529633927 -0.18657587099399775
2986 -0.2429986198767837 -0.2607221018900757
3439 -0.25865423497258305 -0.2616893809634519
3440 -0.25865423497258305 -0.2642775599889336
4196 -0.28078552775312104 -0.3677094809507213
4619 -0.3152224840784355 -0.4546474661785855
18271 -0.34766612578724354 -0.360621239281815
21025 -0.3563035609630589 -0.38710687408916106
31115 -0.3594814663474931 -0.41665059269405513
43133 -0.36115844953860193 -0.38215325675382666
45988 -0.36889909045071123 -0.383674887537139
53768 -0.41256937011339645 -0.413598076878618
57360 -0.41645589777647557 -0.4212394980352776
85140 -0.4469315315108336 -0.44995017033078605

92 -0.08293530072182444 -0.08846068582115936
212 -0.1252736818545695 -0.14215137952846366
213 -0.1252736818545695 -0.12985170613782612
777 -0.1474865508495358 -0.21896614020170188
778 -0.1474865508495358 -0.2228347817594316
929 -0.17417863468581246 -0.34198929442986226
1403 -0.17926946602234803 -0.18995680713632487
3340 -0.2308717740915887 -0.25227103916639776
3582 -0.23709876571226712 -0.35041591020261204
4984 -0.23739885002388547 -0.2518270474145608
5649 -0.24672919579643143 -0.42252291544738413
5931 -0.32924533786786647 -0.46867252590703273
8766 -0.34189515901484896 -0.4247235747624111
10521 -0.3634063059188268 -0.3816976952165789
10601 -0.386622904048853 -0.5017389583701909
10903 -0.3954099296372753 -0.4805558672331465
12900 -0.4013266971285487 -0.4082064454959824
16179 -0.4849320929088487 -0.4922583912377536
78682 -0.5018954534283372 -0.5940029439956592

81 -0.062339087446292435 -0.0681939221503736
91 -0.07172023570873073 -0.0830707753907972
121 -0.0830707753907972 -0.08563918962077376
141 -0.08563918962077376 -0.09666991722011874
151 -0.09643678318271469 -0.09874615524691464
161 -0.09874615524691464 -0.09875665182268975
171 -0.09875665182268975 -0.10843049268622998
221 -0.10912637885654404 -0.11859433512071196
341 -0.11870457201703753 -0.13388278750743654
342 -0.11870457201703753 -0.12433443492509336
654 -0.1806273132767659 -0.35465544821534056
774 -0.1851814981916457 -0.21962175108357823
775 -0.1851814981916457 -0.21545716432208276
1259 -0.23216710952864605 -0.2326892734998049
1712 -0.23490884496629996 -0.24274622389207834
1713 -0.23490884496629996 -0.2519183254439188
2721 -0.24339532540763983 -0.2499947308675137
3791 -0.24356073914230975 -0.28503468780247937
4244 -0.24826456876109032 -0.28863274901627484
4245 -0.24826456876109032 -0.2710606286213684
5697 -0.28455187356035805 -0.3113331874177513
6828 -0.28499081909255625 -0.3480468962440914
10490 -0.28839074298272793 -0.29181030894555865
13032 -0.3129112824676692 -0.32455845431711494
16039 -0.3188352424821937 -0.3299676608302735
17633 -0.3476880026840322 -0.3653531546564758
21669 -0.37437731706119665 -0.39446722621890024
27854 -0.37757091872650445 -0.40312586307378884
55200 -0.4057378898142803 -0.4224964835413485
56854 -0.44791587920731835 -0.5129411332039927
87187 -0.4669482576447742 -0.4978355504207407

152 -0.1004641776114712 -0.10592563394788923
162 -0.1121246046477316 -0.11816674555541336
807 -0.16577058180951687 -0.18960055234558304
1371 -0.1992543073571651 -0.23331311532653098
1372 -0.1992543073571651 -0.23466401322673802
1684 -0.24261215944453643 -0.2486295022234357
2360 -0.2610012728316869 -0.2629765157875703
4357 -0.26332680830549604 -0.278714141330746
6092 -0.3239706221570246 -0.3920565054817122
13135 -0.3615498124024189 -0.3891298372750143
13851 -0.37050921000692894 -0.3916715262010623
39945 -0.3845338436949302 -0.38696623446062267
41217 -0.3845338461053134 -0.4473103501874451
69077 -0.4445652104609927 -0.4674238747383859

242 -0.08808756923633912 -0.17321443521822155
243 -0.08808756923633912 -0.1726402572299998
363 -0.11781878609158808 -0.20337594010481208
364 -0.11781878609158808 -0.2184405464829519
565 -0.1417158496895374 -0.14288473073276461
907 -0.16490210635962566 -0.17807914836586444
908 -0.16490210635962566 -0.20273194285596535
1805 -0.20013672156567594 -0.21408289825345378
1826 -0.2003630420116148 -0.33415797817524234
2723 -0.20836971679583396 -0.22728961550127078
3389 -0.20839007131258871 -0.25269348404393743
3793 -0.20839439435667131 -0.21106372460147457
3913 -0.23068343069551267 -0.2981390113349068
3914 -0.23068343069551267 -0.29871592076842396
5367 -0.24039709942321152 -0.26945828126004867
5962 -0.25674878689575054 -0.26867384196166477
6970 -0.2729699577817876 -0.2927660692508516
6971 -0.2729699577817876 -0.3536002495768903
7354 -0.29729740617739836 -0.4391387435465615
12066 -0.325104200496884 -0.3627251225232413
14366 -0.3364190810338387 -0.39445684723876373
22589 -0.3501701581409878 -0.35218575561441584
27564 -0.35022688505139604 -0.37361190824139845
30722 -0.3790016834655381 -0.5150063504202474
38855 -0.40225878263138615 -0.4187210066189523
59823 -0.4089371533139399 -0.4409644218917123
62991 -0.4124573971196876 -0.5614339494864796
93929 -0.5272295863660776 -0.5620942510813149

72 -0.10521506197419359 -0.10568558044493628
82 -0.10779893452468932 -0.11641958818308676
202 -0.12624553121360163 -0.12806686731785108
313 -0.1263031000167825 -0.12764083215754768
324 -0.1263031000167825 -0.15794987214979042
555 -0.154850909524557 -0.1703123798638066
556 -0.154850909524557 -0.16508828492192715
767 -0.19644759541776827 -0.19728596506114718
2886 -0.20588475552218233 -0.2700175995609146
3350 -0.21486284797612762 -0.2374369497366612
4298 -0.2200050381145984 -0.22539863895093207
5740 -0.2596214318872692 -0.27814729233470514
7394 -0.3004053989280976 -0.3279402479313436
12469 -0.30113312272967824 -0.3012210854058673
15909 -0.33790729782896806 -0.3804502658209726
20520 -0.34798666046136206 -0.4095882563279521
24909 -0.3583061894326086 -0.3680007452159122
49651 -0.40369781055281784 -0.44902229361893686
55372 -0.4041245927050603 -0.41086143903857947
61345 -0.4281959279793679 -0.4305107737172632
69427 -0.4777822282845853 -0.49791175168203605
96843 -0.4881507733578643 -0.5270389283007785

11 -0.05210387931934896 -0.2646981661505094
131 -0.09401315560288312 -0.09957342774974225
132 -0.09401315560288312 -0.10858437938306113
162 -0.10960298246182752 -0.11344253871928868
504 -0.17062151376160514 -0.1782491475853196
505 -0.17062151376160514 -0.20747841786940963
1291 -0.21207580807849907 -0.27559040392062756
1292 -0.21207580807849907 -0.22067895480421945
1372 -0.2227127462158121 -0.4733706938197727
1714 -0.23284820633554587 -0.2964734894663855
1715 -0.23284820633554587 -0.2906946921552837
3440 -0.3096727421534152 -0.31310823270386884
5760 -0.31759742234319105 -0.3354740631299077
20401 -0.3503316761941071 -0.35644033912925155
31985 -0.37847040400916665 -0.38526659674270347
34406 -0.38526659674270347 -0.4514686978605726
52115 -0.41228690073119 -0.4405284640549294
76393 -0.43449464126213166 -0.4852150458795274

11 -0.0844110027547681 -0.14529071794307327
21 -0.0844110027547681 -0.09489445041586002
141 -0.12014879528078484 -0.18797360433902385
142 -0.12014879528078484 -0.17765069143258008
152 -0.12464331889326082 -0.1310796513841343
383 -0.18019235129384 -0.20300965042937633
575 -0.18054038366084876 -0.19648877585763602
695 -0.20769195999141504 -0.30618986377317586
696 -0.20769195999141504 -0.3047126558937343
1513 -0.23985310813656055 -0.25691126135038106
2955 -0.27489277791333894 -0.3051831855390989
4276 -0.2789372271799357 -0.2798382215074325
8372 -0.2893895831802628 -0.2952163440669902
9895 -0.3059441783232105 -0.4519659942333062
11105 -0.30752128677052315 -0.31615897424772915
14697 -0.32354463598537936 -0.3597147345703564
17875 -0.3717117577166105 -0.3741719323864897
43203 -0.3755248652022583 -0.3806375169080388
43646 -0.3854654325348318 -0.540479107659645
44332 -0.4277218843835396 -0.49888058568741
45956 -0.4297824402076135 -0.43386182125722295
71163 -0.4456406672822473 -0.5195099442232526

131 -0.07064908583718654 -0.11150197655992644
132 -0.07064908583718654 -0.10122757082625201
363 -0.11359108077598687 -0.19624695398416406
364 -0.11359108077598687 -0.19456430954077197
484 -0.14533621579675132 -0.15704180886916266
485 -0.14533621579675132 -0.15756253697860031
1382 -0.1922585004297272 -0.25718922037538494
1383 -0.1922585004297272 -0.22302521782698945
1947 -0.2119065301622927 -0.3303330198009528
1948 -0.2119065301622927 -0.3049950791644079
3723 -0.2268549608031986 -0.22808516883720445
5428 -0.2416212894956086 -0.25281395754614144
7970 -0.25561643160061875 -0.2621026244656445
12793 -0.3593962254886615 -0.5083184000534021
14094 -0.3598574683382968 -0.3801731671088558
33054 -0.37516863581880305 -0.4488071895035318
41116 -0.3797921358366 -0.4174844419644215
69461 -0.41507889905907813 -0.4277183117807454
95616 -0.42065036453554694 -0.42621156973395913

41 -0.04362756293435953 -0.04425287441683469
51 -0.048895248431515055 -0.05130529387445721
282 -0.08759126807500675 -0.0903251695295868
393 -0.09011717591937572 -0.15293211607731638
394 -0.09011717591937572 -0.15020429903930643
514 -0.12438896208351428 -0.23999294756035788
515 -0.12438896208351428 -0.25131748649371044
1130 -0.1327534435546489 -0.1455022607678346
1472 -0.13512131418043585 -0.1369457578570374
1583 -0.13517030730222995 -0.28881941796572635
1584 -0.13517030730222995 -0.2750905309389229
1654 -0.16129090251767614 -0.33156874568770817
2330 -0.18576756030873892 -0.18918893664763134
2672 -0.21101059482118864 -0.2120372247582148
4004 -0.21194865051080075 -0.22137116170825719
4105 -0.21196462914819728 -0.30775714599441856
4548 -0.2381094274236475 -0.4314648310219853
7121 -0.2549726173717379 -0.27710329583046966
7907 -0.25540393694107877 -0.2713468389367648
7908 -0.25540393694107877 -0.28284163557626313
15738 -0.3082176918347167 -0.3916875336950351
16868 -0.3224405752430408 -0.4507488202571499
20369 -0.33017862750914256 -0.34677949820656867
21206 -0.36781055234292914 -0.45912916399536413
40055 -0.3810853500726893 -0.3989202522123784
63082 -0.4239227416530868 -0.4566650490908675
89832 -0.4581287519882986 -0.4663479361280824

11 -0.022095887232953963 -0.0670553699256226
81 -0.08006188250092468 -0.08259402168459866
101 -0.08259402168459866 -0.08777598045714123
111 -0.08777598045714123 -0.09978905206627019
564 -0.17189796260196072 -0.19448470281971045
1553 -0.17867699855528224 -0.19486372125910453
2339 -0.18649551430149475 -0.27982915685413984
2340 -0.18649551430149475 -0.27775542411454635
3046 -0.20742463961334986 -0.22438569395084704
4095 -0.22363087767674134 -0.2756809779039033
5830 -0.256783891827123 -0.3004254274049711
6495 -0.26677390084934927 -0.38086959606576626
8381 -0.30360937565567514 -0.3114009747878352
10550 -0.3319197189437174 -0.35349993450780753
11982 -0.3386333968521528 -0.44456959543150065
22486 -0.34922043501341565 -0.3526489094311048
44312 -0.3580792917624754 -0.3607965496341574
69317 -0.4106077054184659 -0.4412411949878445
70830 -0.41289145969094904 -0.41424984002298343
95784 -0.4467619596209498 -0.48991055704587366

101 -0.07146704964811151 -0.07226959640073992
111 -0.07226959640073992 -0.07267005379239556
332 -0.14982957881153094 -0.16895954821476855
333 -0.14982957881153094 -0.15521085694996445
564 -0.16865149763040627 -0.2379724846357174
565 -0.16865149763040627 -0.2019638516096738
907 -0.22559672837044079 -0.25133325720784333
908 -0.22559672837044079 -0.24928819985363979
2582 -0.2510566893879737 -0.26056047578536484
4681 -0.2516266212602214 -0.3114372817612611
7829 -0.2713036799560411 -0.28663709644503105
8010 -0.2820766196182256 -0.5052201428263399
12621 -0.2878460913207736 -0.37368092103827155
14820 -0.35832538309137485 -0.36616862756532054
21237 -0.37505019673824946 -0.3846627909551359
43891 -0.38869592546662407 -0.42066755397522065
45081 -0.39672804690918556 -0.41640724172379523
69440 -0.4073339987602899 -0.4386266122233519
95010 -0.4635702310349406 -0.4920462074920901

21 -0.05023078398042034 -0.18925014652056676
22 -0.05023078398042034 -0.16559909750750795
193 -0.1311931560336577 -0.1403411519142868
203 -0.1405148765910275 -0.16607736001682444
767 -0.19003966179367188 -0.3814458134408984
768 -0.19003966179367188 -0.34096720167705313
1151 -0.20542005320701506 -0.21438803072312645
3229 -0.2561802075180216 -0.30060196604080913
4126 -0.2849206309899143 -0.35591956991587764
4127 -0.2849206309899143 -0.3205264986815043
7567 -0.3027838443267355 -0.33297726456402005
8424 -0.31635035932498073 -0.3258673486552029
11915 -0.3198925089098061 -0.32487760638008406
25789 -0.35568101484954573 -0.3647225691253859
28785 -0.3647225691253859 -0.3838575177460983
29430 -0.3691356797889882 -0.37626492099228426
65515 -0.5146250855121205 -0.5249041508933358

11 -0.1153465022370354 -0.14696976554510363
81 -0.0793410871520419 -0.09430549857057277
201 -0.09826913436261783 -0.19705758915386723
202 -0.09826913436261783 -0.17813730819292858
322 -0.10585516143657281 -0.13002682266587018
323 -0.10585516143657281 -0.12681814929505497
998 -0.16617692401420397 -0.25087610681374756
999 -0.16617692401420397 -0.21433593708313678
1674 -0.18753498044465486 -0.3491849693405188
1675 -0.18753498044465486 -0.316996649186425
2774 -0.19508684799965761 -0.44168843789860573
3449 -0.2313239466897019 -0.3114469640487505
3450 -0.2313239466897019 -0.2992335998842914
4902 -0.2533260762141962 -0.26566702881059123
5397 -0.2533881031493265 -0.27892434163466223
5739 -0.26290191532813667 -0.27008253313761305
5850 -0.262909525854335 -0.27949596234114077
5851 -0.262909525854335 -0.3075331105235807
7808 -0.300484542864437 -0.30544215495648425
10239 -0.3027774766386419 -0.3371403590491305
13669 -0.34213023955702504 -0.350172802832515
16756 -0.36021897143903897 -0.386119478664849
35131 -0.3918817804807103 -0.40146574001716867
63143 -0.441677395757723 -0.506566830204959
94848 -0.47119200085021423 -0.47988723414464385

11 -0.16079390485159792 -0.17829395770140719
131 -0.09226188551099566 -0.1271009413266984
132 -0.09226188551099566 -0.1327409353606023
585 -0.1387021210996375 -0.21604195373810067
586 -0.1387021210996375 -0.20773055227707884
817 -0.22351950215363028 -0.23944842411744152
818 -0.22351950215363028 -0.23707112369780245
1049 -0.2420572293878752 -0.2950340878077793
1050 -0.2420572293878752 -0.2974383911769932
2008 -0.2630446980643887 -0.27832400164082216
3612 -0.26525024786497664 -0.26805982531133576
6447 -0.2692222131941328 -0.3077767121194294
7395 -0.29408779419188436 -0.2957367641185644
14155 -0.30503029738416887 -0.35984397839023463
14326 -0.35984397839023463 -0.4992681714867509
20239 -0.37786093001477994 -0.4475733069382281
26757 -0.3963783343378611 -0.4399605693404618
56323 -0.43487579355560135 -0.46302729352375943
84143 -0.44392563242063815 -0.4491762151329661

273 -0.09988142098468246 -0.10043568941349254
283 -0.10054805101954423 -0.10438695703436036
293 -0.10917422491521274 -0.11748729229926716
413 -0.1743348366825595 -0.24803499612821395
414 -0.1743348366825595 -0.2212707805349327
534 -0.19701875368248997 -0.2067376514034947
535 -0.19701875368248997 -0.2260656721390703
1614 -0.23771175057253704 -0.2932501083918388
2511 -0.24663925272192622 -0.2742005081104208
2512 -0.24663925272192622 -0.2742485909753628
3722 -0.2810441128829281 -0.28397396548036846
3752 -0.28397396548036846 -0.49170055391533357
4750 -0.2925021044353706 -0.3268467612824007
7413 -0.32360258317663126 -0.3244877444297129
7977 -0.32977250243382966 -0.3333870680351647
12478 -0.3298876847693275 -0.34223761781167517
34859 -0.3683562842395254 -0.3741703742085194
37926 -0.37482331742581004 -0.385377983710016
38924 -0.37929018639497053 -0.4215036238630194
70205 -0.43621405779226347 -0.44725439182078497
98742 -0.45294436655333337 -0.46270723781790446

11 -0.08627700072647716 -0.14177071646165218
21 -0.0904547954464813 -0.09751770423304679
141 -0.11318568840285799 -0.16626361769431777
142 -0.11318568840285799 -0.15117285508637154
262 -0.14172400960190454 -0.25223745074516135
263 -0.14172400960190454 -0.2190379438054949
737 -0.1771204109410034 -0.2209711688179157
2462 -0.19587057667578409 -0.19813984563464215
3037 -0.22421197289998346 -0.2318500853063224
4288 -0.2575206935689079 -0.2958780081017313
7184 -0.31206807644679824 -0.3256205584763822
9817 -0.3250363154092394 -0.33628330802027545
11693 -0.33969128210692523 -0.3521134060746589
19341 -0.3467982222417723 -0.3908158284618924
45214 -0.42639473467719163 -0.43944474042556325
47312 -0.4377766323384908 -0.457020140053236
76363 -0.44950011568592835 -0.47055910132447804

21 -0.13638165826391527 -0.16234101651535165
22 -0.13638165826391527 -0.15717667554085926
62 -0.1556376257995128 -0.1566459894772487
254 -0.18761369009344045 -0.19514854123062123
485 -0.19362038423965186 -0.23394746920324783
486 -0.19362038423965186 -0.24595288360799464
1424 -0.21853145633753132 -0.3114096744065522
3209 -0.2266547836917085 -0.23842502797745088
3210 -0.2266547836917085 -0.26189085589215005
4844 -0.23503186138504198 -0.23945746170565363
5186 -0.31010694216331103 -0.48028515903335545
5187 -0.31010694216331103 -0.4468407114825906
10726 -0.321519390375582 -0.349482822645862
14419 -0.3462782446794984 -0.36201943055949576
40988 -0.3797216406560176 -0.44317372606438715
42531 -0.3929333433232857 -0.46010730169541647
49846 -0.4159676979545959 -0.42460795755953723
77333 -0.42401447390447633 -0.4328242468055762
78140 -0.4394353588959223 -0.4945183246445301

11 -0.1297166746406013 -0.13251323051440927
131 -0.10272009358019984 -0.1548672248567656
132 -0.10272009358019984 -0.13865657059594202
363 -0.12956861585822424 -0.21088903026943004
364 -0.12956861585822424 -0.2107507439109111
484 -0.15817334978202463 -0.21006944726409382
485 -0.15817334978202463 -0.18414237274670925
2270 -0.2198041742126271 -0.2428895474600902
2361 -0.21980417428906004 -0.28791606968898775
3097 -0.22725549824852218 -0.28827602138633523
4681 -0.23379841598096732 -0.24181578885119084
5034 -0.24381333116240686 -0.24596992636306436
6819 -0.26930762909837586 -0.292836724116325
6820 -0.26930762909837586 -0.2928111474910735
8696 -0.2723799983184328 -0.29420548370090466
8968 -0.2789775592157969 -0.4432757653486687
10824 -0.28078582186714546 -0.39637315188261213
15657 -0.29141751498045587 -0.3206038554229784
20096 -0.32231521785349265 -0.35024134360242387
22497 -0.3266720979015266 -0.37085775294550066
24030 -0.34963116192022603 -0.40686335585980066
49882 -0.41104936959313576 -0.5122271787840929
63736 -0.4409964836069122 -0.4916441914017458

242 -0.1418690342884221 -0.14615327693043
848 -0.17435832879863392 -0.2316735173404861
1433 -0.18986053927462015 -0.19141428230242766
2664 -0.19723764398467017 -0.2793337595086074
3380 -0.2061039557813033 -0.20983172376256184
5721 -0.2595121015299223 -0.29827894111768655
7446 -0.26048827233202165 -0.33719619092167175
10362 -0.30018631714970767 -0.3304175889121732
10745 -0.3121165929409516 -0.3208853636237211
13176 -0.34141475626564366 -0.3921448224131118
19381 -0.3593418493481062 -0.3643195883933296
29976 -0.37818800118809387 -0.40719402635310464
42236 -0.4211838179744651 -0.426252761352709
59521 -0.43462474089275893 -0.45646666280800535
60469 -0.4430291571519285 -0.5180448372407591
61346 -0.45646666280800535 -0.6237936531932947
86199 -0.47018441185224136 -0.487472018015006

132 -0.11791035011145047 -0.126716582481096
495 -0.17228070589887487 -0.3304456930249444
1726 -0.23853506728237173 -0.26996588114272496
2139 -0.2774779150399402 -0.2946478888401208
4237 -0.2918144594241321 -0.32146930447099503
6386 -0.302364076780181 -0.319094862918935
21986 -0.38952076213695286 -0.3920435960353729
39937 -0.4235164448889288 -0.4468976855900356
67555 -0.43096714015252074 -0.505070989771037
93428 -0.4381330965679402 -0.4518591689461602

182 -0.09891605757665084 -0.10409166093213504
302 -0.11736047098969302 -0.12906059900821715
303 -0.11736047098969302 -0.1255193393818542
423 -0.1332469761526279 -0.1600323773229441
424 -0.1332469761526279 -0.15092618565167437
766 -0.15430007294181033 -0.19084454670926226
767 -0.15430007294181033 -0.16824020036009502
877 -0.16786199736726126 -0.35878623177600977
1108 -0.1832613030597778 -0.2627215893014745
1109 -0.1832613030597778 -0.2738471028544638
1229 -0.1864836095916755 -0.23858103461979369
1230 -0.1864836095916755 -0.23299332242233708
2460 -0.2254500198454392 -0.28352654960164153
2461 -0.2254500198454392 -0.24703326696319466
3247 -0.24365787925066426 -0.2576168052524258
3248 -0.24365787925066426 -0.25468990276156256
3923 -0.2443599788963573 -0.25510423539769045
3924 -0.2443599788963573 -0.32491176957015644
5598 -0.26397358175316876 -0.3578045345832279
5599 -0.26397358175316876 -0.3758487869307135
6830 -0.27835950203312365 -0.27839493608980814
8383 -0.284514431238498 -0.3759243475348768
20502 -0.33568472668553745 -0.3718485168362085
25254 -0.3522114554264687 -0.36000494115584525
44769 -0.36096854484583024 -0.3689229661467684
47745 -0.3700860485304732 -0.3733090242102262
48047 -0.3743575160228902 -0.5211553974636539
48057 -0.3974447583786973 -0.4242571001963005
76150 -0.4472533040749335 -0.5143000089392177

737 -0.18422525010730348 -0.1968032275052845
1745 -0.21113047836616225 -0.21921060630025924
2664 -0.2112541837279507 -0.22501095299278676
4187 -0.24578287358552148 -0.2613529301834079
4529 -0.2499093270681702 -0.28623139966892375
4530 -0.2499093270681702 -0.28900592065679004
5397 -0.26485882603054817 -0.2934948412177526
9473 -0.29404276319008205 -0.29547024341112477
9644 -0.29547024341112477 -0.5401068575268899
10743 -0.33661202919131294 -0.3422192890930607
13073 -0.377239646593963 -0.3850692396453926
15524 -0.38665363176129663 -0.5000417432740956
19298 -0.3877006553985957 -0.3991881337458579
37170 -0.3922641959257397 -0.4027096728019156
62054 -0.39375959636982866 -0.41103542665723575
69581 -0.40525750152772794 -0.40624754411114705
95403 -0.41537024455618543 -0.4609423712366025
95988 -0.4235066828713897 -0.4984224886278972

222 -0.10680084954910381 -0.1882726350451261
223 -0.10680084954910381 -0.2010836504293122
1009 -0.1744829737201726 -0.23344256671553187
1010 -0.1744829737201726 -0.21191992546911953
2099 -0.25778384264770826 -0.43471088240596845
2613 -0.25984141152999474 -0.5102958576017913
4247 -0.2658587619472828 -0.2679419086224405
8323 -0.2960164918860155 -0.3116078483880545
10532 -0.3246721901979724 -0.354179145912897
11904 -0.3515808431213521 -0.44847862474324457
33488 -0.4133314356255963 -0.4688186194427712
55254 -0.43107164097849593 -0.4826498167464003
75798 -0.4536299684414066 -0.4752196463655019
83710 -0.4537865759447581 -0.4546793136057734

41 -0.05380464529452659 -0.13852896126302006
42 -0.05380464529452659 -0.10522615133260305
162 -0.08913397866286739 -0.2566590448082058
163 -0.08913397866286739 -0.22416031195054478
485 -0.1496690034936681 -0.15696271186371322
1292 -0.16708854752346122 -0.17927197194269318
2966 -0.2156057769657937 -0.22409077613001768
3067 -0.21560577701527892 -0.22008892472267208
4812 -0.2744176315432441 -0.3494452635090394
5356 -0.2777577095477616 -0.38634203228825337
14175 -0.32656436246620885 -0.3993498990548587
17242 -0.3289318990820307 -0.3602980902352196
38584 -0.37128307118455456 -0.3760912373089883
38957 -0.3759194477127256 -0.4616487731765364
49168 -0.38541784909808646 -0.3877992068739077
49682 -0.3877992068739077 -0.397997040165195
50933 -0.38898124215035285 -0.4111249778993158
83324 -0.46364059151922193 -0.4751451278983999

11 -0.0496610742741985 -0.14854397099257474
81 -0.05360436335819175 -0.057360199569770676
91 -0.057360199569770676 -0.05970656979647865
171 -0.0702325962103077 -0.07120996819811916
291 -0.12028678848646075 -0.15595159326877167
292 -0.12028678848646075 -0.1622833755541652
412 -0.12154231886773804 -0.13837872876955706
413 -0.12154231886773804 -0.14275622268921687
755 -0.1264199853044808 -0.14424961310031056
756 -0.1264199853044808 -0.1392322084133302
876 -0.13660224117031639 -0.17050087130087072
877 -0.13660224117031639 -0.17301123303908963
1663 -0.20646161452820952 -0.2742391354712021
1664 -0.20646161452820952 -0.253044237904282
1895 -0.20764150863102493 -0.22289613623466514
1896 -0.20764150863102493 -0.20901757197454754
3682 -0.21832885301600877 -0.2319835209445584
5518 -0.28650269078346813 -0.3082318903459035
8524 -0.29319695851787414 -0.2980067241676606
8595 -0.293196958569425 -0.30633962425454625
11460 -0.3129741705893072 -0.3239635323642944
12902 -0.33389833138786645 -0.3462892904526913
14980 -0.34867925251818077 -0.37502956963576933
16614 -0.353343461481851 -0.3720841990609952
19499 -0.3560648643457241 -0.3900647000118842
33616 -0.36611314093808256 -0.3693570123669658
39387 -0.37064069140767153 -0.41302054928262
63917 -0.42490364577761497 -0.5508240753329003
90829 -0.48034708255614117 -0.49382414079891684

172 -0.12433518662014367 -0.12491657725542851
283 -0.1547161666912757 -0.19535678249726604
284 -0.1547161666912757 -0.21353500889518934
1797 -0.18793461548050241 -0.21269016440523963
3138 -0.20241515994669163 -0.20428237987039885
3249 -0.2024215510012604 -0.26303020332395644
3582 -0.2024382317024772 -0.21713244937456186
3693 -0.2024439999011737 -0.21819940843110203
3694 -0.2024439999011737 -0.2502283863494632
3814 -0.23452951652921872 -0.2657299240289829
3815 -0.23452951652921872 -0.27106606567918096
4490 -0.24860804820156696 -0.3287595673699933
4491 -0.24860804820156696 -0.2758967197610551
6367 -0.2540852662273841 -0.29359272017308163
10756 -0.28504707684742747 -0.30506538253654314
11371 -0.2973226280231201 -0.4982093575138694
12753 -0.3015319131299538 -0.31194129999209197
17223 -0.30717049813827135 -0.32165411865549204
19210 -0.34418849101511173 -0.39891981288957973
27171 -0.3607622848446903 -0.39782270763820243
30823 -0.37907358156043597 -0.40997077921513564
59460 -0.4128356373019802 -0.42740263426772357
85777 -0.42768558965955034 -0.45662196952878775

11 -0.1375418456707611 -0.1638043655988268
91 -0.07222165738502616 -0.07476007535312312
101 -0.07506172330200286 -0.08647268887697036
111 -0.07550389758073024 -0.07627063182812295
453 -0.13261845384843818 -0.16557667555744018
454 -0.13261845384843818 -0.14525258486722925
585 -0.13908263061943243 -0.140098353371186
1038 -0.15698772688327017 -0.24508411948423023
1039 -0.15698772688327017 -0.23533867172670694
1472 -0.18931809340455902 -0.19405690560477962
2511 -0.22870482187025823 -0.2313239455221126
2742 -0.24589962343372937 -0.3285268377698913
2743 -0.24589962343372937 -0.31974065801309004
2924 -0.26771224631672397 -0.268135668246031
6556 -0.27644204282439894 -0.3411894458079046
8755 -0.2781778430293963 -0.31107646036928904
14476 -0.31173126343728635 -0.3458839237536426
17543 -0.31347821546258986 -0.3143944109836614
22103 -0.33356638192593513 -0.3589524561379994
30287 -0.33614449099910404 -0.42279767030572585
32173 -0.3672452662108599 -0.37288367447109655
60175 -0.40930036316062957 -0.4803318442235333
86764 -0.4346076573829534 -0.45157083387494035

121 -0.08826582908325967 -0.08829686513156902
141 -0.08829686513156902 -0.09099734375687706
423 -0.14675439330211515 -0.15816821288209976
463 -0.14988538740429383 -0.14995030342756469
654 -0.18306135723913808 -0.22196380249710315
655 -0.18306135723913808 -0.2212246299966676
1280 -0.20918872440181288 -0.21519470973318924
2208 -0.2559762274111405 -0.3083590410409625
6425 -0.2757388697767595 -0.3392633230928735
9502 -0.27844676369311455 -0.3695006094682551
10177 -0.30069640663978714 -0.30127252572380175
11742 -0.3011573801574066 -0.3195116806715364
16111 -0.32250754436399043 -0.36008552922554515
18310 -0.3258043875591739 -0.4414222442079513
21236 -0.35567219590411125 -0.42331694118785973
39439 -0.3662412666581558 -0.38935163286851643
40276 -0.38935163286851643 -0.3912963010545883
47692 -0.4118835350922434 -0.41356248407306645
49578 -0.44820834105097346 -0.49162816750523053
74956 -0.45068059412311867 -0.4844311077346266

11 -0.033352220727593654 -0.0721192887366842
131 -0.07982467673468564 -0.21345707244168607
132 -0.07982467673468564 -0.18990967097059683
252 -0.09207249996433604 -0.10140754494021884
253 -0.09207249996433604 -0.09735283545714005
484 -0.11438106875690437 -0.13080690865997352
485 -0.11438106875690437 -0.12733464282134777
938 -0.12803190534542483 -0.15065802556399133
939 -0.12803190534542483 -0.14654070534514113
1170 -0.13423974088665164 -0.18400585439504757
1171 -0.13423974088665164 -0.172177607126066
1624 -0.14876122908250314 -0.15384730011654457
1625 -0.14876122908250314 -0.16592243863896247
1856 -0.17679547128593562 -0.27454591524360006
1857 -0.17679547128593562 -0.27966543133507926
2573 -0.19295391447373178 -0.21295283654603755
3137 -0.19386517231394765 -0.25482052028490476
3138 -0.19386517231394765 -0.21656084221284852
4590 -0.20559742221430044 -0.21381572281365444
5398 -0.2056255166271823 -0.2975246998992243
7819 -0.2184691310238232 -0.23458386210489596
8686 -0.24835730942473555 -0.249491662893267
9795 -0.27233312017469313 -0.295029037847679
12630 -0.2926204294362005 -0.30787707828906696
15293 -0.3178673787293741 -0.33501289154911557
32719 -0.34418290125382084 -0.40713915817484886
35049 -0.3655306417787139 -0.43068216829640055
37672 -0.36872019095132014 -0.37535099522624793
56390 -0.400014067741725 -0.4103153268449715
58720 -0.4103153268449715 -0.4286180329670757
67791 -0.4459917885146046 -0.44770399015715845
93734 -0.44828040513704326 -0.5034354011166564

131 -0.09817605084318744 -0.2136297139267363
132 -0.09817605084318744 -0.22612695015099382
474 -0.13389340803900046 -0.15188140506231573
475 -0.13389340803900046 -0.1658504684354955
817 -0.17413186305882278 -0.1814393373406907
818 -0.17413186305882278 -0.18318786833377085
1382 -0.19765668045538043 -0.2257575875848273
1383 -0.19765668045538043 -0.22262953118688728
2169 -0.2347036630707971 -0.23518556129038876
2472 -0.23495199509725193 -0.24433350879374172
2592 -0.23895081212491995 -0.27539602698693566
2593 -0.23895081212491995 -0.27788891129326593
3268 -0.2754245672648044 -0.32678316158957693
3269 -0.2754245672648044 -0.31377930491578704
5226 -0.3060690852836967 -0.33178197743327664
6002 -0.32383234341365535 -0.4851782309769505
9099 -0.3582337855481765 -0.3737469302340605
13306 -0.35931019869650554 -0.36288860636450254
14970 -0.3597278933175903 -0.3858843909838513
23335 -0.37059390975534895 -0.42599943766723775
45857 -0.4003303230325222 -0.4223725577376409
59156 -0.42862745392012064 -0.4350751914054262
86875 -0.43959986671810103 -0.47656667610234776

11 -0.13178196447402019 -0.18157647914976605
353 -0.15666475534159524 -0.15793047621167222
354 -0.15666475534159524 -0.17540438466023384
1029 -0.19449053080353715 -0.23768446067518112
1030 -0.19449053080353715 -0.2202243075693967
1150 -0.2010158248562773 -0.21640644770870396
1151 -0.2010158248562773 -0.21800557705858709
1544 -0.20984708425499282 -0.222713204639677
1997 -0.2330585130412501 -0.30127284957415973
1998 -0.2330585130412501 -0.28237776894296784
2341 -0.23497683466592809 -0.2545429912022873
6629 -0.26970738830450885 -0.3220130451722383
7315 -0.27350579121370033 -0.30247677588450145
8162 -0.2881359264027346 -0.37987075949728794
8262 -0.307609905335644 -0.5214065812083278
11743 -0.32797763895983606 -0.3956393704418517
14285 -0.3376847995266961 -0.4096442146491584
16444 -0.3840935815981229 -0.3968330182107418
43538 -0.408346624536616 -0.4095409278942482
69219 -0.42853926500972284 -0.4793960565316813
94920 -0.44357359592782913 -0.4754121120271526

131 -0.10273919602895834 -0.13528305267115112
132 -0.10273919602895834 -0.13814805624084295
363 -0.12415928499095986 -0.15154315424773754
364 -0.12415928499095986 -0.1700355226560792
484 -0.16866816937297957 -0.22337927059889745
485 -0.16866816937297957 -0.22248449866239586
1483 -0.2088614766261459 -0.35096834628459866
2441 -0.22878526183179615 -0.25531562682894304
3954 -0.2593149256128335 -0.2974037457565052
6385 -0.2616145063377666 -0.2977599949110287
6616 -0.26584560844012556 -0.28888327994366164
6617 -0.26584560844012556 -0.27552749443938485
7474 -0.3099226654203566 -0.3108321349683068
9673 -0.34769532649016477 -0.3672909542953985
14657 -0.3589444200677688 -0.3679580291290324
18128 -0.3890417455361001 -0.4008469618847149
18935 -0.40371298201176536 -0.47119917029812436
20085 -0.41907127019977886 -0.4984082223427495
44262 -0.4572701641415405 -0.45824186869327954
64050 -0.4741046473629997 -0.5078717723812276

11 -0.06258349944783094 -0.13655415195967413
41 -0.07372901818351779 -0.07724216895274488
928 -0.1428733841900999 -0.15191335553236182
1159 -0.18503318612433736 -0.21621004846215275
1160 -0.18503318612433736 -0.21173840341832342
1725 -0.19175929053053808 -0.21998213903325334
4146 -0.22178113985708314 -0.23189760746230162
5154 -0.2228693947537466 -0.2602118362876117
5155 -0.2228693947537466 -0.23648561609383545
5740 -0.23270305009486977 -0.2686068590463615
7647 -0.2680777104995587 -0.26922508618753754
13761 -0.281287210884022 -0.2878600179260859
16849 -0.284384058216253 -0.2928653311755315
35355 -0.3277418245895204 -0.39122847769693064
47413 -0.3409613172517912 -0.341341577780531
50409 -0.35587500466711264 -0.3603502169003825
52205 -0.3573757616725786 -0.3768604574501543
63203 -0.375595732846604 -0.37905210068722495
73204 -0.37566625038476026 -0.42326996067788714
76493 -0.3856477774659297 -0.38695623452135475

202 -0.1290036267724302 -0.13240990154293736
262 -0.13533931865424145 -0.13823321332428679
514 -0.18111997220475715 -0.18201784570998256
745 -0.20472933710992497 -0.21136469054041093
1200 -0.2049788766148585 -0.21696712489215825
3652 -0.3059398355395286 -0.33223690102805475
6275 -0.3169771685850958 -0.3649931401762633
6759 -0.32116018464688095 -0.456373753498561
8756 -0.32312029645451323 -0.3504880050031517
10501 -0.33271622281385355 -0.3602138720689623
13780 -0.3434597770651374 -0.38609474900928326
14274 -0.38609474900928326 -0.38620396205661833
36383 -0.389999366472098 -0.40612175660947386
47725 -0.4105515602496383 -0.46487995391825104
51831 -0.44533848518987823 -0.4527871289637282
53243 -0.44693118693859774 -0.4647065796966236
83001 -0.5191759549486454 -0.5233977520581973
83414 -0.5233977520581973 -0.6798777213806387

41 -0.04727013376922608 -0.051552281952771915
161 -0.069846871861016 -0.1232353619506832
162 -0.069846871861016 -0.11093568678849205
282 -0.12114679085724411 -0.16295176498192324
283 -0.12114679085724411 -0.14132846669847776
1090 -0.15844059746698608 -0.17942401533760427
1543 -0.18770379233836545 -0.2117095665602879
1544 -0.18770379233836545 -0.21981177918015737
1664 -0.23121156471498944 -0.3235010216119361
1665 -0.23121156471498944 -0.3227807125199087
3430 -0.23833587929864122 -0.2390188377711026
4519 -0.27896317998483733 -0.3738485493706149
5638 -0.30051598555487397 -0.3893789775669638
5639 -0.30051598555487397 -0.3560259123893439
19261 -0.3501894277308222 -0.36265323185719034
40229 -0.37600263386423016 -0.3836995679143085
46949 -0.39878851098011225 -0.408561294473024
49390 -0.4095364429084 -0.41238359269311786
72498 -0.44472025798121306 -0.5142053105336275
90812 -0.4567917231261119 -0.5645729248749428

353 -0.14993054137120046 -0.16823409087441252
636 -0.15021042030501533 -0.17346950276858691
1685 -0.2087802425437638 -0.21004695995341413
2472 -0.22377403166241622 -0.23660226141827115
5216 -0.2508081097733993 -0.2559975184758418
5447 -0.25792899299340205 -0.3126855950993313
5448 -0.25792899299340205 -0.3132282614604995
7011 -0.27466005642751073 -0.2903327236652132
7012 -0.27466005642751073 -0.3171110088715056
9564 -0.28064748726529776 -0.32342203819518467
12389 -0.29692246703632025 -0.3350095589085935
23539 -0.3262803615159536 -0.36514483816625143
26071 -0.3518089455247494 -0.3926342411720918
54486 -0.40325010129011907 -0.4072042762257824
57351 -0.41168510408216946 -0.43489250486912523
58238 -0.4314519228806197 -0.579834121133918
58500 -0.43474676859084155 -0.6573422546442274
91366 -0.4432831699681353 -0.45442191731593606

131 -0.0975221598227652 -0.11524794636720587
132 -0.0975221598227652 -0.10712795987182702
585 -0.13764803313286075 -0.19070323127028294
586 -0.13764803313286075 -0.18642494606565174
706 -0.16550199899105236 -0.17635316733184042
707 -0.16550199899105236 -0.17393957064624557
1049 -0.1742413269498842 -0.19640962060248193
1050 -0.1742413269498842 -0.19220000928418077
1130 -0.17462104607407467 -0.17465808466080268
1694 -0.17512009247348248 -0.22301558427835524
1695 -0.17512009247348248 -0.21145482631923285
3349 -0.22450753693333636 -0.22633178859350564
5215 -0.2275711615289286 -0.23579512595648996
11834 -0.33738839637904955 -0.3501298497407412
14699 -0.3649517362925921 -0.3683682492662883
17130 -0.3748859400482889 -0.4656609049439676
42982 -0.4178926231142207 -0.49069191214504065
66241 -0.4388287601859768 -0.44202454073379555
88461 -0.45956649733594396 -0.45994885305357625
91760 -0.47414031347351243 -0.4776688603024381

11 -0.06445617272510766 -0.23646081404836833
131 -0.05532589071595787 -0.17041092896666526
132 -0.05532589071595787 -0.1926258286038258
585 -0.12471821497119988 -0.1300559783083397
727 -0.1269261278971562 -0.1513176101664561
1180 -0.141880148490806 -0.1627138262729728
1181 -0.141880148490806 -0.167812064098146
1988 -0.17129794763251666 -0.18934742204011043
2663 -0.23679419104432428 -0.2566198044835637
2664 -0.23679419104432428 -0.2689936701223839
4389 -0.25583300926053526 -0.2872722848720232
6881 -0.27725626571080253 -0.3007809842960888
10654 -0.2868414725386893 -0.2927897003256679
12217 -0.2897713519331373 -0.293743508512603
13771 -0.2898994741240975 -0.29068220870835254
15073 -0.2900240860456723 -0.29034202512832635
16798 -0.2935773765539451 -0.390364167403868
18109 -0.2971012629662881 -0.31842205757371295
20197 -0.3108091082014571 -0.313838614115683
20772 -0.32109145243093995 -0.623952170910248
47714 -0.42858997485532174 -0.490575918559334
48511 -0.4804867304328641 -0.5466709141191427
48813 -0.490575918559334 -0.6830094957678782

11 -0.08474128802058706 -0.10132333790985945
242 -0.1185959481125229 -0.20383547137356492
243 -0.1185959481125229 -0.211721171433411
545 -0.14373057852800986 -0.1465867823756918
1301 -0.1719420480901752 -0.19081663155223977
1643 -0.2278109179205915 -0.25582119650943486
1644 -0.2278109179205915 -0.24300528559519363
2219 -0.25264855889537324 -0.26040343049542974
2783 -0.26309898991930236 -0.26387360338734467
4549 -0.2638384378393421 -0.31347896690242294
6254 -0.27062571064106294 -0.2743534922981833
7424 -0.2800662790348726 -0.30042643155607723
9078 -0.2966192988257694 -0.30085330606574673
9895 -0.29847899196552297 -0.3491087556266759
11408 -0.30621840672550693 -0.34086317273854455
13315 -0.3124878951901412 -0.31449280584621303
15847 -0.31427722086587473 -0.3263996031708307
19348 -0.3176369250701209 -0.34293054657231264
19690 -0.34293054657231264 -0.35337873480353543
19691 -0.34293054657231264 -0.3867793356327778
42506 -0.3952448111727183 -0.40166579337206193
67117 -0.42458895215222864 -0.4747261683706641
94564 -0.44805587219969173 -0.5035733670930523

11 -0.11711809066575538 -0.14920179945104275
162 -0.1314601840296194 -0.13929188563784173
454 -0.1396994185329523 -0.15401809225432672
1029 -0.15373510584338582 -0.17279525724768516
1149 -0.15660496755729675 -0.19130031492953062
1150 -0.15660496755729675 -0.18692729466730582
1936 -0.20451897848927014 -0.24462422710600584
2441 -0.2046112317533631 -0.24160541157992763
3621 -0.254001757224738 -0.2653827630175393
7697 -0.280078717436288 -0.2956053560260967
10542 -0.2977933099937499 -0.3475561388915466
14376 -0.3009161265465472 -0.3823975621783372
14496 -0.32477890612242705 -0.35771347497050837
14497 -0.32477890612242705 -0.3573804497571724
15213 -0.33279517939501324 -0.34330919049234326
15656 -0.3467940214052077 -0.4592841553206609
22396 -0.3515101318268698 -0.3679228970947903
26775 -0.3622497976927333 -0.3970371298143882
27693 -0.3623977712236046 -0.41299870557192797
29327 -0.37548768171496416 -0.41264519573881775
42081 -0.4240381480539703 -0.43714053383932605
42857 -0.43714053383932605 -0.5899140346798055
60667 -0.49058324089471955 -0.5134587702981236
60969 -0.503471483582117 -0.720096465821986

11 -0.06561093780849397 -0.07858491276000522
131 -0.11216356780724769 -0.1233043920000918
132 -0.11216356780724769 -0.11542491374684065
242 -0.1287932214943075 -0.13367160859889607
243 -0.1287932214943075 -0.15516700257508687
616 -0.21108329551320054 -0.21974168047438275
1735 -0.21732579118138862 -0.2373239651664208
1846 -0.21736129024821346 -0.2711049924896033
3895 -0.21750972024378362 -0.22550958051712702
4126 -0.22162363346503855 -0.2240437482711252
5004 -0.22204005861783285 -0.22598309333738703
6255 -0.24496434313123833 -0.2714141890501677
7263 -0.2648993222268467 -0.3195173848393281
7264 -0.2648993222268467 -0.3610130280083796
10220 -0.27815545887193105 -0.28438786664826793
13761 -0.2907349067966051 -0.30090803101207697
21389 -0.295423001461696 -0.29764302652149754
24920 -0.35236706040355736 -0.35432126523939733
26463 -0.3775271884365722 -0.382442594983446
37018 -0.4072957049385776 -0.478971525802579
64939 -0.4108279904257194 -0.4159271328030691
79015 -0.4668241263241625 -0.468351898217641
80478 -0.468351898217641 -0.4766114440953423

131 -0.10951193913125912 -0.14646268604649548
132 -0.10951193913125912 -0.14669633279884403
374 -0.15976268494588958 -0.17341636455602655
605 -0.20518356052170558 -0.2677658813422167
606 -0.20518356052170558 -0.25287945247656557
1614 -0.21004942016457287 -0.21300754778465056
1857 -0.21013413359912653 -0.23262928195297078
2684 -0.27633047049729015 -0.42314943419379286
5751 -0.2802427365937216 -0.2883307028585701
7264 -0.28603581237064396 -0.28756779611977856
9473 -0.2938703408161325 -0.32855584705499524
10744 -0.2969907234162266 -0.3494378884687636
16283 -0.35439044228370903 -0.35539723721520794
19259 -0.3633847382187099 -0.3820849743540307
22901 -0.3676660927121296 -0.37562107118975036
46180 -0.4077116409899596 -0.45601540419280356
50044 -0.44120606799782436 -0.4412794519383124
81739 -0.4988399402028246 -0.5305112663290167

11 -0.13720012589798672 -0.34368429402302153
242 -0.09507619339438299 -0.22954566335232468
243 -0.09507619339438299 -0.20401472649029706
697 -0.16509523076474072 -0.19185556725549555
1039 -0.17327859124249545 -0.20706256626445654
1040 -0.17327859124249545 -0.191920848151353
2270 -0.18455869048779233 -0.21324598560972396
2634 -0.18455921019887808 -0.23288389434292206
2976 -0.2096151228975181 -0.228177906964342
2977 -0.2096151228975181 -0.22004725891284857
3804 -0.27144832958951615 -0.28290988087784524
8193 -0.29438334638565433 -0.30964050119983355
10826 -0.30180824136551226 -0.3195893642561989
13903 -0.308443705784187 -0.31648851431941166
14488 -0.32137045580799506 -0.46536804720505986
19382 -0.3214891361336789 -0.3216786423874973
22974 -0.3352293006362358 -0.3352731426443458
25930 -0.34252956682881447 -0.38722149916281867
26222 -0.3829150063349233 -0.5689847179082705
40520 -0.3991187964529069 -0.4092715348537774
43062 -0.4092715348537774 -0.4123503754770721
66472 -0.48048504195262365 -0.5140095959213739
94676 -0.5131685826953679 -0.5327314497925397

131 -0.07834024029911883 -0.08362685210838243
132 -0.07834024029911883 -0.08006034215469009
252 -0.10213982219857216 -0.22090770533552126
253 -0.10213982219857216 -0.23200249522120583
484 -0.1036510209841275 -0.16733171689538612
485 -0.1036510209841275 -0.1503160562247537
605 -0.1666305050297816 -0.2380278509541908
606 -0.1666305050297816 -0.23290540646652438
807 -0.17387682300465324 -0.3664188764023765
927 -0.18361587944475494 -0.18773084725103786
1341 -0.1839112869536021 -0.3650046524260193
1461 -0.18557036942496252 -0.20319819881921386
1462 -0.18557036942496252 -0.20099185039330453
2107 -0.2167691528412476 -0.22031526287205233
3560 -0.24738036997814478 -0.2826086361438772
5123 -0.27544419418785093 -0.2915402655796777
5749 -0.2756326098034917 -0.29909497546547104
8140 -0.28610754980897857 -0.32152699011832486
14537 -0.3166802597053198 -0.35378550224046407
28936 -0.3875060124487399 -0.4058181471920754
33163 -0.39664402592108366 -0.411427296462221
46857 -0.39943185282101856 -0.4096896664761172
70045 -0.4118369916538075 -0.529205093672118
76351 -0.4204041135182691 -0.4452602641908461

11 -0.06898283222825578 -0.19764301737533446
131 -0.09771710231348407 -0.13548234103554121
132 -0.09771710231348407 -0.16370997558588957
404 -0.15912951694291322 -0.21841363674384545
858 -0.19860505118162772 -0.20116506787661825
1826 -0.2252418209358329 -0.24751372299615487
2602 -0.2662048376671683 -0.27701511830316405
5356 -0.29025994329854965 -0.3334608313991326
6687 -0.2950655409295696 -0.335561061629607
7685 -0.30722302113452127 -0.3509727374178227
26413 -0.342194223084967 -0.3470451219639002
28733 -0.34439870411216456 -0.39760944582620356
35170 -0.361584440742577 -0.3865367147839073
42667 -0.3760783886682274 -0.38721013371345026
62283 -0.38733685696732173 -0.4919947804090176
89447 -0.4311837604829249 -0.4649172006574258

11 -0.11827722956794111 -0.130594934399739
212 -0.08696569362740361 -0.09130583854642049
776 -0.1529899989770965 -0.2293261502466011
777 -0.1529899989770965 -0.18890034216605786
897 -0.15764898439881464 -0.21648690942512608
898 -0.15764898439881464 -0.21809358207318602
1351 -0.1712799982433 -0.19927526821931116
1352 -0.1712799982433 -0.18580170686590491
1805 -0.18174034831565106 -0.18966761532729395
2582 -0.18240196366504535 -0.19702252785561325
2804 -0.1827147522017121 -0.22092460721212634
2805 -0.1827147522017121 -0.2346451261979564
3380 -0.2157224467012552 -0.2346941557637689
4832 -0.21975369510478152 -0.22713693878207408
5054 -0.21977980416891665 -0.2845570246400219
5055 -0.21977980416891665 -0.2236917811591162
5589 -0.2824545401867696 -0.3645708112781687
6113 -0.2872482451874796 -0.47694658764243747
7727 -0.29697124243374023 -0.31807481972438556
9492 -0.3299582750273001 -0.3444893722898714
11136 -0.3525044800595817 -0.36546435504180924
22538 -0.3541168801205147 -0.36860549552753297
26321 -0.36632258442119503 -0.39592985089440247
27038 -0.3664486405878214 -0.3899320011004266
49470 -0.37305820066879664 -0.3916398906316555
52093 -0.3994234028322627 -0.5230166067740933
68026 -0.43772256538458526 -0.484039488242105

131 -0.09505696423246937 -0.10230069650595497
132 -0.09505696423246937 -0.1095623241105937
252 -0.11256754978965071 -0.11687243317384183
253 -0.11256754978965071 -0.11927229934282293
373 -0.12564264973217631 -0.16773054535891302
374 -0.12564264973217631 -0.14941042233577753
716 -0.13092425895334175 -0.14789503027181622
717 -0.13092425895334175 -0.14787009444116292
1170 -0.16935256860009396 -0.28063402961894807
1171 -0.16935256860009396 -0.2918614237769495
1907 -0.18043598620221682 -0.1827798377373619
2471 -0.18617820924483627 -0.19864295020145145
2734 -0.18641843558119392 -0.19421361739559326
3551 -0.20949185002979087 -0.21070185679563308
4781 -0.21627715828728986 -0.3150031491494891
4782 -0.21627715828728986 -0.2381813740812472
5377 -0.26781521820127613 -0.27691044577140805
8454 -0.2762080409405601 -0.29098580458716644
8907 -0.27930453110487535 -0.280491617149428
11016 -0.2809911241604941 -0.32159511746713804
12409 -0.28221834050380673 -0.30879758201479546
14073 -0.29366129728617474 -0.3506373220224507
20793 -0.30324308149058943 -0.3637998773203796
26797 -0.38840419669838744 -0.41046879348978776
53699 -0.42036842027420324 -0.437410078881703
76252 -0.42204727214914106 -0.5037348252121493
76423 -0.436596894412084 -0.6114578198731551

11 -0.06676006636381332 -0.15123159135102734
41 -0.07663312561292779 -0.07682393387943547
131 -0.08664588116897647 -0.20314219229798577
132 -0.08664588116897647 -0.2041016917837753
252 -0.10060672453198828 -0.2229665984638139
253 -0.10060672453198828 -0.2200046246388415
484 -0.14124229149758283 -0.22364497530514302
485 -0.14124229149758283 -0.21232309086764567
1826 -0.22676180300556434 -0.25838826827136563
1827 -0.22676180300556434 -0.23428324676520274
3501 -0.2560614441161638 -0.2704417744875423
4995 -0.25618832051674406 -0.27656249431662216
5570 -0.263505936401519 -0.3047146660980578
7860 -0.281476862171574 -0.3272642834180049
13631 -0.3151760730318451 -0.457836791941343
14498 -0.31627380418773077 -0.551106400675687
15173 -0.3660980129822844 -0.4718678086187776
15174 -0.3660980129822844 -0.41236308883253625
43378 -0.38732190816837525 -0.4592746947735483
44477 -0.4208187297900501 -0.44645666766000813
69562 -0.42677432381762065 -0.44868463359041644
93588 -0.4299818317493416 -0.44857192969496645
94778 -0.44857192969496645 -0.5495333139387207

131 -0.08784551778537603 -0.1488650364268402
132 -0.08784551778537603 -0.13941061401443916
252 -0.1287289303743653 -0.177566035750734
253 -0.1287289303743653 -0.1772438814693168
373 -0.13528992139696627 -0.16567488464148636
374 -0.13528992139696627 -0.14967177368080947
605 -0.19380293166559415 -0.2429616727679626
606 -0.19380293166559415 -0.23866853945002225
726 -0.20480950670935438 -0.2635874841870451
727 -0.20480950670935438 -0.259000425809195
1069 -0.2137152103200732 -0.232356753397857
1070 -0.2137152103200732 -0.22750081037027017
1745 -0.22932441286723854 -0.23737190559149704
1988 -0.22969987704213599 -0.2312588341153854
3218 -0.23650818266991352 -0.239081566585625
5237 -0.2372271350292904 -0.2889338306683052
7648 -0.2759378208298274 -0.3096248631438613
13187 -0.28684696374508184 -0.3241135169123097
15265 -0.34054597863746316 -0.3637437858329012
23004 -0.34955886700568206 -0.3809689607205969
44376 -0.3773449230575086 -0.39074868322932654
51348 -0.38370668822216797 -0.3943052348020398
56534 -0.4036764545087013 -0.40485863234351943
84031 -0.4522565578081474 -0.4852321443728829
96432 -0.4579431368182716 -0.4799150993820274

11 -0.12143713465748711 -0.2011306350422497
323 -0.11618733737988239 -0.1190697070558097
443 -0.13088309777297613 -0.1516410067685659
444 -0.13088309777297613 -0.14971221667694623
564 -0.15710864465035276 -0.17107162873660653
565 -0.15710864465035276 -0.1727256276977514
1018 -0.1712539003882225 -0.19393399005776135
1019 -0.1712539003882225 -0.21649201972846666
2431 -0.19455414365905632 -0.32397631986318454
4327 -0.21613351625868152 -0.24661087795052872
4328 -0.21613351625868152 -0.21617140744527852
6063 -0.24756961997688082 -0.2652138972915853
7011 -0.25186933941606826 -0.2547756113883541
8756 -0.2580147232901494 -0.27879334735723393
11036 -0.3010937654425666 -0.30975737467263514
13134 -0.3087117940991965 -0.39452247329778245
13466 -0.3129264895459759 -0.5097420040659913
22466 -0.32099625161094436 -0.32881821256945004
33344 -0.32104731056063623 -0.34892312275020276
34051 -0.3210473116704159 -0.32544452780854344
35715 -0.36009254958580744 -0.3920539470298281
37692 -0.3677033246304092 -0.3710731541388813
37712 -0.3710731541388813 -0.5714050853097693
57702 -0.3972004003527795 -0.4219153707480066
90880 -0.4839822221006385 -0.49907741986040344

212 -0.10500512486187304 -0.11180427492268644
282 -0.11652653086080625 -0.1261690741249717
513 -0.14803651682672725 -0.16001363234200244
514 -0.14803651682672725 -0.1549305409051978
1522 -0.22207238517823608 -0.25424512821766687
1523 -0.22207238517823608 -0.2556658296322038
1643 -0.2520111159777316 -0.2539516235245761
1644 -0.2520111159777316 -0.25258638975133463
3409 -0.2527348229234394 -0.25689758510725974
4619 -0.2594888070479847 -0.2716878926210175
7565 -0.26043935274480523 -0.30033304673587763
9562 -0.2944362415116705 -0.2999460296730515
29582 -0.33635656301780276 -0.3896905265256561
29904 -0.3886107301109558 -0.5128684181813081
56725 -0.4306453709599988 -0.44662558983586254
72012 -0.4512044509686355 -0.45817778220613925
73313 -0.45817778220613925 -0.4921615391998432

61 -0.06378949560464697 -0.06552438288084352
181 -0.09139137709826647 -0.10756267337251309
182 -0.09139137709826647 -0.10332983198117374
302 -0.10955324234445334 -0.17137995496057376
303 -0.10955324234445334 -0.1655016975303508
423 -0.14197782451560984 -0.19042668129166448
424 -0.14197782451560984 -0.18483598851815639
655 -0.1725641788366712 -0.1840540589562464
656 -0.1725641788366712 -0.17520395437435857
1110 -0.17681107489714662 -0.1770574477854707
1785 -0.2060563394897489 -0.20696889948107844
1786 -0.2060563394897489 -0.22411394325723544
2461 -0.22086623251988985 -0.23351500694117494
4015 -0.2211269278946009 -0.22819270132825245
4096 -0.22113983381173027 -0.22784867685914384
5659 -0.23617043884722452 -0.2628774215767017
5660 -0.23617043884722452 -0.24913563483265525
7314 -0.25320347709660124 -0.26335523939469985
8413 -0.27826566682277376 -0.2997874534671628
16142 -0.2991770397109417 -0.3269285869625119
18563 -0.3004525185040567 -0.3038513942948102
20015 -0.3065356277033405 -0.3115566017089794
21519 -0.30653687306093763 -0.31424167661843
27906 -0.34556926877698013 -0.36410739263760067
35292 -0.3576126104942211 -0.4013061977485903
60125 -0.3970588260137828 -0.40491151178147383
87955 -0.4252147335173288 -0.4699805098890201
94039 -0.440997137707272 -0.4412030948323767

11 -0.07454262064212748 -0.14544844465286927
131 -0.09851447181892212 -0.13169889727568393
132 -0.09851447181892212 -0.11872427190524408
363 -0.14220113891807198 -0.1580269948936928
364 -0.14220113891807198 -0.1862379690667228
817 -0.1673184218459469 -0.19671758670942888
928 -0.167663433570054 -0.1874797226766505
1261 -0.16779062908339948 -0.2280393359289396
1262 -0.16779062908339948 -0.19476083684793827
2603 -0.22975647670701255 -0.23291903820961626
3401 -0.23052667080527228 -0.26170395795077006
4319 -0.2328761354578103 -0.2489362998763325
4772 -0.24438425727175217 -0.25295152108805374
5731 -0.24458020155579446 -0.3705090957655067
6820 -0.24954011646245278 -0.2500694858563526
19998 -0.3506078780717988 -0.3781712858894407
21975 -0.3615093897424274 -0.3658858615198412
37908 -0.4019851541584737 -0.42573964603893116
60471 -0.4665372198056455 -0.47169527784899673
90582 -0.4723175015008676 -0.49490703210233417

11 -0.09768268939235049 -0.10810352285777834
131 -0.1280581472249261 -0.13266776710670403
132 -0.1280581472249261 -0.1454780848120308
152 -0.1382152438578877 -0.13978913397294127
172 -0.14148886664874474 -0.1474877068795251
403 -0.1484977713531206 -0.17831914482000452
404 -0.1484977713531206 -0.17359439378186065
1079 -0.1823954500171477 -0.2590900789508094
1080 -0.1823954500171477 -0.2397246657035149
1755 -0.22142796792984265 -0.2541361654564684
1756 -0.22142796792984265 -0.22850173976384877
2946 -0.2320473586044415 -0.2479314031408882
3510 -0.2693175238685031 -0.2780190160753515
4943 -0.2694754638563353 -0.30055564345066615
6274 -0.3059581180750107 -0.33861385516396847
6849 -0.3074514861727413 -0.42052644826790947
8503 -0.3087816438449307 -0.3361387460757705
9935 -0.3167568465692134 -0.3371816175801455
12356 -0.3335447106445009 -0.393260617886289
13576 -0.3597866315172369 -0.3952731544617812
14393 -0.3930222244169473 -0.4863358723409427
29115 -0.3960931854087134 -0.4764559201129371
54695 -0.4060533046990049 -0.40826434598669725
71274 -0.4372067411431811 -0.4408131232890314
93917 -0.4514446421142915 -0.4751118817860536
93997 -0.4690514852582296 -0.6446374732405656

11 -0.17734982274652353 -0.1870216018445757
61 -0.07936689291437157 -0.10093902712608074
514 -0.15391645681632293 -0.18580650678244934
515 -0.15391645681632293 -0.19316969518311214
746 -0.17456403447382146 -0.24624652067842548
747 -0.17456403447382146 -0.23428775959080891
867 -0.1840544925102471 -0.23096157085941796
868 -0.1840544925102471 -0.22997400916161514
988 -0.19040717028683185 -0.24325206651296824
989 -0.19040717028683185 -0.24079804530713408
1745 -0.20628492689143735 -0.230858390030134
2753 -0.22637002428721154 -0.24537573197782891
2754 -0.22637002428721154 -0.25954668452723423
5377 -0.2464663264076888 -0.25860405596054625
7445 -0.2652421455601107 -0.30627654882296906
10068 -0.30313414551975343 -0.3061245993895099
11611 -0.31097345656065595 -0.33513927831132073
34376 -0.3378544867948342 -0.3611473283495324
35445 -0.3769982070878746 -0.4199845408632839
44223 -0.38239479186050784 -0.3872706740811054
44415 -0.3823947918872111 -0.41488466908000005
45383 -0.41488466908000005 -0.4929255776773369
66927 -0.4159178330533851 -0.4278565715052396
97401 -0.43882747232086 -0.5227997341525135

11 -0.06531955457921607 -0.0924562211849661
131 -0.07844590859942778 -0.11832742002388746
132 -0.07844590859942778 -0.1080248634888267
252 -0.12643871539256873 -0.13340213680195187
253 -0.12643871539256873 -0.14160531112363633
848 -0.23144518353730062 -0.2518538292793333
1685 -0.264296310148482 -0.3282461398388132
5569 -0.267945303004971 -0.28513453838973646
9544 -0.29094290076054824 -0.30438650429486114
10452 -0.29338348571528056 -0.3034702776276948
12056 -0.33208002739211817 -0.38770476604832416
17605 -0.38514419642462344 -0.4070156401020932
32428 -0.4084888244880259 -0.43937681617399504
35354 -0.41717640110437276 -0.448623472906516
41822 -0.4293551926581221 -0.4452502032758614
68179 -0.43459452501645746 -0.43837738050558867
94223 -0.4508379330079131 -0.5046191606277436

11 -0.09520864186884627 -0.11649193812365441
21 -0.09757907914034519 -0.1022487939111242
141 -0.11628562016041978 -0.14888808074171817
142 -0.11628562016041978 -0.14319070011315344
172 -0.12061040742044365 -0.1224355429560146
292 -0.13575759212737024 -0.14800858432813
848 -0.15801048426806297 -0.17382840168051802
1523 -0.19901299114318996 -0.21298146313063998
1604 -0.19903397935481995 -0.21198468701796297
2945 -0.2243335223252965 -0.2602313111618112
2956 -0.2243335223252965 -0.2424782773374473
4055 -0.2514017279652614 -0.2982407564180033
4872 -0.2791066594103314 -0.2821563966823245
7495 -0.3064316008338457 -0.3181727931197219
9059 -0.31066740604885346 -0.33074734647544063
9795 -0.32314592611046533 -0.4277072489244593
13205 -0.3475127573505256 -0.3638738617730076
34244 -0.3633533353137046 -0.3896530534413337
36352 -0.36918297436365943 -0.45141636627816006
59480 -0.377020057970521 -0.3773108207160938
61558 -0.38827342170024987 -0.42572378414350137
87420 -0.40097498988513036 -0.4265510372344657

11 -0.2149298612983247 -0.27053206119880874
242 -0.13003852513138384 -0.16893805089191372
243 -0.13003852513138384 -0.15745324442967754
293 -0.18014727805355113 -0.5209721676065523
696 -0.21908338025636043 -0.23564451132471928
1260 -0.2232354787391871 -0.24490088296740148
1593 -0.22336205206787543 -0.22592137284008088
1614 -0.2234751846985655 -0.2348218464771173
3712 -0.2548175836962937 -0.36200828189595363
4428 -0.33645418590137854 -0.4566262638215705
10431 -0.34880754905601136 -0.38387492700680614
11622 -0.3489336084475125 -0.4051172486614773
34810 -0.356019974264111 -0.36775626624621705
40248 -0.3968765203624089 -0.41935610434989584
62125 -0.40998879851023456 -0.41417465659172364
85979 -0.42770826905638604 -0.4485786333667513
86332 -0.4485786333667513 -0.5591281472491694

313 -0.08668768671495423 -0.10651371093734907
433 -0.15039408667428478 -0.1505394375598258
454 -0.15039770301702599 -0.15066729110083657
484 -0.15066729110083657 -0.15071225347343456
494 -0.15071225347343456 -0.15272347833054262
836 -0.16891318721512782 -0.17894740736218365
1038 -0.16908160959162058 -0.1736098983456497
2501 -0.17448297533597618 -0.18447077350926933
2571 -0.18910314886451796 -0.39103730396209985
3024 -0.20312638743972974 -0.24824320838664726
3025 -0.20312638743972974 -0.22081803732184382
4982 -0.2208791354764896 -0.2712689508485799
6636 -0.22990175849385067 -0.23968308916654246
6777 -0.24764980508725432 -0.5327615946615986
7594 -0.2577948925354015 -0.2580021478771537
12810 -0.34207253915026764 -0.3807289363474465
15675 -0.36606877746437455 -0.3683389444761141
19882 -0.3803685574019337 -0.38860672141172004
40477 -0.38549887622811263 -0.386569229022337
43796 -0.386569229022337 -0.4160013954356842
57136 -0.3998957589895883 -0.42367343156484066
59355 -0.40027045861725286 -0.43368997691657857
62977 -0.42156932529198077 -0.42665891343837137
91725 -0.4421640709680858 -0.5112221198033063

333 -0.15302517715081715 -0.16090896444554384
554 -0.18858197606749819 -0.19288635834457538
1007 -0.21545944745915083 -0.278634030208159
1008 -0.21545944745915083 -0.253204260098351
2047 -0.221555770558326 -0.22933026943823473
3146 -0.23134770536907995 -0.23631726851226906
5053 -0.24171643485164399 -0.2618204756531372
6455 -0.2628130257132027 -0.27889111173047043
7887 -0.26646977144498835 -0.27278152688653234
13648 -0.3335757438512361 -0.34205682193782466
15393 -0.33618137062693415 -0.35188293344507177
17350 -0.3487922586809557 -0.34995812909557067
23787 -0.3526267026886476 -0.3766715448774321
32757 -0.37663929953880554 -0.3766539135822856
34532 -0.3766539135822856 -0.3766697887490341
56368 -0.40923060047586796 -0.4127087510289784
61342 -0.4471998044851385 -0.45848888454568026
79223 -0.46490555936960387 -0.4710037347615089
84298 -0.4710037347615089 -0.4942488261439638

333 -0.13757957420075484 -0.18668192687461294
564 -0.15117639209037612 -0.17449854753291363
565 -0.15117639209037612 -0.17102411070710963
756 -0.21128928158318988 -0.4449832213904258
1653 -0.24841028562111356 -0.28153674465844497
1654 -0.24841028562111356 -0.3052101020180354
2107 -0.25348812168418183 -0.2624693821498868
2108 -0.25348812168418183 -0.25474272745655346
3601 -0.2931447926933187 -0.2970155337080869
3984 -0.30672079409516895 -0.322550004783933
5547 -0.3209606440227335 -0.330008088454369
8090 -0.3215098273258916 -0.35335202457184717
11318 -0.3382941994954126 -0.35372292890054013
11611 -0.3384527068867475 -0.34880127781804693
16202 -0.36301947628594966 -0.3780851531122631
31338 -0.3724681806620161 -0.37675720512554434
31368 -0.37675720512554434 -0.5754076500443407
42306 -0.40826901256993364 -0.46293403941654737
42951 -0.439024784441477 -0.4913706107955702
71306 -0.44889791152105035 -0.4608338153148264
99691 -0.48248493589252345 -0.5359120021711685

51 -0.03304853312978134 -0.0434952129282544
101 -0.06502168901499819 -0.07694031453166551
111 -0.07562400712980245 -0.07635304937489117
121 -0.07635304937489117 -0.07969699010929157
131 -0.07810825481360033 -0.08310105001222727
161 -0.08437776759065606 -0.08546770307975078
171 -0.08862478493187963 -0.0942251366555607
766 -0.1582919386100362 -0.16401200982127728
1552 -0.1894206765919134 -0.2474203876966783
1553 -0.1894206765919134 -0.2178420106395644
2652 -0.21653501128042235 -0.22560121532918262
3449 -0.2532731798646598 -0.2656831500346069
6405 -0.29155113026764595 -0.31201120301493634
14850 -0.30562696203603124 -0.3164523010918363
17030 -0.3069370710057908 -0.3547540171186761
17383 -0.31981419462470767 -0.5013805882495351
38180 -0.35194020004194027 -0.364076957744327
41903 -0.36220901043798814 -0.5743146747776099
46484 -0.37754437761519555 -0.4090912711198732
64677 -0.38767240004772446 -0.4962192754209968

131 -0.08642560277268091 -0.26073757549798143
132 -0.08642560277268091 -0.2608662842006168
263 -0.1289723780580354 -0.13141350016258602
585 -0.20697116975581317 -0.21537706836975531
927 -0.22542924751645513 -0.24667215295946282
1634 -0.22673217482291178 -0.25367130528484866
3046 -0.24864589207831622 -0.26665480839285716
6920 -0.2742393551963665 -0.28623989115727694
7020 -0.28623989115727694 -0.48094129767578186
7524 -0.33756377971066986 -0.337611137621866
11196 -0.3589969433571293 -0.3685962969385836
12357 -0.35900150841809564 -0.37170729437668637
13366 -0.38004453009812184 -0.3808209128103042
26140 -0.3817307953882168 -0.4047837724921173
31731 -0.3817363825998529 -0.400366321604819
59420 -0.4251139252060982 -0.4474109788688268
88269 -0.4733379046504865 -0.49687186335989253

51 -0.08410313060478201 -0.18114671568644675
52 -0.08410313060478201 -0.18620253430753966
172 -0.09041879007545034 -0.1373874085130368
173 -0.09041879007545034 -0.13153038605879
293 -0.14879933652578978 -0.18890674134721008
294 -0.14879933652578978 -0.1890565211322841
1121 -0.20758629441264817 -0.22258825479695105
1241 -0.2301205122176648 -0.232154277088861
1242 -0.2301205122176648 -0.24024041741114538
3138 -0.2408687383390959 -0.24414361134921048
3139 -0.2408687383390959 -0.3270288886384977
4067 -0.24623049318242346 -0.24920512364857625
4631 -0.2472638364754464 -0.33810074634226833
4632 -0.2472638364754464 -0.31664706669897746
6771 -0.288741538754172 -0.2944372178330903
7699 -0.30070241394047015 -0.42523619124822565
9666 -0.3023469115999524 -0.3089388706089273
13076 -0.3270868653760846 -0.3415002082230831
21562 -0.3286982348406714 -0.3452541896260177
23368 -0.38775347124981124 -0.45569564824958175
23892 -0.42379408659627615 -0.526613885378464
50229 -0.45218452526443054 -0.48930783372910713
82307 -0.46594854565646976 -0.49348364757719976

131 -0.07980064952553348 -0.08661555435513113
132 -0.07980064952553348 -0.10158361066434307
252 -0.11396779275407273 -0.1490939409618874
253 -0.11396779275407273 -0.13714006835122086
373 -0.1413599237661076 -0.1812433182245157
374 -0.1413599237661076 -0.179300067844413
938 -0.18510007979414295 -0.1983440185908831
1130 -0.18515158305567506 -0.19303596537854478
1917 -0.192820293119359 -0.20974587766100955
2734 -0.21584886022271194 -0.3141938073993568
4267 -0.24323892767898078 -0.2546985911496056
4387 -0.2546985911496056 -0.26837130025616807
4388 -0.2546985911496056 -0.2647364917345214
5336 -0.2600434715178998 -0.2602517441555877
6486 -0.26923106157824317 -0.31934260673938936
6818 -0.2717376912739673 -0.46334965292702285
9683 -0.313057274344529 -0.37682575129200574
14375 -0.31681489585462813 -0.3390121818047491
32901 -0.3467803208999113 -0.37476353901637866
34535 -0.400301292043843 -0.4979291632295001
65110 -0.4287449672519964 -0.5363162786558755
90750 -0.4340058262584075 -0.4847906885129971
92969 -0.43549496612166827 -0.4485081078164634

11 -0.05774819696758221 -0.1163807467621507
242 -0.10013863695962555 -0.1702384142178407
243 -0.10013863695962555 -0.15236881747361147
394 -0.1904253444163171 -0.193759999217485
1009 -0.19599560472568506 -0.24457662097335048
2048 -0.21035017213898335 -0.2179462856875719
2592 -0.23363717410134607 -0.24475495459839805
3711 -0.2351091805517433 -0.2926594570386677
3712 -0.2351091805517433 -0.2636880782366727
4771 -0.2524385024641295 -0.29529554629468524
5113 -0.2565845463309672 -0.26254062713804033
5114 -0.2565845463309672 -0.27110379704418397
6960 -0.266514168309384 -0.2687000818375852
7605 -0.28630537963145647 -0.2879669624530853
9491 -0.31684129060332106 -0.3411147825283888
10156 -0.3181619810033506 -0.44265427898987436
12456 -0.3253000148459762 -0.33659939043408615
13747 -0.34133472896303246 -0.3701518830442616
17510 -0.36829406898960604 -0.36904179675530985
26299 -0.3852920419063845 -0.4273757344015307
28185 -0.42356257217775206 -0.4747134415563744
55168 -0.4286962658251248 -0.4716599449196293
90254 -0.4860772724645469 -0.48747850019202704

11 -0.08091153633915503 -0.10138507088054939
131 -0.06638710000862201 -0.21047897172454125
132 -0.06638710000862201 -0.16659498494118888
363 -0.15686770634143504 -0.17175075589482566
364 -0.15686770634143504 -0.18240119810110986
484 -0.16094938576958853 -0.2531722294300062
485 -0.16094938576958853 -0.24001473426422218
605 -0.1945612951993369 -0.2226639301668977
606 -0.1945612951993369 -0.22532248497960788
726 -0.19495440347186843 -0.2864143299276677
727 -0.19495440347186843 -0.27617506671927805
1857 -0.21990276467078204 -0.22106315007153746
3370 -0.2793868100515475 -0.47360079378764913
3601 -0.2824983040529901 -0.28313072676413076
3602 -0.2824983040529901 -0.286678928036432
4943 -0.29400153705956694 -0.3648135531992135
7547 -0.3067840904073774 -0.3905982916885604
8878 -0.3435617244770921 -0.3452869182321234
10623 -0.3623838047903625 -0.36778263025220187
22277 -0.36804271817995327 -0.3759602770926658
23951 -0.3759602770926658 -0.38839926578244016
24073 -0.3759602770926658 -0.3867866890280151
42650 -0.43768316270782276 -0.4438522683750167
45354 -0.4407873723499105 -0.4508133587810864
75929 -0.4492797416056324 -0.47879472938765993

72 -0.09856039872001562 -0.10174623430783344
1726 -0.25075103368561485 -0.38497853904139356
2290 -0.2653209236556778 -0.4055763854808287
2291 -0.2653209236556778 -0.4560416725456285
6387 -0.2814329752581983 -0.3770166819457643
9010 -0.29878750247730357 -0.33896672036922887
11714 -0.3499919222631468 -0.3609291917796717
19524 -0.40394656452346595 -0.4045936852488876
46547 -0.42191875467347945 -0.44486521291648473
71491 -0.43275019015495764 -0.5115806484103255
83589 -0.46138878306743347 -0.47764312886192006
86030 -0.46921931174091613 -0.5090912096519828

353 -0.17939393711762985 -0.19288791722441598
464 -0.19488363868154812 -0.30421531157152215
465 -0.19488363868154812 -0.2723099658641435
1040 -0.21625901156753852 -0.23156782248530763
2936 -0.234992036955825 -0.27816383253251414
2937 -0.234992036955825 -0.37296242788932416
3259 -0.24252097358203065 -0.24999646551055552
4944 -0.25175103906217455 -0.25617408467487357
6477 -0.3080532669174793 -0.3207005553180672
11885 -0.31467698814757944 -0.3529467977820362
13862 -0.35425380750183383 -0.3550626385350985
27908 -0.3816517780763851 -0.40821676621901426
35344 -0.4166577843568203 -0.472944109303537
35949 -0.4221960198323586 -0.5645127479783304
60520 -0.4263777433611212 -0.49087627917825444
63234 -0.47157582883407423 -0.5084701529688993

253 -0.11850258953463522 -0.14351132288477034
908 -0.17396825595227633 -0.18457370404977988
1553 -0.21305145335364706 -0.23054752405585605
2370 -0.23273219695182004 -0.24585109157300336
3298 -0.2473115526896475 -0.26277939945250267
4074 -0.264388468547521 -0.3008288398917047
4386 -0.26791626159122683 -0.378119096068245
11641 -0.3116101422453598 -0.35518609033294946
16282 -0.32794359096949455 -0.3613893884383737
22255 -0.3678373915869574 -0.37822867353051365
30135 -0.3791216617048801 -0.38327315430227654
38197 -0.38622342622421285 -0.3893468758165529
65058 -0.40746335818012247 -0.43369005802419736
87358 -0.4316622153270705 -0.4444500547870747
87468 -0.4444500547870747 -0.6414100285733124
96670 -0.4743562665113678 -0.5140714643224191

61 -0.05445252526614166 -0.05725578159341139
181 -0.09414715466411756 -0.13835618151745296
182 -0.09414715466411756 -0.12110451526914257
302 -0.15207843429129833 -0.176545356965578
413 -0.15943019293810087 -0.1710534265871842
414 -0.15943019293810087 -0.18084249312730835
1200 -0.16867116401196314 -0.21164826135509418
1201 -0.16867116401196314 -0.21984930884039075
1987 -0.1712031685886804 -0.19913236245467467
1988 -0.1712031685886804 -0.21742247187601765
4117 -0.236282920278103 -0.2788151805391415
6468 -0.25461280949279286 -0.2734249293761957
8011 -0.2752495863481886 -0.27889166013197664
9807 -0.28465223024505315 -0.3070643712886955
11966 -0.28541089755909216 -0.28846912487766596
13489 -0.2957838122278442 -0.3332339353278501
18372 -0.3389305428849083 -0.34596011705205443
18795 -0.34037116499566816 -0.4876926861328974
23749 -0.36508454760578957 -0.37174920522199634
40358 -0.38123121045615105 -0.41377105901436523
45796 -0.38307076879151347 -0.42293188374330104
67360 -0.41853988360489225 -0.4370855654829014
94676 -0.4236764540191169 -0.5168412353901582

11 -0.06755436631620246 -0.11882387184947396
131 -0.10665705088970188 -0.14238455130308791
132 -0.10665705088970188 -0.18104247778430405
142 -0.10766133392250406 -0.10904410416822212
363 -0.12923417986936425 -0.14667266412858218
364 -0.12923417986936425 -0.1416159758052475
585 -0.1590461780408772 -0.17084521248897752
2037 -0.19501712175090044 -0.22011727179759724
2229 -0.19505046697223918 -0.2016477071180641
3429 -0.23528806105186917 -0.2515228152158294
4589 -0.25795396280984456 -0.28141591604610444
5002 -0.2740782670511375 -0.2786072285988298
6989 -0.3000392862974887 -0.3033754113556517
9198 -0.31832396385971706 -0.335122299986795
9500 -0.3212664213358483 -0.46994533200192423
13606 -0.32409712415174224 -0.3350308785094955
16673 -0.3467633668031163 -0.3731752294283243
23090 -0.3730762265015676 -0.3919245330316745
24966 -0.3919988077572872 -0.413025674100567
44703 -0.4092731213931355 -0.44814957103738273
66156 -0.42842229836834633 -0.42886104015605564
70767 -0.4298522701240056 -0.4322993686036177
70807 -0.4322993686036177 -0.4535521164793665
93531 -0.49742566256847215 -0.5484794463215248
98172 -0.5007010498674157 -0.5501644361441907

11 -0.06124618008013816 -0.13533151977486502
131 -0.10746998010733486 -0.10762052944670181
242 -0.13145190877546398 -0.2479828793732588
243 -0.13145190877546398 -0.24333940863322928
1312 -0.2614366146013552 -0.2753391616378287
2149 -0.27545107693447884 -0.29749357699123047
2885 -0.27644853087183346 -0.38268367367583506
4065 -0.28440916001567224 -0.29510377670506266
6173 -0.30268559440923226 -0.32268015662345384
8544 -0.30872137191821447 -0.3254578181603474
9441 -0.32719501334094797 -0.3683839052626438
9996 -0.32719546928864424 -0.34330491860878054
22661 -0.327319283518852 -0.4424221838322995
44144 -0.40926791825236447 -0.4633495771329
68382 -0.41365677581625016 -0.4335875647406399
70208 -0.4607314606999317 -0.5401260694505209
95526 -0.4739017179084422 -0.4852153882196639

11 -0.08868777587024192 -0.13420094886330822
131 -0.09550373458623485 -0.12928251623697246
132 -0.09550373458623485 -0.13037163934923085
333 -0.11427398989320257 -0.2660524733681772
453 -0.12989147894098202 -0.130758731054612
454 -0.12989147894098202 -0.13133219805437363
605 -0.1433514967273406 -0.14807903761044436
947 -0.1893216692187174 -0.22895573154444077
948 -0.1893216692187174 -0.22358736137927251
1068 -0.22240600808252112 -0.302140965524984
1069 -0.22240600808252112 -0.30110995771850935
2108 -0.2370423960294977 -0.24901997233204862
6124 -0.2525809699998516 -0.28712975461091056
7435 -0.26919756393928684 -0.2819273910247679
9775 -0.2921978976147992 -0.3224879294336184
12833 -0.2933540577297905 -0.32410125256277283
19674 -0.300468786469848 -0.36584566583816214
24638 -0.3270573214883252 -0.3483436407937174
25707 -0.33370839760971394 -0.35089201171795303
27149 -0.35426251747874143 -0.3630560009228214
30317 -0.36024435335425586 -0.3702672368343094
31759 -0.36820975519627647 -0.4932122171768668
46905 -0.39311971347619373 -0.4462243609434626
71799 -0.40655175491674805 -0.4939617058977435
95805 -0.4178073152505965 -0.4505794603733023

11 -0.06993931282080026 -0.11334085418841437
131 -0.08106885349306882 -0.18208801064240623
132 -0.08106885349306882 -0.18328764206465065
1029 -0.13923366866164782 -0.16066283693588582
1030 -0.13923366866164782 -0.15594033450374534
1483 -0.15215722982157062 -0.18147138758420728
1484 -0.15215722982157062 -0.16726062677626882
2109 -0.2269964950902471 -0.23881946857742894
2391 -0.23085512194926192 -0.23318987831447138
4126 -0.24359238101433497 -0.3432147179747797
6214 -0.2597769330526871 -0.26763881090286196
7777 -0.2691141973912222 -0.29279791611159894
7778 -0.2691141973912222 -0.27659083157955305
9301 -0.2737096721477431 -0.27688762307906345
11833 -0.31334628051082586 -0.32042914437347014
13921 -0.32749328547617784 -0.3474411660476407
14677 -0.3275275105222943 -0.3381515353554634
16543 -0.34145851034333563 -0.3990719592983486
45080 -0.42161692887016466 -0.44455158129857786
74131 -0.4454138417203449 -0.46133457676138

131 -0.10427412922418514 -0.16276564907223265
132 -0.10427412922418514 -0.16169929431248398
252 -0.12365693796300814 -0.35733044789406376
253 -0.12365693796300814 -0.33942523046049916
484 -0.18766509017932861 -0.2109835633245801
485 -0.18766509017932861 -0.22913163131320535
1514 -0.22069820421412342 -0.274039720646692
2634 -0.24385175440173554 -0.24594451396149422
4177 -0.24901049806829423 -0.3568808999008857
5882 -0.2722610403999541 -0.3410485714292112
8293 -0.31737617778057686 -0.3384444810012331
10280 -0.32503963977926786 -0.3595035470593546
11813 -0.3859995435008366 -0.3983451103582865
15586 -0.43011800871650363 -0.4301360882740236
42327 -0.4491032843724893 -0.4835868227060614
88492 -0.5108398279042946 -0.5454145792661826

21 -0.049626694625979725 -0.05426632033258883
918 -0.21160162908302893 -0.22923024501642714
919 -0.21160162908302893 -0.23201477227287817
1574 -0.21662950852377316 -0.22577208859495937
3138 -0.25220259210395585 -0.27556874445231483
4288 -0.2727300094232373 -0.2730669316036262
7466 -0.2998186955395723 -0.30077641058048027
10634 -0.32601569381482176 -0.33958366720766237
14993 -0.34306404136455493 -0.34780717579123155
19331 -0.3519703510309379 -0.35767745347197133
23872 -0.35235174317551166 -0.36252040305895894
44982 -0.3891882688813044 -0.40765944116435693
66182 -0.3995386679224769 -0.4135522224635443
94275 -0.48619369950872043 -0.5197888061288481
94517 -0.48715315313490143 -0.5943998785090749

81 -0.053123608610362145 -0.16445821796300822
82 -0.053123608610362145 -0.14720267548056307
182 -0.08018932908220334 -0.10113258375453127
413 -0.1209228034745215 -0.13181359709615623
414 -0.1209228034745215 -0.12507096181817506
867 -0.1509558000482541 -0.35709087493568137
868 -0.1509558000482541 -0.37310186445387716
1261 -0.1867284562681985 -0.20676566604436084
1876 -0.21459689360818815 -0.2172752313644487
3016 -0.24254531060602713 -0.26720155467564016
5215 -0.2532414520871246 -0.26987404258214925
7001 -0.28421419944780674 -0.285056222048641
7868 -0.32645499587361326 -0.33161064544834035
8644 -0.33243205281472854 -0.3345731357161382
13901 -0.33953836473516846 -0.37764091976116704
23578 -0.36019218010867227 -0.41965323750936684
46605 -0.39175448293590714 -0.4228593291893506
49460 -0.40304236130279353 -0.4377931265924589
50983 -0.4254795944835334 -0.43076644405345166
51315 -0.43866001730915777 -0.6265429542147213
78802 -0.4670710161684489 -0.47853011962089426

131 -0.12238959212225979 -0.13195905441572353
132 -0.12238959212225979 -0.12371062959733391
283 -0.15465649076734797 -0.1634371344335311
625 -0.21205268643971717 -0.2366390110080801
1524 -0.23502273758692513 -0.2643450708518961
3875 -0.253369133968252 -0.2708948168551693
4661 -0.27693687370851133 -0.3378619016452581
4662 -0.27693687370851133 -0.30270288187440797
6982 -0.28834866627574685 -0.37976375921520483
9070 -0.29233612687052135 -0.3050344104531753
11370 -0.30483951769480694 -0.31362870051404906
12510 -0.3201633299655143 -0.3977363019268109
14265 -0.36940990879550495 -0.4081392987157043
17554 -0.43586561239768473 -0.4758113536161443
18250 -0.48586888698983816 -0.5237624974108223
73871 -0.5139337942192169 -0.5350737799816547

242 -0.15471730578937737 -0.24204361196179752
243 -0.15471730578937737 -0.23198874434237093
374 -0.18163504001364245 -0.19497234439363795
1604 -0.19685956804842983 -0.24034133782184824
1605 -0.19685956804842983 -0.19973278140823839
2260 -0.204750620409999 -0.22837574004926323
2491 -0.20836324258010622 -0.23364755239724957
2492 -0.20836324258010622 -0.23872276431030467
2834 -0.23837643301328143 -0.2618731981631792
4933 -0.2390487874525672 -0.2808481570906165
6153 -0.28778537823394196 -0.33222087630500086
9432 -0.3039528400901794 -0.31367167875848084
11429 -0.31193512570900855 -0.3371120402722776
11812 -0.3371120402722776 -0.49317650158317056
11822 -0.3514431591851841 -0.35400728607854876
14455 -0.3562745973548721 -0.3660847291942756
21347 -0.3717344893029143 -0.47590541889491217
33445 -0.3766986854149257 -0.3842537693213821
57986 -0.396747584593798 -0.46253413028332846
76018 -0.4140286810388408 -0.4258598857228707

81 -0.12433686459459067 -0.13046247225706298
312 -0.14897708451954095 -0.19121809614947344
313 -0.14897708451954095 -0.1649495092128039
1221 -0.19259249194730357 -0.1940122664126061
2391 -0.22967412013429106 -0.24537144610738984
2733 -0.2783170113134015 -0.30022979770752944
2734 -0.2783170113134015 -0.3026557189322423
4318 -0.2804519184365596 -0.3018779872578014
6497 -0.2906911627893702 -0.30989819780229044
9049 -0.31532437204359287 -0.37024949410441543
10481 -0.3274475991986368 -0.3309272386779266
16152 -0.3332256789826816 -0.3715954803329825
26293 -0.3823281295405169 -0.42686938781254175
46837 -0.38487825064316455 -0.4199595630336122
50016 -0.38490398455217634 -0.3991125018419587
52901 -0.4032404342943341 -0.40421366931974984
75555 -0.44901418404538485 -0.4734223060195879

131 -0.10176141002431334 -0.1094343209256145
242 -0.15082141081492706 -0.17535561178192743
243 -0.15082141081492706 -0.1844365441337145
364 -0.16732521497263317 -0.17946537962597037
1140 -0.2166196142542205 -0.21731452685202085
2421 -0.21968089107108835 -0.21975571654871834
3127 -0.2328034187450144 -0.2715675840212201
4358 -0.2420291068896542 -0.27667557808094173
5215 -0.2552712178256001 -0.26109787154370284
8534 -0.2840678143471092 -0.3927571060822043
8634 -0.2904902110987718 -0.5605463354546929
9441 -0.3379056668648567 -0.33986757573767606
16080 -0.3629467750840788 -0.3637323179199294
27815 -0.3663659811938639 -0.3718657370075996
31366 -0.3880972760998425 -0.41328482721910953
39004 -0.40916286298046567 -0.432101242998974
64392 -0.42308521548634676 -0.4807601625646256
94361 -0.45496850994008897 -0.4551231242203264

41 -0.08113854003191286 -0.21168479706793514
42 -0.08113854003191286 -0.1785163621752413
62 -0.09057433189666694 -0.09228886745140685
72 -0.09318920980366224 -0.09711091212723795
192 -0.1177501555788582 -0.1193391080536897
384 -0.14724370748397866 -0.15724888933571193
888 -0.1789977469217414 -0.17978222889207734
1624 -0.2008394051738231 -0.2207384167090963
3389 -0.25151536706308675 -0.26057633725345636
4105 -0.25401079744761235 -0.5084998979711673
4760 -0.2715902386872172 -0.29591330949593353
6031 -0.2759061154795254 -0.2881640433523348
8462 -0.2901146960327478 -0.34836998315737217
10550 -0.30148230978024626 -0.3525422367264017
12689 -0.3041852004679196 -0.3163521633836179
14242 -0.3498700982521898 -0.3569266887535095
18903 -0.3504141231007792 -0.4030930818261668
20386 -0.36948253604025916 -0.3936655513344597
36077 -0.3871071023520657 -0.3902155372357644
38387 -0.3902155372357644 -0.4028943765179242
56066 -0.3912226309330588 -0.4051122813473344
80354 -0.4153390857384413 -0.47246234324164893
81060 -0.4443468127260895 -0.573062078245129

11 -0.0961132874303049 -0.12479923409868889
71 -0.09549067454247905 -0.10766573904528744
252 -0.13495169387450073 -0.13695448230299073
705 -0.17321989721837802 -0.20437209057414193
706 -0.17321989721837802 -0.20564051164558525
1492 -0.20185544067998418 -0.2299089352902577
1493 -0.20185544067998418 -0.20704226009228358
3036 -0.2163828497639522 -0.2265710489226347
5508 -0.26073768415402665 -0.3112736165572042
7193 -0.2658572623211279 -0.26964706692075713
7535 -0.28136590553941554 -0.29006914356317326
7536 -0.28136590553941554 -0.31354551641674877
9957 -0.2969386336078358 -0.31795088766568175
12075 -0.31017677783540487 -0.31285475181088757
12509 -0.31023363555759126 -0.3844446119540883
29088 -0.3402865320598314 -0.3701979894937304
32639 -0.3581253415057741 -0.3624918417799289
56271 -0.4037075728381941 -0.41360994766414894
56906 -0.4123735504699384 -0.5616644484744177
84555 -0.43145492142299974 -0.49445060730163604

21 -0.08027255959000841 -0.08442268675704968
142 -0.11383579131690424 -0.11596138825239907
262 -0.132001723906659 -0.146661105648829
283 -0.13595929779312688 -0.1361086935144697
293 -0.13657101650786507 -0.15726939861779948
746 -0.17117785830703133 -0.18808537482645835
857 -0.17190169177101253 -0.17909012754710257
858 -0.17190169177101253 -0.19990472658235744
1352 -0.19125634216559095 -0.19355096658941265
3279 -0.19924899836572943 -0.22913038162738783
3934 -0.2199637400666622 -0.4387635134427183
4498 -0.2894744756779578 -0.3446377862246694
4499 -0.2894744756779578 -0.3410390757741289
4841 -0.3149479448569618 -0.34154441127566804
4842 -0.3149479448569618 -0.34697953723904085
6839 -0.325690227640539 -0.34185393928659197
8180 -0.3475735081495146 -0.36779908695198854
27444 -0.34768216450466943 -0.4853517841833259
28533 -0.3862480754167914 -0.5836156290973905
53810 -0.409046983566433 -0.418852530166124
64203 -0.4300353637862474 -0.4517960057611227
68572 -0.44013740457492373 -0.44419232741992476

11 -0.05667575333727197 -0.13312245821957977
131 -0.07959907883928315 -0.10182065773624903
132 -0.07959907883928315 -0.09340340605692087
252 -0.11162596632272385 -0.14707700870030502
253 -0.11162596632272385 -0.16532442018864707
373 -0.1161971871762249 -0.16544614169431812
374 -0.1161971871762249 -0.16526558813820508
494 -0.14291376053753313 -0.16667536436163627
495 -0.14291376053753313 -0.16142293412969683
1614 -0.16485836926366162 -0.16814628589449357
1836 -0.1648706332077699 -0.27814647489346006
2058 -0.16487896460082335 -0.20112061912634505
2059 -0.16487896460082335 -0.16495781731496542
4228 -0.20021663442552348 -0.32136886319203484
4661 -0.20075165598289904 -0.21006959668412303
5135 -0.2064322252037086 -0.21924650472454893
6113 -0.27680699859369295 -0.32645505680639836
9180 -0.2999257574194203 -0.39656539287001785
11833 -0.3031645909129954 -0.40833982318860373
14042 -0.3088726940900114 -0.31303718840875683
19874 -0.31172731179792207 -0.32929723652788134
20701 -0.3159300590168387 -0.4910476990465533
22396 -0.32574142885125706 -0.34120403756736567
22648 -0.3886735512455445 -0.6146301219263649
46432 -0.4256898281270829 -0.4291752996799324
48046 -0.47433121918121135 -0.4841455470775114
82274 -0.48976136819234 -0.49004280621618956

11 -0.044047653369358335 -0.1934960317063895
131 -0.08994314324918141 -0.10467054768141835
132 -0.08994314324918141 -0.11390677447243262
696 -0.15509224973809468 -0.16440450970378775
1332 -0.1917294937836821 -0.2475579153179409
2209 -0.20966471300925996 -0.2163347232433599
3217 -0.21062464660433544 -0.22856287002805903
4216 -0.21304406258327563 -0.244549590800082
4217 -0.21304406258327563 -0.21622892591786938
5548 -0.23929017738956485 -0.24612412242871057
7334 -0.2803349824967582 -0.28785500639321615
9836 -0.283538721814673 -0.30820212102109845
13125 -0.3149024600484297 -0.34952158662484817
19310 -0.33347990901283825 -0.44743996491487387
21852 -0.3351086531541211 -0.37005213698284173
25434 -0.37407022202158974 -0.42038206430362307
28158 -0.384081178330917 -0.4069120891511011
46745 -0.4037869870876611 -0.4226419608530078
71154 -0.4323422811375123 -0.47883416847353694

11 -0.12095390912892266 -0.12571178535819574
283 -0.11575438878614082 -0.11970142079191616
403 -0.14132769022214117 -0.14314538109968716
626 -0.15202569835717025 -0.15589277127980758
857 -0.1602211701749255 -0.23877309892867318
858 -0.1602211701749255 -0.23077155832140167
978 -0.17397743262302362 -0.1865449292454152
979 -0.17397743262302362 -0.19087110041802124
1897 -0.17767763720150548 -0.17783596910131677
3107 -0.2181240217403652 -0.220665794886736
5205 -0.22925495921763026 -0.28701147310933783
5780 -0.2621247966326465 -0.26512257224732927
7122 -0.2877313901530301 -0.29133840610970807
11672 -0.3039676996188497 -0.3077414115339141
15970 -0.3126890804929857 -0.33992883037299965
18068 -0.32089595719735114 -0.33417425609562307
35182 -0.338406928062595 -0.35875021294954945
41397 -0.35486358458840705 -0.3586060687918432
42516 -0.35704435165955306 -0.36928552308462953
66129 -0.3571808800743115 -0.4067674372701167
66754 -0.37848418701620695 -0.5319346300736552
94342 -0.40676348129395873 -0.42316311957577285

61 -0.09703318346788653 -0.10104584572992102
181 -0.13940668220470503 -0.19061667926797096
182 -0.13940668220470503 -0.17179187032073887
525 -0.17807551931940116 -0.18327608638121606
857 -0.20817419064019835 -0.27769265883980454
858 -0.20817419064019835 -0.25929726383694773
1796 -0.2275556769770728 -0.2434122645348937
5933 -0.2320879180073989 -0.2496162974741879
8062 -0.23907137762033964 -0.25114599135858273
8960 -0.25119464177446543 -0.2533326391058254
12794 -0.3359108740488495 -0.3795493765914532
15972 -0.34172890673492673 -0.35976144094723067
25184 -0.3631599049079356 -0.37558998653929554
35789 -0.36703135293097305 -0.48101332125048035
45778 -0.37396280272522314 -0.3835383529083661
62488 -0.3967324359560924 -0.4259306141611445
83577 -0.4143814911718026 -0.5188008324926774

131 -0.11476597643273662 -0.1247022479913804
374 -0.14840521195573333 -0.14915486217565999
464 -0.1649374547214046 -0.20883922783805597
465 -0.1649374547214046 -0.18073495020317948
1251 -0.185868396871719 -0.21108169265842022
1473 -0.18632088169858183 -0.21919871735764618
1897 -0.18642124632454396 -0.20847266842469744
2683 -0.21551222270481313 -0.21752234963680936
3127 -0.21652402715079283 -0.29484340884114557
3128 -0.21652402715079283 -0.21666372023208627
3914 -0.2410766736984335 -0.24294456925456415
3915 -0.2410766736984335 -0.25834977544432164
5771 -0.27303551573148555 -0.2858315853584655
6093 -0.2887431964328406 -0.4742305484161345
10825 -0.3221737142286113 -0.3269746235508604
11299 -0.3408935139164109 -0.34553597017022336
13518 -0.3485499541942402 -0.37051512930999814
15616 -0.3533030475932387 -0.3995041857313982
16776 -0.3843988421585653 -0.5199960751081708
20882 -0.3864418676627345 -0.3952428723401795
21769 -0.39640039853164877 -0.5970156788104011
22636 -0.40377037852057734 -0.580728785188788
49286 -0.4636527016932304 -0.49678698537376675
72051 -0.4676039391099355 -0.4828719018551431

