pass_rich_shubert2_step0_poor10rich0
eval_cnt worst_rich_fitness new_rich_fitness
11 11.061572054430327 -6.238647878009638
12 11.061572054430327 -20.52495091424494
14 11.061572054430327 -3.568492267840941
16 11.061572054430327 5.844993531271622
17 11.061572054430327 -7.689913237671793
18 11.061572054430327 -10.00938919725696
19 11.061572054430327 -59.039374885285184
160 -71.18726122011627 -74.99876505629332
190 -74.99876505629332 -79.14981806948052
471 -79.15412054368083 -79.31822582957119
643 -79.31822582957119 -79.3628125543178
884 -79.36640083900113 -79.39334981240114
1438 -79.39765836266186 -79.4059699969659
2174 -79.41091299177045 -123.19644539958331
2255 -154.88026110138594 -154.90323440934233
2291 -154.94443115124818 -184.37093175323784
2455 -184.37093175323784 -185.8588223523624
2476 -185.8588223523624 -186.3017210271886

11 5.592973455241628 0.16884791183377146
13 5.592973455241628 -43.610134572348606
14 5.592973455241628 -0.4261279802076779
15 5.592973455241628 1.411568284561272
17 5.592973455241628 -6.205107503030116
18 5.592973455241628 3.8526745063323142
19 5.592973455241628 -2.4302975511963902
346 -123.28043261265553 -123.29430239962805
411 -183.48353715271776 -185.38405222755642
530 -186.15614630471302 -186.1643457554924
542 -186.1643457554924 -186.16576309417638
600 -186.1739401204314 -186.26249952351574
652 -186.26249952351574 -186.26580883538904
843 -186.42244738427195 -186.55115078077216
943 -186.55115078077216 -186.5524718138733

18 -13.264393547620399 -31.023322102006386
37 -31.023322102006386 -45.712813591755626
41 -45.712813591755626 -77.08857118347846
301 -120.20454389203634 -122.36803991656872
321 -122.36803991656872 -122.4152960610597
370 -122.4152960610597 -122.49311511690183
381 -122.49311511690183 -122.85369597429519
401 -122.85369597429519 -123.0907392650884
421 -123.0907392650884 -123.30740822373174
527 -123.30740822373174 -123.33084618381802
591 -123.33084618381802 -123.33505926193519
656 -123.33613712668233 -123.55118467100864
882 -123.55118467100864 -123.57007809111242
924 -123.57007809111242 -161.7470631888477
1030 -178.7918713383163 -181.98116196879425
1069 -181.98116196879425 -185.8088106219293
1072 -181.98116196879425 -185.11150459509378
1096 -185.8088106219293 -186.2165380183678
1191 -186.2165380183678 -186.69808335680514

11 4.205289439495486 -8.15582373206958
12 4.205289439495486 -8.171556407166229
13 4.205289439495486 -4.502593507856322
17 4.205289439495486 -25.408220944414516
18 4.205289439495486 -6.858962328685677
19 4.205289439495486 -5.6614531918667135
59 -25.408220944414516 -39.86019147278426
229 -54.35887442950386 -54.36883603237512
289 -54.36883603237512 -160.82308861223686
379 -183.14079749624102 -185.40686427109486
429 -185.40686427109486 -185.64120368100401
498 -185.64120368100401 -186.72766086256067

11 3.166820090410477 -6.1263706424999445
12 3.166820090410477 -22.28641243340865
13 3.166820090410477 2.3240354359641224
14 3.166820090410477 1.4237124786599293
15 3.166820090410477 -9.412337537190487
16 3.166820090410477 -8.389935598114823
48 -22.28641243340865 -29.715917678014527
89 -35.888899297694465 -43.42499649356742
202 -46.0478896694163 -49.47923009717463
300 -49.47923009717463 -50.99736754660885
360 -50.99736754660885 -51.45057940979626
397 -51.45057940979626 -52.85421630161243
478 -52.950759847575576 -129.94622877618824
479 -52.950759847575576 -104.83813549076376
480 -52.950759847575576 -132.25258375255981
500 -132.25258375255981 -167.37314537551956
509 -167.37314537551956 -186.4994347294532
676 -186.4994347294532 -186.55789436353186
1118 -186.57243802223795 -186.69474285234568
1272 -186.69474285234568 -186.70875923703952
1697 -186.71575444592213 -186.71857122509005
1728 -186.71857122509005 -186.71950579744697

11 6.3690677162938965 2.0829270575502696
12 6.3690677162938965 -1.8770815177333404
14 6.3690677162938965 -15.350454366041758
15 6.3690677162938965 0.45411599071860265
16 6.3690677162938965 5.147575945808864
17 6.3690677162938965 4.669737296984346
18 6.3690677162938965 -13.393847468869945
19 6.3690677162938965 -0.045250747286152124
91 -23.772890417271977 -27.665559775013822
511 -184.7101563243431 -186.04895018678494
522 -186.04895018678494 -186.61928515655208

18 -5.609834839544647 -8.622445672022849
25 -8.999793418284861 -14.9651011910107
69 -14.9651011910107 -41.459689897030934
345 -52.03255564907783 -75.55951473720427
441 -113.89257926726435 -114.78321646240202
450 -114.78321646240202 -120.92314460025906
451 -114.78321646240202 -115.74665430419067
455 -120.92314460025906 -124.09886255429865
457 -120.92314460025906 -121.79609720120911
560 -185.00958789159554 -186.0523983750384
567 -186.0523983750384 -186.13450155247756
570 -186.0523983750384 -186.2867897883953
586 -186.2867897883953 -186.70984588610955

13 -16.257500038562238 -43.236087678507566
68 -43.68147490912118 -44.94649977669117
69 -43.68147490912118 -49.19207679960339
230 -49.19207679960339 -49.317023713004154
300 -49.317023713004154 -64.24072124632686
389 -74.64909800093103 -125.67710955472785
420 -125.67710955472785 -155.04365552664026
428 -155.04365552664026 -172.67463955650828
429 -155.04365552664026 -157.4750199411405
439 -172.67463955650828 -178.78328845143193
449 -178.78328845143193 -186.55745428079575
460 -186.55745428079575 -186.6964029709799
570 -186.6964029709799 -186.7130826030003

11 41.1526472003763 1.2215546548645007
12 41.1526472003763 2.680521508182408
13 41.1526472003763 0.07130441200520264
14 41.1526472003763 -22.086407240934612
15 41.1526472003763 -19.666049553546216
16 41.1526472003763 -15.801411619323588
17 41.1526472003763 4.419337204488184
18 41.1526472003763 -0.8925603751767499
19 41.1526472003763 -0.41471475641226846
28 -22.086407240934612 -29.092657253036347
67 -33.18127218843744 -38.03371797795144
119 -38.03371797795144 -39.49337447430626
129 -39.49337447430626 -40.101586502510095
260 -49.72644830957389 -51.082211007416255
310 -51.082211007416255 -51.08561344303065
318 -51.08561344303065 -51.8611788898645
409 -51.8611788898645 -51.99994146601086
496 -52.049919992293454 -54.35709264203715
2758 -54.40486543901656 -105.61654186040518
2764 -105.61654186040518 -119.47444409005703
2839 -180.79768965762406 -183.56416970794146
2983 -183.56416970794146 -185.28404961013575
3392 -186.63067249907695 -186.6960888330063
3806 -186.6960888330063 -186.70125995915572

70 -51.31846667771212 -60.80952911161095
329 -123.41822106824817 -126.47497609822953
332 -123.41822106824817 -177.4665632920767
412 -177.4665632920767 -183.98974931840374
430 -183.98974931840374 -185.90963489841192
550 -185.90963489841192 -186.5530397765732
774 -186.5530397765732 -186.63768760937884
1257 -186.68768430792682 -186.68931625848919
1399 -186.68931625848919 -186.7059249889636

11 2.2296452878671658 -35.71560535872191
12 2.2296452878671658 -10.207147590939092
15 2.2296452878671658 -3.5956220191788395
16 2.2296452878671658 1.8324601513332943
18 2.2296452878671658 2.172054007993063
19 2.2296452878671658 -3.687016960695813
129 -53.68289224885687 -54.200093731895016
379 -54.22832901651806 -54.32275072581554
401 -54.32275072581554 -54.37960643683352
527 -54.38137676007418 -64.67487881501714
641 -64.67487881501714 -77.66974164216558
662 -77.66974164216558 -78.05537178660224
732 -78.05537178660224 -78.68645686884479
781 -78.68645686884479 -79.2698341098106
877 -79.2698341098106 -79.40182606993656
2579 -79.41091312842316 -85.6033723077569
2626 -119.7646087354911 -150.85393215908394
2642 -150.85393215908394 -175.50221466689544
2645 -150.85393215908394 -161.39275889604764
2669 -175.50221466689544 -180.46041632626563
2671 -175.50221466689544 -176.1054163874163
2681 -180.46041632626563 -184.05690384754678
2908 -184.05690384754678 -184.39474447338452
2921 -184.39474447338452 -185.23375296883208
2986 -185.23375296883208 -185.58143468342507
3228 -185.58143468342507 -186.07406874452965
3511 -186.07406874452965 -186.48964195376635

11 -0.3270717126395122 -0.3418108523687875
12 -0.3270717126395122 -34.77705091831669
15 -0.3270717126395122 -1.7738409421073795
48 -34.77705091831669 -63.9196148264487
673 -78.94892988662063 -79.19478641234178
805 -79.19478641234178 -79.3606292463137
1755 -79.41091298688944 -128.4395308147081
1944 -161.9811517686974 -164.8809192581607
1993 -164.8809192581607 -174.97828166615372
1994 -164.8809192581607 -170.3549932946687
2017 -174.97828166615372 -186.37049560255707
2292 -186.37049560255707 -186.64970730615738

12 3.9883075930752643 2.3446965817811734
13 3.9883075930752643 -1.6821219361840583
14 3.9883075930752643 -1.0083353717593375
15 3.9883075930752643 -3.107614255895691
16 3.9883075930752643 -6.190191049836086
18 3.9883075930752643 -2.5649307890633084
19 3.9883075930752643 -4.77272745535777
47 -9.811642291738394 -11.179254809361156
57 -11.179254809361156 -12.386757698777359
66 -12.386757698777359 -28.22830767880102
270 -38.49833957211498 -49.57250894031086
390 -123.28469929034874 -123.51101329144223
2648 -123.57677080973814 -144.67666939120178
2723 -156.51645808136874 -167.513460880336
2727 -156.51645808136874 -160.53043135374423
2728 -156.51645808136874 -159.75036743034843
2734 -167.513460880336 -177.70911208646558
2743 -177.70911208646558 -183.97415090088984
2780 -183.97415090088984 -185.6358297051031
3396 -185.6358297051031 -185.83783326698702

11 6.415578377051284 1.3224341687439072
13 6.415578377051284 -2.232014034005148
14 6.415578377051284 -0.020705826557365272
15 6.415578377051284 -3.2828051048595945
18 6.415578377051284 2.824561965807654
28 -3.2828051048595945 -3.895111859443738
36 -3.895111859443738 -4.215065523425045
39 -3.895111859443738 -7.54673770414454
58 -7.54673770414454 -9.438599421779015
91 -12.749253846633714 -49.78774377367763

15 -6.2611218594636435 -9.997508454597398
16 -6.2611218594636435 -32.99053100948594
18 -6.2611218594636435 -18.515794976960915
89 -32.99053100948594 -36.578567136797425
168 -36.578567136797425 -36.97183503015476
169 -36.578567136797425 -36.92228945312161
197 -36.97183503015476 -46.75467004428574
199 -36.97183503015476 -37.365863211147
340 -50.22731892286814 -73.51615033159815
501 -75.71148359331768 -75.7569846121942
510 -75.7569846121942 -100.22949217944534
541 -164.26398181636677 -180.0884168501025
551 -180.0884168501025 -182.73116376581893
600 -182.73116376581893 -185.10968798861893
610 -185.10968798861893 -186.4024944118679
685 -186.4024944118679 -186.42405298558836
781 -186.42405298558836 -186.7262805772033

11 1.2653368540541237 -32.56632665442754
12 1.2653368540541237 -3.94653713005877
13 1.2653368540541237 -33.42557200416583
18 1.2653368540541237 -1.1805411142199573
19 1.2653368540541237 -1.7940606127204801
29 -33.42557200416583 -37.32781342499259
88 -37.32781342499259 -71.26407751729043
270 -76.63769621259979 -76.80270344540565
280 -76.80270344540565 -77.60214101316042
289 -77.60214101316042 -78.19492969086605
380 -78.19492969086605 -78.3220160305654
389 -78.3220160305654 -79.36283342048777
886 -79.39248201951087 -109.1633587355935
1267 -185.1684299863499 -186.71085839980825
1407 -186.71085839980825 -186.73031324241626

13 -5.803996748627877 -21.6458055345305
18 -5.803996748627877 -13.750542734204597
22 -21.6458055345305 -43.96098017485092
69 -114.14567290914675 -121.06522088200428
128 -121.06522088200428 -123.19235551437356
129 -121.06522088200428 -122.07863574658484
148 -123.19235551437356 -123.531498824864
378 -123.531498824864 -123.57219123961676
3277 -123.576770837646 -159.67198272081572
3311 -159.67198272081572 -162.2178217431751
3364 -162.2178217431751 -180.01282195628787
3390 -180.01282195628787 -181.35309777680564
3407 -181.35309777680564 -183.73027609745589
3443 -183.73027609745589 -184.5220277903746
3510 -184.5220277903746 -186.442751390992
4020 -186.442751390992 -186.4462777801797

12 -8.752102391827341 -45.74518942324103
19 -8.752102391827341 -21.515632746882876
29 -45.74518942324103 -97.86957676874458

12 -8.294453017715501 -36.214501184893166
18 -8.294453017715501 -9.59797292705066
78 -42.541399714803575 -47.01177706228328
199 -123.48195676517098 -176.93346992505448
280 -177.49373767344161 -182.03257675157272
290 -182.03257675157272 -186.2134530110031
387 -186.2134530110031 -186.57594494317453
518 -186.57594494317453 -186.57747681903555
681 -186.57747681903555 -186.61422668734954
689 -186.61422668734954 -186.6358912529384

11 10.496720471236594 4.945623583069351
12 10.496720471236594 2.9466915659814994
14 10.496720471236594 -7.368949335968828
15 10.496720471236594 9.577746848033495
16 10.496720471236594 0.6794459312580152
17 10.496720471236594 -16.999936068090157
18 10.496720471236594 -8.722279676530125
19 10.496720471236594 -1.803486976368563
81 -28.193895463331653 -38.208730937054945
199 -122.27246437268354 -179.84055812581892
239 -179.84055812581892 -185.36587959826036
508 -186.56025169869991 -186.60699308232225
567 -186.60699308232225 -186.6172974301157
692 -186.6172974301157 -186.64718716519914

16 -23.533875096813382 -98.44653869363368

12 -8.011096258847823 -22.178939115531175
29 -22.178939115531175 -24.5722183039129
146 -36.8366766498577 -50.24997997399232
451 -78.18021114696634 -79.1200262642773
811 -79.24608522967395 -79.37808742384341
835 -79.37808742384341 -79.37868788925391
1246 -79.40304049565643 -89.36927728486594
1566 -185.5873465789071 -186.51005098488866

11 6.767018737638442 4.737718039207556
12 6.767018737638442 -3.3544794102172606
13 6.767018737638442 1.7156917404601326
15 6.767018737638442 2.9457171964156346
17 6.767018737638442 -0.08055548207487236
18 6.767018737638442 0.3445954589201099
19 6.767018737638442 -4.895091127390264
39 -4.895091127390264 -10.04817764568581
56 -10.04817764568581 -11.938014227680418
77 -12.283700850266724 -24.47116313153096
79 -12.283700850266724 -13.68260147585971
228 -35.32527587415934 -36.08820374263293
230 -35.32527587415934 -50.02909847637336
340 -51.757890881718865 -52.12183046630171
389 -52.12183046630171 -52.14934357111397
428 -52.14934357111397 -53.87603051859922
439 -53.87603051859922 -54.34898282598342
457 -52.40765859964144 -52.77665460381624
459 -52.40765859964144 -52.66125437795963
476 -52.77665460381624 -53.126823251089334
479 -52.77665460381624 -53.255376992723065
488 -53.255376992723065 -54.34021218894912
490 -53.255376992723065 -54.31350203813536
554 -54.34021218894912 -114.3316192311339
770 -179.62880108574032 -179.67217969344821
781 -179.67217969344821 -183.9270692667438
800 -183.9270692667438 -185.53652346196554
857 -185.53652346196554 -185.88764017219245
908 -185.88764017219245 -186.44550720443797
1100 -186.44550720443797 -186.56280284590858
1119 -186.56280284590858 -186.57699911998296
1142 -186.57699911998296 -186.57972693740092
1277 -186.59705475450716 -186.7178620401148

11 32.90009951219136 -4.783493032313186
12 32.90009951219136 1.111193922199767
13 32.90009951219136 -38.10404153832626
14 32.90009951219136 8.318319587751478
15 32.90009951219136 32.37463821828166
16 32.90009951219136 10.873586264437462
17 32.90009951219136 -1.1551137215433167
18 32.90009951219136 8.884843628761653
19 32.90009951219136 -5.266475317837611
59 -48.98846625439323 -49.06077124211065
139 -54.32427856126944 -91.36424917899679
271 -164.79765404978465 -172.95238796621067
341 -179.76305294542541 -182.0809366494775
361 -183.74509338922277 -184.17055920964734
426 -184.17055920964734 -185.04407921495934
427 -184.17055920964734 -184.7923459564784
429 -184.17055920964734 -185.6080569408031
501 -185.6080569408031 -185.89171075863143
510 -185.89171075863143 -186.54137746268768
675 -186.54137746268768 -186.5593808270959
730 -186.5593808270959 -186.6873747674886
732 -186.5593808270959 -186.6003128793332
742 -186.6873747674886 -186.72542161809255

11 11.873121118834069 3.489104770368572
12 11.873121118834069 -3.8216418511003654
13 11.873121118834069 -3.1425213430214023
14 11.873121118834069 0.7770775902226302
15 11.873121118834069 1.531311589421416
16 11.873121118834069 -4.276698905773477
17 11.873121118834069 -19.113197094244107
18 11.873121118834069 -34.76106570256878
19 11.873121118834069 -26.615373793637982
48 -35.01099967556602 -45.974335224834185
99 -45.974335224834185 -50.148945331889166
149 -50.148945331889166 -50.94923071388427
230 -50.148945331889166 -51.890175875665264
329 -51.890175875665264 -51.9564468462949
389 -51.9564468462949 -52.004818203539486
480 -52.004818203539486 -52.026455929589446
560 -52.02645593009869 -54.26884502624772
783 -54.26884502624772 -68.76978472989195
899 -54.381349728418954 -54.38786330124462
913 -54.38786330124462 -54.388128017146244
1671 -54.40486524579137 -72.36311871320832
1712 -72.36311871320832 -88.27419740933108
1739 -88.27419740933108 -90.10188259482815
1745 -90.10188259482815 -121.73143297264424
1746 -90.10188259482815 -119.28456340096149
1749 -90.10188259482815 -105.42541661299737
1764 -121.73143297264424 -123.29569509188089
2968 -123.56821409193726 -175.80781002840317
3034 -175.80781002840317 -184.54687571095943
3035 -175.80781002840317 -181.14267022820582
3136 -184.54687571095943 -185.54576095882084
3390 -185.54576095882084 -186.66694651737313

11 0.29857482233703275 -32.84919777156587
13 0.29857482233703275 -9.383883298675642
15 0.29857482233703275 -16.701378863030907
16 0.29857482233703275 -44.80747759642215
17 0.29857482233703275 -1.192644680370871
18 0.29857482233703275 -2.2268785411611876
19 0.29857482233703275 0.24011555385848932
78 -53.82694276049078 -58.12044696301818
421 -79.25909648644374 -98.44779721319736
440 -98.44779721319736 -151.83127092813538
452 -151.83127092813538 -168.0623813058618
472 -168.0623813058618 -175.29716516031976
502 -175.29716516031976 -180.28326578325715
512 -180.28326578325715 -180.65700536555218
521 -180.65700536555218 -182.2581055214964
552 -182.2581055214964 -184.69225359265295
570 -184.69225359265295 -185.59237727623272
621 -185.59237727623272 -186.2714449516448
953 -186.2714449516448 -186.60708887448752

11 2.5223995123001623 -0.06571670623292555
12 2.5223995123001623 -3.4750114669891765
16 2.5223995123001623 2.1092573608440506
17 2.5223995123001623 -107.2196003858425
19 2.5223995123001623 -9.148746192013423
591 -186.6201767356633 -186.66926618613655
664 -186.66926618613655 -186.67906966241642

12 -1.322638331565457 -29.73302243172198
13 -1.322638331565457 -8.85321573656501
16 -1.322638331565457 -9.82840676824583
17 -1.322638331565457 -10.375242574709448
18 -1.322638331565457 -2.8037680790717756
19 -1.322638331565457 -5.622188125526698
49 -30.559526863601775 -42.41070659192951
240 -52.47591959063944 -68.52549977567315
358 -68.52549977567315 -72.75620329086263
371 -72.75620329086263 -73.61314246197354
391 -73.61314246197354 -78.59330755508077
411 -78.59330755508077 -78.78787691637454
501 -78.78787691637454 -78.79120688178827
511 -78.79120688178827 -79.37141325049762
974 -79.38209552212811 -79.39020706213961
1017 -79.39020706213961 -153.9121014910941
1455 -186.58430306355825 -186.66399541688955
1579 -186.66399541688955 -186.6906337727098

11 4.734058559355612 -2.5117503986095833
12 4.734058559355612 -0.9951725457649014
13 4.734058559355612 -19.10826160809624
15 4.734058559355612 2.6676086055190504
17 4.734058559355612 1.326531709775341
18 4.734058559355612 -21.735103595822736
19 4.734058559355612 -70.56749063721774
218 -78.74515709911397 -86.99295784367803
350 -176.98091136234132 -179.60446400715247
351 -176.98091136234132 -183.663797831352
389 -183.663797831352 -184.856326935586
391 -183.663797831352 -183.72271561138692
470 -184.856326935586 -185.05905004002
481 -185.05905004002 -186.61115713143653

11 -21.295089884968032 -44.58236016210227
14 -21.295089884968032 -114.73255710119537
16 -21.295089884968032 -36.63530050201414
600 -185.88477470404396 -186.36668718034966
745 -186.36668718034966 -186.70108287057892

12 3.4951326440713446 -3.404546078520103
13 3.4951326440713446 -4.284998076879718
14 3.4951326440713446 1.6108959401617555
17 3.4951326440713446 0.39226365802112034
18 3.4951326440713446 -3.771489101682566
19 3.4951326440713446 -5.288411059080942
25 -5.288411059080942 -20.607049989240537
26 -5.288411059080942 -6.080564871476723
68 -32.30817152768201 -48.154411654270085
89 -48.154411654270085 -48.99902609630454
129 -48.99902609630454 -67.0704170958764
229 -78.87507776478205 -115.0666152930434
641 -186.02558348117287 -186.46895797492775
726 -186.46895797492775 -186.64670932187664
853 -186.64670932187664 -186.64874461819636
1224 -186.6911230563806 -186.69206070665408
1256 -186.69206070665408 -186.6921819734221

12 3.1678811084459624 -13.930465729892514
13 3.1678811084459624 -3.1223205110258134
14 3.1678811084459624 0.5088245014203447
15 3.1678811084459624 -4.809142487620131
16 3.1678811084459624 1.7100533543903556
18 3.1678811084459624 -80.30676246319653

12 0.9129427433307736 -5.623595942537818
13 0.9129427433307736 -0.6089746971030269
14 0.9129427433307736 -2.5967584900997163
16 0.9129427433307736 -9.57458564425565
17 0.9129427433307736 -26.7497362463198
69 -26.7497362463198 -41.28261424336174
269 -46.43940006519659 -55.55926369096963
470 -76.90321638481272 -97.28912705165688
501 -105.4483175661667 -157.22153553446415
551 -159.53114470614804 -173.38277470998864
571 -173.38277470998864 -178.14496606045168
581 -178.14496606045168 -181.71874925807617
621 -181.71874925807617 -183.65053969048836
671 -184.06022274092194 -185.14493437895325
681 -185.14493437895325 -186.0363283090758
689 -186.0363283090758 -186.6388537343586
847 -186.68123810886777 -186.71738718973046

11 12.318529648006084 -5.6411604263111235
12 12.318529648006084 -0.9130131110432436
13 12.318529648006084 -0.6574218481603699
14 12.318529648006084 -6.033284676378642
15 12.318529648006084 5.046175057084515
18 12.318529648006084 12.227100248924035
28 -6.033284676378642 -6.586024307997336
29 -6.033284676378642 -8.415675699754184
42 -8.415675699754184 -10.694933621158741
57 -10.694933621158741 -15.974961502156697
270 -51.137165524302425 -51.45472677947053
391 -51.79231924883468 -52.14640578567095
459 -52.14640578567095 -52.44895077894793
538 -52.44895077894793 -52.46534546273334
646 -52.46534546273334 -52.510660488155914
806 -52.510660488155914 -52.53237059698418
2145 -52.55340030696495 -113.63202414946917
2196 -52.55340036678288 -110.27628977729857
2284 -110.27628977729857 -110.72561885946642
2455 -119.08623221874404 -122.9854882771231
2771 -122.9854882771231 -138.5470328527582
2826 -152.56065268670747 -181.13817319674666
2846 -181.13817319674666 -183.91686049363636
2946 -183.91686049363636 -186.25343647529073
3084 -186.25343647529073 -186.5599379138137

11 -3.5871566710615816 -12.877192110091032
19 -3.5871566710615816 -4.005397042994938
56 -12.877192110091032 -17.318556540645602
57 -12.877192110091032 -42.38997827569854
58 -12.877192110091032 -15.264157182135277
79 -42.38997827569854 -47.52485159783282
159 -47.52485159783282 -50.4327357849286
199 -50.4327357849286 -51.60552094620975
208 -51.60552094620975 -74.1672794441676
259 -89.50167766697089 -110.88386087826923
279 -110.88386087826923 -113.50491603790823
318 -113.50491603790823 -146.96101086989972
450 -178.83528604625639 -180.50928602976484
460 -180.50928602976484 -184.7640680158457
639 -186.44685627839948 -186.7010488939976

48 -36.51708189257119 -72.42997633285705
366 -78.88725676771729 -86.84539843888682
368 -78.88725676771729 -91.9601678463535
381 -91.9601678463535 -178.40671793830643
391 -178.40671793830643 -183.87401441927864
480 -184.32691521742447 -186.43556791243427
481 -184.32691521742447 -185.19309472597246
686 -186.43556791243427 -186.69406156488813
832 -186.69406156488813 -186.72168446674547

12 -0.14276423106997088 -43.73723272357451
15 -0.14276423106997088 -9.991960114856585
16 -0.14276423106997088 -9.49255475193625
17 -0.14276423106997088 -8.92338137105848
18 -0.14276423106997088 -30.17097362560882
19 -0.14276423106997088 -8.818139898749653
49 -44.00984539130717 -44.07921199950725
350 -79.23509224065175 -79.36706436877338
571 -79.36706436877338 -79.3907492411602
612 -79.3907492411602 -79.40441079413316
1838 -79.41091319423028 -109.34431141772502
2219 -180.75700678213283 -185.97306961326467
2323 -185.97306961326467 -186.67908208866683

13 1.2895391339872495 0.8367468764302903
14 1.2895391339872495 -26.15830795211817
17 1.2895391339872495 -18.91795182795417
18 1.2895391339872495 -2.8335285349107338
29 -26.15830795211817 -32.365710067874396
39 -35.91297964120903 -65.63497086697389
258 -77.93392941953047 -134.50140032744827
380 -178.78648459849217 -179.44367644949622
389 -179.44367644949622 -182.31606379643333
431 -182.31606379643333 -183.84483640652496
468 -184.4964878462273 -185.25602829758336
469 -184.4964878462273 -186.3280242423339

12 -3.2759983740163703 -4.145187432039452
25 -4.145187432039452 -8.903288778918196
31 -8.903288778918196 -18.65778051413092
107 -48.397096371241275 -95.02069741233413
270 -178.55116408332643 -184.418471895204
300 -184.418471895204 -185.42343582000274
377 -185.42343582000274 -185.9610116305948
571 -185.9610116305948 -186.12752072721088
600 -186.12752072721088 -186.6504333523418

11 2.45364194088708 -19.08113183941963
12 2.45364194088708 -12.090032368984211
16 2.45364194088708 -18.1458314417104
17 2.45364194088708 -0.024601603592346092
19 2.45364194088708 -2.5019953275380655
28 -19.08113183941963 -26.00564802586272
44 -34.40759283791645 -115.01286103967233
309 -185.34326759372573 -186.34550272204868
537 -186.34550272204868 -186.66028432256275

13 -0.8414176704687658 -4.93969676861525
15 -0.8414176704687658 -38.38256656756789
16 -0.8414176704687658 -2.354238756678951
290 -51.69464194371238 -51.955296096409604
301 -51.955296096409604 -51.95769641296951
404 -51.965661411711395 -96.40471216279515
874 -185.9356482977083 -186.3407281275414
1006 -186.3407281275414 -186.42815594677623
1021 -186.42815594677623 -186.52045562800578
1030 -186.52045562800578 -186.6282438721279
1036 -186.52045562800578 -186.70017842747717

12 -0.790595583576522 -12.924266416273788
14 -0.790595583576522 -6.40731484230115
15 -0.790595583576522 -9.157128260075888
19 -0.790595583576522 -1.7793333448053068
37 -12.924266416273788 -22.714796374611538
79 -26.994501468113125 -44.32869332499906
149 -51.51641024693862 -124.19910937483488
280 -178.00612536637323 -180.3597313832356
290 -180.3597313832356 -185.82935325294667
832 -186.31251993117806 -186.57301084728792
904 -186.57301084728792 -186.58031988721146
941 -186.61671509932663 -186.638517117974

11 6.867238785561184 0.4846446328797837
12 6.867238785561184 4.610074896225676
13 6.867238785561184 0.8663519796254561
14 6.867238785561184 5.9690285602226885
16 6.867238785561184 -0.09642815569750755
17 6.867238785561184 2.5925321619193715
18 6.867238785561184 -1.8876167047024393
19 6.867238785561184 1.7688308915634183
25 -1.8876167047024393 -4.195183267723332
54 -9.399370566009635 -26.453471748667745
56 -9.399370566009635 -10.082043317904148
57 -9.399370566009635 -24.952772388060588
149 -37.626390098339805 -50.499306353062444
217 -52.036678851832114 -52.69217951147803
309 -89.73592359667423 -137.1779584716196
369 -157.17177666141487 -177.5293186665739
379 -177.5293186665739 -180.4354980540509
429 -181.301257236976 -185.254786577107
459 -185.254786577107 -186.44909685041705
527 -186.44909685041705 -186.59986482251716

14 -15.03964797652662 -61.283945897749646
18 -15.03964797652662 -17.79284357795491
1090 -123.57677076238251 -157.10361905611555
1134 -157.10361905611555 -158.37593191750463
1148 -158.37593191750463 -185.92646270403375
1363 -185.92646270403375 -186.4041982286023
1394 -186.4041982286023 -186.4788768352656
1624 -186.4788768352656 -186.57516004186812

13 6.0207352908042155 0.7431961597955595
15 6.0207352908042155 -0.22641455671798238
17 6.0207352908042155 0.838332846614288
18 6.0207352908042155 -3.7337545144476927
19 6.0207352908042155 -3.525758275068427
39 -6.861842746987947 -42.00777488754431
46 -42.00777488754431 -47.87414704715515
240 -181.9681910422869 -184.55586394130867
260 -184.55586394130867 -185.82262817336107

66 -34.52861616412091 -113.28591401456272

11 -15.359430332290183 -19.686398099599785
29 -27.599916245718116 -45.19113846204489
939 -52.05034104383978 -53.25447016165679
1163 -53.25447016165679 -53.35617586658409
1217 -53.35617586658409 -53.5668751360355
1242 -53.5668751360355 -53.95595946325101
1292 -53.95595946325101 -54.34290656215718
1521 -54.34290656215718 -65.67308363804241
1522 -54.34290656215718 -112.11168882207616
1627 -112.11168882207616 -116.77277375187201
1640 -116.77277375187201 -117.66720917729671
1645 -117.66720917729671 -123.40794543392654
1649 -117.66720917729671 -122.88802914951944
2046 -123.40794543392654 -162.77423872867877
2051 -123.40794543392654 -123.553141223788
2097 -162.77423872867877 -163.74097116334445
2121 -163.74097116334445 -172.96853331661777
2122 -163.74097116334445 -170.12063772351252
2130 -172.96853331661777 -180.9379325212891
2142 -180.9379325212891 -184.1768011614567
2181 -184.1768011614567 -184.64682546828638
2188 -184.64682546828638 -185.8377992631581
2413 -185.8377992631581 -186.0718226129204

11 -38.438617760817515 -167.81691353736514
79 -168.52736343757445 -181.48680756030174
109 -181.48680756030174 -183.45678927851978
148 -183.45678927851978 -185.7696434814059
218 -185.7696434814059 -186.68324062761744
286 -186.68324062761744 -186.72008396603542

11 13.227035020428216 1.1902893899324618
12 13.227035020428216 7.572728687246242
14 13.227035020428216 3.172094163078285
16 13.227035020428216 5.604539546100166
17 13.227035020428216 -7.744629831349998
18 13.227035020428216 -4.373483530986965
19 13.227035020428216 -0.4351157708360509
147 -29.624368441961415 -44.86846440909293
219 -44.86846440909293 -48.050390338266695
220 -44.86846440909293 -46.3738945887845
229 -49.56833017311589 -51.49542495823406
230 -49.56833017311589 -49.6605053840722
240 -51.49542495823406 -51.74923052399194
280 -51.74923052399194 -51.77492831409908
299 -51.77492831409908 -65.5670251572912
360 -74.42486728940501 -76.95854993843841
409 -78.3558142791971 -160.24812089138706
510 -184.00957124201616 -186.1209405513977
550 -186.1209405513977 -186.15384747941397
630 -186.15384747941397 -186.30419531696572
639 -186.30419531696572 -186.66626612545758

321 -185.8864219106175 -186.64365740678602
421 -186.64365740678602 -186.72924228388854

11 0.7917854062252817 -0.16321231841193648
12 0.7917854062252817 -10.17803567470803
15 0.7917854062252817 -4.38055463538804
16 0.7917854062252817 -7.452139234003102
17 0.7917854062252817 -20.03493259717253
18 0.7917854062252817 -36.55479155802506
19 0.7917854062252817 -0.6359792309619795
59 -36.55479155802506 -48.66251529456879
129 -48.66251529456879 -48.90527477991696
280 -52.13498003960552 -76.38164618190204
461 -122.95346968273635 -123.39605770902118
766 -123.39605770902118 -123.50941317965977
904 -123.50941317965977 -123.51660580300592
2628 -123.57677079923165 -125.50346822815405
2638 -125.50346822815405 -152.00762628035136
2654 -152.00762628035136 -163.01259934100878
2656 -152.00762628035136 -174.14603954097035
2658 -152.00762628035136 -184.84389495422187
2768 -184.84389495422187 -185.27364778970926
2771 -185.27364778970926 -186.5330300781998
3243 -186.5330300781998 -186.69017243087637

12 -6.667782726556267 -7.246096993828637
15 -6.667782726556267 -21.691785565086313
18 -6.667782726556267 -21.930008823994243
29 -21.930008823994243 -36.56774247185361
39 -36.56774247185361 -112.32925208301103
89 -112.32925208301103 -139.87461609400418
99 -150.6259007285978 -160.1936367661068
160 -174.13549209662972 -186.150145024859

12 -0.08487983128444988 -24.785704775862968
14 -0.08487983128444988 -11.064551308178954
15 -0.08487983128444988 -44.8984548172768
16 -0.08487983128444988 -5.944885147275979
18 -0.08487983128444988 -23.231385381027454
19 -0.08487983128444988 -0.537214513049067
37 -44.8984548172768 -123.42744929472175
49 -155.81410698528842 -160.14512556158473
59 -160.14512556158473 -181.7483990272393
69 -181.7483990272393 -184.22185038110388
149 -184.22185038110388 -185.05553176948808
209 -185.05553176948808 -186.02737540303113
319 -186.02737540303113 -186.20632344270194
480 -186.20632344270194 -186.4366805715319
500 -186.4366805715319 -186.62876287876912
621 -186.64964715550317 -186.6899583226203
762 -186.69351585865863 -186.71805243163124
933 -186.72345939547546 -186.7240564318172
943 -186.7240564318172 -186.72546482339072

11 -0.2778092294703866 -0.9743586768362503
13 -0.2778092294703866 -4.133056766736773
17 -0.2778092294703866 -3.7577397442687155
18 -0.2778092294703866 -5.432236521218149
19 -0.2778092294703866 -136.76846776604924
1401 -186.6394376593989 -186.66102328679543
1411 -186.66102328679543 -186.67385948307944

11 -3.4055955173804837 -15.101610821653233
15 -3.4055955173804837 -9.051505776901394
16 -3.4055955173804837 -7.639855218093397
27 -15.101610821653233 -19.759145711850095
37 -19.759145711850095 -22.424265077749325
46 -22.424265077749325 -31.33598436095816
48 -22.424265077749325 -28.4051220875807
190 -73.46933993348536 -79.3295412672543
311 -79.3295412672543 -79.35932982531023
559 -79.35932982531023 -79.37008171752818
734 -79.37008171752818 -79.40249063143338
1140 -79.409772187757 -162.0739564699078
1438 -172.45707112296947 -175.493029503762
1453 -175.493029503762 -179.94405770494527
1468 -179.94405770494527 -186.44619720169075

11 -0.8794788372615421 -3.811015091927975
12 -0.8794788372615421 -5.451518143141405
14 -0.8794788372615421 -58.7130062018045
15 -0.8794788372615421 -17.184685571876255
199 -76.74133206108118 -89.20602395577725
250 -110.30190210932548 -117.95086442470708
270 -117.95086442470708 -165.60689671595225
290 -172.14045383645998 -180.7296739555459
340 -180.7296739555459 -184.881307748278
369 -184.881307748278 -186.06983472893702
419 -186.06983472893702 -186.39403951082443
610 -186.39403951082443 -186.61071865241092
641 -186.61071865241092 -186.67749497300727
701 -186.67749497300727 -186.68217301072087

11 -4.162224897663879 -24.044394291285244
12 -4.162224897663879 -8.181613808554824
16 -4.162224897663879 -28.907484659195568
19 -4.162224897663879 -8.054515496224566
26 -28.907484659195568 -33.916908807876126
27 -28.907484659195568 -40.43764295166609
29 -28.907484659195568 -36.86648482516823
67 -44.02493296580521 -44.78820618871631
260 -53.5769793246443 -54.351191000564924
309 -54.351191000564924 -54.37129703808335
516 -54.37365288652338 -112.89648666409654
730 -176.7670117102455 -185.61533157475432
731 -176.7670117102455 -179.8204547769196
732 -176.7670117102455 -177.4111976351452
750 -185.61533157475432 -186.04911492313644
779 -186.04911492313644 -186.45346756343986
1000 -186.45346756343986 -186.47117209499243
1103 -186.47117209499243 -186.47344437266156

11 7.487470418725918 3.350264515378404
13 7.487470418725918 -65.0160017956839
14 7.487470418725918 -10.665551875952158
15 7.487470418725918 -6.593362358840333
16 7.487470418725918 6.685213950504922
17 7.487470418725918 -0.2932858941848792
19 7.487470418725918 -3.0495819182622412
229 -76.38755645532632 -107.2926708649197
249 -107.2926708649197 -160.78619439723587
300 -169.86067824828595 -185.69870791523456
409 -186.4323586160127 -186.43731714775188

11 104.93880573202102 -7.269042629464514
12 104.93880573202102 11.222971969831017
13 104.93880573202102 -23.287551275426434
14 104.93880573202102 -75.63652776201403
15 104.93880573202102 39.164440777972224
16 104.93880573202102 -7.976012317750991
17 104.93880573202102 -7.700041445773366
18 104.93880573202102 14.52100381474458
19 104.93880573202102 -2.5653584932703097
512 -79.40955932938364 -103.59459914188811
571 -103.59459914188811 -144.21933643978858
583 -171.87090693891383 -182.81807558316703
631 -182.81807558316703 -186.72897917750478

11 12.00559110588466 -2.8005320669613387
12 12.00559110588466 6.409537139262492
13 12.00559110588466 -3.8571678512393897
14 12.00559110588466 -2.1489197773077695
15 12.00559110588466 -32.64462264125765
17 12.00559110588466 -5.765032754188401
18 12.00559110588466 9.53962174187761
59 -43.71763407471841 -46.25439172271031
180 -46.25439172271031 -46.4096747759956
351 -46.4096747759956 -46.43971349435495
430 -46.43971349435495 -46.48961418982822
540 -46.48961418982822 -46.49047389852839
714 -46.491311589924614 -48.90210177104346
1033 -78.84418161262377 -128.6099862796039

11 -7.952194772802164 -15.381602707857281
32 -19.789468019784834 -37.54505530482627
58 -37.54505530482627 -37.876814130205034

11 15.624285763318017 0.47960890409465096
12 15.624285763318017 3.1828973726348875
13 15.624285763318017 3.228945734687711
16 15.624285763318017 -2.6979394929120595
17 15.624285763318017 7.017912425738989
18 15.624285763318017 -1.2711811646671658
19 15.624285763318017 -13.852556803939367
39 -13.852556803939367 -25.995209415753397
57 -25.995209415753397 -31.417836699474215
71 -34.20874618298363 -70.38396290037845
149 -168.70509327405023 -180.64178930585464
179 -180.64178930585464 -185.71463312884592
189 -185.71463312884592 -185.95300239069732
258 -185.95300239069732 -186.58481271079785
607 -186.58875571701216 -186.59131271823554

25 -8.81941474989645 -17.159783038634874
38 -17.159783038634874 -37.208102172764065
69 -40.709508963916434 -45.68103335753278
79 -45.68103335753278 -45.818408406022506
139 -45.818408406022506 -46.448727139766646
158 -46.448727139766646 -53.87075800784822
310 -118.8829156250726 -147.26733334918072
510 -184.71142736909889 -184.75275926367516
520 -184.75275926367516 -186.0272284655392
620 -186.0272284655392 -186.03408335582355
762 -186.1660955709793 -186.62636846068494
1064 -186.70257085120036 -186.7107320296932
1134 -186.7107320296932 -186.7127641430339

41 -75.78342927021279 -107.75821355158692
42 -75.78342927021279 -82.93340105133727
90 -107.17377381336348 -169.5051578947991
331 -184.90302797054028 -185.6687735506601

11 -6.237108132208989 -6.540383367653078
13 -6.237108132208989 -13.293986254807802
45 -21.396483017314033 -24.827588127505713
139 -37.63122265907715 -53.95157740500457
321 -74.26519145927021 -79.13664560798424
341 -79.13664560798424 -79.13846089088999
411 -79.13846089088999 -79.22703399763897
509 -79.22703399763897 -101.81118256186693
519 -101.81118256186693 -101.92722277337995
551 -179.88974311890368 -184.50591446143065
630 -184.50591446143065 -184.58069541705518
638 -184.58069541705518 -185.78635393210772
667 -185.78635393210772 -186.4852155646533
862 -186.4852155646533 -186.6616376654674
972 -186.6616376654674 -186.7000162490132

13 2.5463148513629803 -8.570239942765907
14 2.5463148513629803 -13.964589341748413
15 2.5463148513629803 -0.4020414964961498
16 2.5463148513629803 -0.14035746341430314
17 2.5463148513629803 -3.3010902202906145
18 2.5463148513629803 -6.947657588292428
19 2.5463148513629803 -4.260096807901637
57 -13.964589341748413 -15.536606790670477
140 -36.25894279779002 -36.643293648178776
149 -36.643293648178776 -71.62415557428116
472 -184.87168288754373 -185.41785554742634
490 -185.41785554742634 -186.70144634105833
492 -185.41785554742634 -185.63799216575447

15 -9.674999875428053 -21.81487697659604
19 -9.674999875428053 -13.687286283727232
170 -47.52250372013547 -49.974758933317155
180 -49.974758933317155 -51.18111202985564
360 -52.287305078250974 -63.242933900357826
572 -122.77187251823 -123.42226152772216
660 -123.42226152772216 -130.17008700604717
740 -130.17008700604717 -150.33134091533856
762 -150.33134091533856 -155.15722335538112
791 -167.4312357244488 -176.67139351246976
792 -167.4312357244488 -177.53516265078653
812 -177.53516265078653 -179.03426058836942
819 -179.03426058836942 -181.19335360217582
820 -179.03426058836942 -179.31059569537786
829 -181.19335360217582 -184.75641839805436
846 -184.75641839805436 -186.65720031823034

12 1.6240985363432698 -131.58560649071464
15 1.6240985363432698 -6.018013566206533
16 1.6240985363432698 0.24192459732354774
18 1.6240985363432698 0.20706601114693282
49 -131.58560649071464 -137.67880523814642
59 -158.5232707127384 -160.86256245187946
119 -180.99392634462293 -184.3494445303592
209 -184.3494445303592 -184.6256072443561
239 -184.6256072443561 -185.57081221678771
329 -185.57081221678771 -186.33052094412807
349 -186.33052094412807 -186.62388753625015

14 -10.11092086304876 -47.100955538830995
314 -51.64881973304611 -53.02438729834644
388 -53.02438729834644 -104.4895863018733
401 -104.4895863018733 -116.72221782135736
411 -116.72221782135736 -166.09800622671816
430 -166.09800622671816 -176.46230037646967
460 -176.46230037646967 -177.07167553081374
510 -177.07167553081374 -180.8686901248348
521 -180.8686901248348 -185.32536808480842
571 -185.32536808480842 -185.993381341166
610 -185.993381341166 -186.02691567812414
650 -186.02691567812414 -186.22894824853162

11 2.2599418515194722 -7.547554501478143
16 2.2599418515194722 -7.0857247514660555
19 2.2599418515194722 -54.712611539166865
339 -186.45418832754487 -186.45689157883078
351 -186.45689157883078 -186.46045722476165
567 -186.49292604502696 -186.64183093626693
727 -186.64183093626693 -186.666288301133
753 -186.666288301133 -186.7021361623785

16 -13.197483212216445 -53.73132771044956
371 -184.77427326299767 -185.69537735456575
412 -185.69537735456575 -186.19156327875032
522 -186.63381467924094 -186.6736675854404

12 1.3840038293644454 -34.63438893999439
13 1.3840038293644454 -10.895175823405651
14 1.3840038293644454 -12.3535898650177
15 1.3840038293644454 -1.1691741524506098
16 1.3840038293644454 -1.6165179770704516
17 1.3840038293644454 -15.118120041184834
39 -34.63438893999439 -42.70740420718687
167 -46.50806268674025 -50.45216406264387
250 -78.97801623218538 -146.0068159948732
319 -158.50000593811114 -163.54453233519092
340 -163.54453233519092 -169.92453948258287
350 -169.92453948258287 -184.39970197314517
468 -184.39970197314517 -184.60119556514377
489 -184.60119556514377 -184.71248039959306
508 -184.71248039959306 -184.98209242094717
509 -184.71248039959306 -185.54876972369445
568 -185.54876972369445 -185.94723673623176
581 -185.94723673623176 -186.11890273951255

13 -2.3020883701464845 -20.685430645987473
16 -2.3020883701464845 -8.24600131690548
23 -20.685430645987473 -28.656182194446725
79 -37.97742928305361 -40.228654981336945
260 -52.00089793481216 -54.04010028101384
519 -54.369512638178804 -54.39456654733957
536 -54.39456654733957 -118.40725043760989
723 -173.69557702902864 -175.0833959586408
741 -175.0833959586408 -177.37361228790607
748 -177.37361228790607 -181.87001055217485
751 -177.37361228790607 -179.9339102700874
761 -181.87001055217485 -185.0013977499894
769 -185.0013977499894 -185.90159678139307
782 -185.90159678139307 -186.1963440015911

11 -9.683287502373313 -22.40258424113192
17 -9.683287502373313 -154.83200476385096
109 -183.87159244163823 -185.58629720636014
169 -185.58629720636014 -186.50394692921162

15 -65.63960631853259 -72.71373052233045

13 3.146064003200874 1.868714790329241
17 3.146064003200874 -0.05022160077787122
22 -1.9321956900619508 -74.47644587356362
23 -1.9321956900619508 -6.441544243082369
26 -1.9321956900619508 -15.128305278291467
29 -1.9321956900619508 -4.997403097537166
150 -104.78607010054353 -186.52309487957356
369 -186.52309487957356 -186.57867688767647
580 -186.57867688767647 -186.63685691420352
588 -186.63685691420352 -186.70135868292917

11 -2.9310027685837308 -18.631627017926057
13 -2.9310027685837308 -44.982165303425326
15 -2.9310027685837308 -5.569808489424726
16 -2.9310027685837308 -4.211880203566165
19 -2.9310027685837308 -20.3799461277934
79 -46.71229611660367 -50.31878414978248
168 -51.79284704097613 -59.468795364722865
209 -59.468795364722865 -69.73021091848271
219 -112.95129365989828 -152.8229300982292
229 -152.8229300982292 -158.9924618110512
259 -178.6134482913322 -183.17599992400162
269 -183.17599992400162 -185.64611385480603

11 1.1837184015664386 -3.431054442366904
12 1.1837184015664386 -1.2756951285074145
13 1.1837184015664386 -9.302119509495576
14 1.1837184015664386 -0.87334472197127
15 1.1837184015664386 -6.91466467961386
19 1.1837184015664386 -21.835639674975063
49 -21.835639674975063 -27.210204241533486
59 -27.210204241533486 -27.846113229026354
67 -30.7917997726628 -32.280072436789176
79 -32.280072436789176 -41.906038000107706
194 -44.70953504214224 -45.20975938822198
390 -117.5458596978739 -120.22945822195624
411 -120.22945822195624 -122.53329278747304
2557 -123.57677083778994 -185.11654468015607
2809 -185.11654468015607 -185.45938111325628
3279 -185.45938111325628 -186.1079545054304
3729 -186.1079545054304 -186.32851781601258


14 -1.82830054474548 -18.560237512323756
17 -1.82830054474548 -40.872181873930685
19 -1.82830054474548 -15.926174096803438
128 -46.19613567940829 -46.31094378289829
179 -46.31094378289829 -77.34597048724902
431 -78.8118305347761 -79.40217408049386
534 -79.40217408049386 -109.05728511754556
630 -177.4520517583452 -185.62009567996614
631 -177.4520517583452 -186.1664201540497
800 -186.21989213710836 -186.51318111496457

12 0.05740188169281754 -8.337679182165614
13 0.05740188169281754 -19.76229793312448
14 0.05740188169281754 -33.84133461811883
15 0.05740188169281754 -7.223955674018742
17 0.05740188169281754 -0.4834571774034271
18 0.05740188169281754 -0.8481377978971131
19 0.05740188169281754 -2.625531161196859
27 -33.84133461811883 -34.48616111982822
59 -47.992997701868156 -48.297225437196104
108 -48.297225437196104 -49.37003215975675
248 -49.50714764410684 -51.476375603568094
410 -51.589261786355344 -51.98663342145169
505 -51.98663342145169 -74.2218941069133
531 -74.2218941069133 -88.64305448723223
578 -118.73106512008971 -136.21754260118703
641 -182.65545227516827 -184.64994885555387
705 -184.64994885555387 -185.87051320899056
710 -184.64994885555387 -185.61951114981215
770 -185.87051320899056 -186.29454115959837
785 -186.29454115959837 -186.33701173572996
915 -186.33701173572996 -186.7167847995284

11 62.99664058971198 -3.1920144505886845
12 62.99664058971198 -10.342917253786839
13 62.99664058971198 -2.2949554245350616
14 62.99664058971198 -1.9521335033699225
15 62.99664058971198 10.206346818999744
16 62.99664058971198 -66.65580681927085
17 62.99664058971198 -2.1597896633013245
18 62.99664058971198 1.4405988282116833
19 62.99664058971198 -21.861001320092814
99 -74.51994852103181 -74.97855095086727
146 -74.97855095086727 -94.31874665825637
156 -94.31874665825637 -132.2877353933354
169 -140.87428793377106 -178.79072424905505
259 -182.3209330219604 -185.75860769240438
269 -185.75860769240438 -186.620491277754
378 -186.620491277754 -186.70883786711084
886 -186.71352317448813 -186.71406197236524

11 59.83669304722419 15.273575845630395
12 59.83669304722419 54.02013952696649
13 59.83669304722419 -3.9189446369723986
14 59.83669304722419 6.765624746690868
15 59.83669304722419 29.695277940136556
16 59.83669304722419 -10.919205007980063
17 59.83669304722419 17.126211355271856
18 59.83669304722419 -1.5324958051557662
19 59.83669304722419 19.771602133491267
49 -10.919205007980063 -65.09052064310549
89 -76.5307045352403 -78.7775847598083
300 -122.6120069502631 -176.93982144919826
360 -176.93982144919826 -184.126703022992
410 -184.126703022992 -184.95027764041393
490 -184.95027764041393 -185.3253457559804
951 -186.58288615887832 -186.72457438595748

12 4.6073208638788 -2.9620270167697513
13 4.6073208638788 3.927223333495727
14 4.6073208638788 -1.7272397470903922
15 4.6073208638788 -9.698262916678965
16 4.6073208638788 -16.25896124074561
17 4.6073208638788 -23.682745742450113
18 4.6073208638788 3.2128467869750623
19 4.6073208638788 2.9642889587450876
59 -23.82405017427918 -38.375471883024
238 -46.26621186054225 -46.50853980492544
379 -46.50853980492544 -48.08506114275064
460 -48.62877205646087 -60.82886813848963
481 -60.82886813848963 -70.88092894688604
501 -70.88092894688604 -76.31267707641219
510 -76.31267707641219 -76.71482667052481
551 -111.97828800822842 -124.45632520423666
559 -124.45632520423666 -125.49168512889987
569 -138.62261256949347 -178.69664434313117
619 -178.69664434313117 -181.6978733105096
621 -178.69664434313117 -179.63725442932875
629 -182.03002177682023 -182.41169356508166
641 -182.41169356508166 -186.02613987543234
726 -186.02613987543234 -186.43683646966468
784 -186.43683646966468 -186.51749955808089
1063 -186.51749955808089 -186.72935878661067

12 1.613783643892405 -0.15475209943137969
13 1.613783643892405 -0.3315138656658467
14 1.613783643892405 -0.5163639040169125
16 1.613783643892405 -5.106295794621336
17 1.613783643892405 0.82887425738409
18 1.613783643892405 -1.1048324217369268
25 -5.106295794621336 -9.829804797950485
26 -5.106295794621336 -6.3529161856734335
32 -9.829804797950485 -14.295500438390496
49 -15.77253490311207 -25.60556113431165
240 -51.86619742419525 -52.42685554597108
258 -52.42685554597108 -55.33608198156443
401 -78.42929657975908 -78.58292718545042
466 -78.58292718545042 -83.7696174019375
488 -83.7696174019375 -87.87611761457528
501 -88.32652983977444 -102.27721875307921
551 -178.1304883479783 -182.6631487411217
722 -182.6631487411217 -183.84311907795575
732 -183.84311907795575 -185.10987499850816
792 -185.67055123900445 -186.2068484945309
1044 -186.2068484945309 -186.64743040422314

61 -53.86528099556241 -73.09360826848074
62 -53.86528099556241 -151.7100399311454
390 -185.80149933294297 -186.57316278390397
470 -186.57316278390397 -186.69207052276198

11 3.415746803312249 -1.7093323838496568
13 3.415746803312249 -4.054279341776415
14 3.415746803312249 -8.975473166940297
16 3.415746803312249 -6.948905952153203
17 3.415746803312249 3.3843865037551666
18 3.415746803312249 -12.859014252860312
19 3.415746803312249 -2.7619322670681266
29 -12.859014252860312 -14.536348915802533
119 -23.71498059325423 -24.57007369362465
129 -24.57007369362465 -24.71486139932212
177 -24.71486139932212 -28.91050154968991
178 -24.71486139932212 -36.67841240975431
549 -39.5757275354628 -51.9279454874955
652 -53.381954658891864 -53.9848882168425
657 -53.9848882168425 -54.0136330816176
749 -54.0136330816176 -54.12860390800428
771 -54.12860390800428 -54.39051889967408
774 -54.39051889967408 -55.91085886477167
892 -141.939883605962 -178.25404402960604
922 -178.25404402960604 -183.07511533480002
938 -183.07511533480002 -186.37717259224755
939 -183.07511533480002 -184.67387677714754
1644 -186.69244935366336 -186.71850450684656
1698 -186.71850450684656 -186.72155917581844

28 -4.793577036910616 -11.563343290317118
39 -11.563343290317118 -12.164770640906923
75 -21.040567730897926 -28.714621357119835
79 -21.040567730897926 -25.515174929726722
89 -28.714621357119835 -30.452129879704064
99 -30.452129879704064 -47.15507267373897
119 -47.15507267373897 -49.18973323709158
129 -49.18973323709158 -50.01293215342628
149 -50.01293215342628 -66.26280184173487
258 -78.22524768308188 -79.0635093610092
259 -78.22524768308188 -78.99301080639337
267 -79.0635093610092 -79.39332146348342
365 -79.39332146348342 -87.13306041898433
585 -186.2917721279812 -186.6056630660733
784 -186.6056630660733 -186.62177197020944
818 -186.62177197020944 -186.68031722294424
820 -186.62177197020944 -186.656530074622
895 -186.68031722294424 -186.71321752692862

11 8.562179454737015 -6.839327391284314
12 8.562179454737015 4.7718195892995405
13 8.562179454737015 -1.954541778428788
16 8.562179454737015 1.1108504586839596
17 8.562179454737015 -1.791719072986323
18 8.562179454737015 -2.0217637586523445
19 8.562179454737015 -5.007726705523666
36 -19.107576003581425 -20.48647795341015
63 -20.48647795341015 -22.98727686124548
78 -22.98727686124548 -26.730019290047235
220 -45.7102608340996 -46.27334409677841
280 -46.27334409677841 -46.47361678752973
310 -46.47361678752973 -46.50508134000694
542 -46.50508134000694 -66.4350732341787

14 -11.007194265463232 -25.430183981951625
15 -11.007194265463232 -13.765272585012363
17 -11.007194265463232 -21.448306803387393
29 -26.555923220639276 -29.340534863925775
99 -32.08251336480678 -33.789469021033796
372 -49.989747102122855 -50.42520773344471
392 -50.42520773344471 -51.864914484347885
478 -51.984353085320286 -59.46612613639053
510 -59.72492197895657 -72.77696981233332
582 -111.79681078606633 -113.24807129919013
601 -113.24807129919013 -113.82596346739462
611 -122.34907400607788 -123.18868063542271
632 -123.18868063542271 -123.3937757155921
671 -123.55559897185661 -123.55985040538204
1642 -123.57676819914377 -146.78789185174946
1696 -146.78789185174946 -148.95475231019552
1717 -148.95475231019552 -177.2867607481034
1745 -177.2867607481034 -181.81449698595029
1768 -181.81449698595029 -183.08584589403506
1799 -183.08584589403506 -183.11626843191348
1842 -183.11626843191348 -183.15910566010336
1844 -183.11626843191348 -186.2899895435347
2048 -186.2899895435347 -186.7256913400693

13 2.1087704551905877 -22.399583324063098
14 2.1087704551905877 -1.6282690095078647
15 2.1087704551905877 -9.182690897189095
16 2.1087704551905877 0.18944769775981973
17 2.1087704551905877 -1.032115036250707
18 2.1087704551905877 1.8030944455297206
19 2.1087704551905877 -4.30358846390174
28 -22.399583324063098 -37.58661860054538
168 -44.43540055326464 -46.314608566371575
391 -46.36315222495089 -73.37275690744667
790 -79.38349514054572 -79.38995757378756
1200 -79.38995757378756 -107.70706611935361
1317 -107.70706611935361 -110.26103430239269
1367 -118.67967626499677 -119.82250854006762
1377 -119.82250854006762 -121.09852402375677
3306 -123.57677082422889 -179.47987046282967
3353 -179.47987046282967 -181.50140522863904
3390 -181.50140522863904 -186.3056251487426
3565 -186.3056251487426 -186.34305440463282
4024 -186.57301549707046 -186.595149995168
4049 -186.595149995168 -186.6093895070345

261 -169.66435859868832 -170.74342050456946
281 -173.74925770777543 -175.49715372775492
311 -175.49715372775492 -177.42857834796294
652 -186.59181459088424 -186.69595189358006

11 8.896850570145283 -34.7269005542902
12 8.896850570145283 -6.1617527815561335
13 8.896850570145283 -6.969359759285408
14 8.896850570145283 -5.968303707710376
16 8.896850570145283 -38.32645515000371
17 8.896850570145283 -9.029755880834655
18 8.896850570145283 2.6884233875954457
19 8.896850570145283 8.520670443194426
29 -38.32645515000371 -44.63743117379071
142 -53.49187360642391 -56.86387444336337
238 -74.98387878405715 -86.61367039142226
240 -74.98387878405715 -120.73327400381503
290 -120.73327400381503 -120.8145851413273
349 -120.8145851413273 -121.84937563177087
357 -121.84937563177087 -123.4733448098137
607 -123.4733448098137 -123.48778832499968
642 -123.48778832499968 -123.5552905907689
682 -123.48778832499968 -123.52885230926132
2714 -123.57677079397548 -178.72591004704296
2787 -178.72591004704296 -184.82984439500964
2944 -184.82984439500964 -185.3110023963909
2981 -185.3110023963909 -185.77474432355027

11 0.30069419532267033 -32.39297967752727
13 0.30069419532267033 -32.935076419254514
17 0.30069419532267033 -28.107873775025528
18 0.30069419532267033 -0.9910488122195266
31 -32.935076419254514 -35.194922947224356
98 -41.10020170163974 -46.16927997528422
119 -46.16927997528422 -46.22130240799498
139 -46.22130240799498 -46.89973606062732
177 -46.89973606062732 -48.2843385286842
187 -48.96098723412328 -48.974332387067115
208 -48.974332387067115 -49.11190044218259
287 -49.11190044218259 -75.13202440936662
369 -75.13202440936662 -75.50637891576966
378 -75.50637891576966 -98.63578614306728
394 -98.63578614306728 -108.5383812987689
409 -108.5383812987689 -122.26758963414369
419 -153.9498189141175 -170.11428925856407
439 -170.11428925856407 -175.99975918408003
449 -175.99975918408003 -176.63524812464217
458 -176.63524812464217 -179.11802290363622
468 -179.11802290363622 -180.54886787650904
487 -180.54886787650904 -185.8456483116223
527 -185.8456483116223 -185.96623958390393
576 -185.96623958390393 -186.35542750493798
577 -185.96623958390393 -186.5064863711366
720 -186.5064863711366 -186.51194857608508
778 -186.51194857608508 -186.5392108972741
787 -186.5392108972741 -186.5621873104982

15 -8.761171932634566 -13.796454658313028
17 -8.761171932634566 -79.04715413863862
230 -175.16928076231306 -176.6857010526345
240 -176.6857010526345 -183.88901554517543

11 5.972582445356505 0.10718193703819377
12 5.972582445356505 -27.876054422246263
13 5.972582445356505 -0.5443802888100229
15 5.972582445356505 5.758398639479907
16 5.972582445356505 -1.0117658390999942
17 5.972582445356505 -1.466111639359865
19 5.972582445356505 -28.921632484019018
29 -28.921632484019018 -38.69876229016623
202 -49.17888807298542 -53.46243593439194
280 -66.87201408458989 -94.74110438306475
339 -106.71732127816544 -119.45773135602066
360 -119.45773135602066 -121.24818093921607
500 -181.28622125193596 -183.61048212025938
520 -183.61048212025938 -186.57447960267365
888 -186.57630297137862 -186.70729903015845
1015 -186.70729903015845 -186.71736294879383

11 -7.104384783037896 -61.567987213943596
18 -7.104384783037896 -8.156858284178751
109 -75.87702189174911 -160.8761690124039
852 -185.89547988895373 -186.69909558258496
986 -186.69909558258496 -186.7056595296421

11 18.69123554695152 0.009233899504837472
12 18.69123554695152 -21.365759910212205
13 18.69123554695152 0.374378326043126
14 18.69123554695152 -5.115450075779543
15 18.69123554695152 -2.3088690823809173
16 18.69123554695152 10.228792910659239
17 18.69123554695152 -14.448858155725224
18 18.69123554695152 -2.470313094228893
19 18.69123554695152 -9.580619295632896
29 -21.365759910212205 -29.931727838489895
69 -30.445546930482404 -44.732174238076965
210 -48.744021128196366 -49.00714113171494
230 -49.00714113171494 -51.84909362318192
248 -51.84909362318192 -69.92124315357567
350 -109.40166821785856 -141.19838855319023
379 -141.19838855319023 -184.9233476574019
400 -184.9233476574019 -185.1509220833808
409 -185.1509220833808 -186.10802613057123
466 -186.10802613057123 -186.3964699328857
496 -186.3964699328857 -186.5356906892075
528 -186.5356906892075 -186.63609765067298
671 -186.63609765067298 -186.66355211972103

11 -7.509599727486357 -36.08950303446387
13 -7.509599727486357 -14.964456013591029
15 -7.509599727486357 -12.88565730775069
19 -7.509599727486357 -18.888902942657765
119 -44.8684700362997 -51.79972354022036
400 -51.82495657607325 -54.17999209809491
426 -54.17999209809491 -54.557976855888306
481 -71.6416225343496 -75.48806889890771
501 -75.48806889890771 -75.56790359261537
508 -77.05724629249661 -77.23434586280054
547 -77.23434586280054 -152.14938514443114
550 -77.23434586280054 -78.65306542966634
629 -186.16251922304863 -186.3084386544861
657 -186.3084386544861 -186.33353532242455
718 -186.43029588646925 -186.44934470651023

12 3.238753653326956 1.7758537853830603
16 3.238753653326956 -102.16329168453251
17 3.238753653326956 -0.0385745143788995
18 3.238753653326956 -1.562165886643464
240 -121.39342218711735 -121.54441722475673
260 -121.39342218711735 -123.2997862515748
299 -123.2997862515748 -156.49779989402336
300 -123.2997862515748 -123.34827295477413
533 -184.3292427805515 -185.37093003035454
602 -185.37093003035454 -186.20453145894945
673 -186.20453145894945 -186.6397236684979

