pass_rich_deceptive2_step0_poor7rich3
eval_cnt worst_rich_fitness new_rich_fitness
11 -0.011713759807990753 -0.1310968503820242
12 -0.011713759807990753 -0.09253797109733702
13 -0.011713759807990753 -0.07787797964272736
14 -0.011713759807990753 -0.028559104780519064
16 -0.011713759807990753 -0.0956884366723927
17 -0.011713759807990753 -0.025082299445982774
37 -0.1513630451179342 -0.1970382018556599
77 -0.1970382018556599 -0.2404470446824425
127 -0.3391939651409337 -0.4149227227538704
207 -0.4403242110105595 -0.44040018214135873
216 -0.44040018214135873 -0.45192669843855143
224 -0.45192669843855143 -0.45537876757309204
227 -0.45192669843855143 -0.45567952981905874
254 -0.4869457621176849 -0.5083221642793554
266 -0.5083221642793554 -0.5165880565418944
287 -0.5165880565418944 -0.5217859088865994
295 -0.5217859088865994 -0.546528369251835
305 -0.546528369251835 -0.557470898779413
1224 -0.5704452128535621 -0.7087783864465245
2288 -0.5724326547943062 -0.621156139367671
2391 -0.5865538157653906 -0.586908785842235
2412 -0.586908785842235 -0.7049374935823656
2735 -0.7049374935823656 -0.7266343152923844
2795 -0.7266343152923844 -0.738388739899713
2846 -0.738388739899713 -0.7499317599954181
3853 -0.7505044723238703 -0.7541301402283954
3929 -0.7541301402283954 -0.8246269749897145
8954 -0.7680220300920589 -0.9784197318398041

11 -0.1586604254351475 -0.1697641821668446
15 -0.1586604254351475 -0.29153561261942035
16 -0.1586604254351475 -0.2524298481645846
17 -0.1586604254351475 -0.23569430373962125
193 -0.4244444835517003 -0.4875395384371849
329 -0.5594298589693024 -0.6688234005441398
408 -0.5600661011553736 -0.592364935607449
434 -0.5723478206470101 -0.6644789808555727
438 -0.5723478206470101 -0.5804022439305253
681 -0.877416061262271 -0.9254361966472768
710 -0.9106652091550791 -0.921238739355965
711 -0.9106652091550791 -0.92780711617319
791 -0.9254361966472768 -0.9934111103990428
1100 -0.9623233296131932 -0.9663354893005922
1133 -0.9663354893005922 -0.9673111461133396
1149 -0.9673111461133396 -0.9809267285955605
1334 -0.9809267285955605 -0.9809619903454659

11 -0.23980127302779009 -0.40339683678987037
12 -0.23980127302779009 -0.27035990908674223
17 -0.23980127302779009 -0.413910789106845
57 -0.3041220907310959 -0.3062360472103643
107 -0.420802658543752 -0.5142482983183296
847 -0.5704607666973983 -0.6512016128303059
993 -0.6512016128303059 -0.6616355244547741
1215 -0.6717404473339492 -0.7164534612337624
1283 -0.7065122910371232 -0.7160368050986098
1385 -0.7160368050986098 -0.7316674940608873
1605 -0.7189603053534195 -0.7545001539863512
1908 -0.7545001539863512 -0.7552254327436966
2257 -0.7590044861255276 -0.889802958655021
2430 -0.889802958655021 -0.9158342998373231
2613 -0.9158342998373231 -0.950646019044538
2629 -0.9158342998373231 -0.9889392132469339

12 -0.05391835080328794 -0.19461022436303027
13 -0.05391835080328794 -0.10949908477021968
14 -0.05391835080328794 -0.27950292601633947
16 -0.05391835080328794 -0.2894618016280465
17 -0.05391835080328794 -0.1402196211428161
76 -0.2085089314985442 -0.31231666768453353
157 -0.35181910343273304 -0.3872993402111525
187 -0.3872993402111525 -0.46393241033165944
196 -0.46393241033165944 -0.5114964308710046
207 -0.5114964308710046 -0.7501715678895657
498 -0.7308557522744874 -0.7318443037601093
519 -0.7318443037601093 -0.7321931254203662
539 -0.7321931254203662 -0.7442202886941699
680 -0.7442202886941699 -0.7449404992704203
1440 -0.7468407224780758 -0.8500856224563695
1715 -0.9014760334972615 -0.9296947667532357
1743 -0.9296947667532357 -0.953241343732117
1748 -0.9296947667532357 -0.9301052189113757
1818 -0.953241343732117 -0.9649683202882489

12 -0.15270319370158555 -0.27411502880524313
13 -0.15270319370158555 -0.5111245915116717
14 -0.15270319370158555 -0.24806565061979266
57 -0.2695109119025402 -0.2706638631853671
87 -0.30773895175913785 -0.3270963863292632
105 -0.3694357409298933 -0.42271904573774144
116 -0.40559353945647325 -0.5162321099753527
144 -0.4749354290856702 -0.5051065489089093
175 -0.5162321099753527 -0.5977424051748944
318 -0.6148973604379471 -0.7162597534234174
407 -0.7162597534234174 -0.8880675976106007
408 -0.7162597534234174 -0.7524925067374195
447 -0.8880675976106007 -0.9061325203388069
505 -0.9061325203388069 -0.964839135161962
508 -0.9061325203388069 -0.9318847950740251
649 -0.964839135161962 -0.9676339028997992
917 -0.9756946119524937 -0.9789302181785624
1082 -0.9789302181785624 -0.9925818308549895

11 -0.0010669106183340297 -0.028984908114170236
12 -0.0010669106183340297 -0.22809014547377648
13 -0.0010669106183340297 -0.16450453845350238
14 -0.0010669106183340297 -0.15696404879408854
15 -0.0010669106183340297 -0.11381656804664601
16 -0.0010669106183340297 -0.21564644369163166
17 -0.0010669106183340297 -0.02503173502345162
26 -0.18821218279337648 -0.19158486922458456
47 -0.198193218553135 -0.20739927610632602
56 -0.20739927610632602 -0.22104952025324526
57 -0.20739927610632602 -0.22266297548877548
66 -0.22266297548877548 -0.26294170148156926
67 -0.22266297548877548 -0.27721120805161015
96 -0.27721120805161015 -0.36121399331428744
117 -0.3098824038569594 -0.31288864387116055
247 -0.4326079685738767 -0.6329788927386127
577 -0.7683995521960091 -0.7686086041543212
639 -0.7686086041543212 -0.9196318596442037
770 -0.9431968966128532 -0.9606907411467482
902 -0.9606907411467482 -0.9763173432211304
1001 -0.9763173432211304 -0.9879675301007587
1032 -0.9842533868071968 -0.9885361446112685
1082 -0.9879675301007587 -0.9882484845090923
1142 -0.9885361446112685 -0.9908902079635986

11 -0.008757480039329375 -0.14832403830342877
13 -0.008757480039329375 -0.20999539379606708
14 -0.008757480039329375 -0.044440048743952
15 -0.008757480039329375 -0.21241273052743817
16 -0.008757480039329375 -0.03149955883218968
17 -0.008757480039329375 -0.21288614511675935
65 -0.25016847736605763 -0.25164165943115546
157 -0.3336849262343587 -0.35237953708144065
176 -0.35237953708144065 -0.44010818583230515
343 -0.4261309640940151 -0.7116655716790784
579 -0.87831058917171 -0.9086893242551795
605 -0.9086893242551795 -0.9303082160349291
629 -0.9303082160349291 -0.9440417295421615
648 -0.9440417295421615 -0.9717177220144902

12 -0.08115072776690123 -0.10346468410661527
14 -0.08115072776690123 -0.09605204543864482
15 -0.08115072776690123 -0.5041358513321059
16 -0.08115072776690123 -0.2344516913659051
17 -0.08115072776690123 -0.39265834946499323
57 -0.27903331718296526 -0.4173240875416758
107 -0.4579187724443252 -0.4720643855115399
117 -0.4720643855115399 -0.5586043357878784
146 -0.5299362876477335 -0.7086938233977663
207 -0.5601969907846683 -0.6062157170906954
336 -0.7223844707366546 -0.7509420675914963
377 -0.7509420675914963 -0.762792594563929
467 -0.762792594563929 -0.7633880786402847
496 -0.7656184929094055 -0.7667035394216105
557 -0.7667035394216105 -0.7667724904894326
1066 -0.767729099979023 -0.8252476980134362
1241 -0.8252476980134362 -0.8968815547717657
1299 -0.8968815547717657 -0.9602982750482487
1351 -0.9602982750482487 -0.9671364804472479
1451 -0.9671364804472479 -0.9815888634223494
1730 -0.9725664251968357 -0.9791462462905984
1856 -0.9791462462905984 -0.9821107133397635

11 -0.0982553558786698 -0.16497608733311753
12 -0.0982553558786698 -0.11765076683989742
13 -0.0982553558786698 -0.09904996337864415
14 -0.0982553558786698 -0.17305970136230817
16 -0.0982553558786698 -0.17141865862094355
17 -0.0982553558786698 -0.10858030369010924
107 -0.26014578261438426 -0.2613335321371296
126 -0.3577096738513189 -0.3771441612049006
176 -0.4346745612026625 -0.5593968959271369
177 -0.4346745612026625 -0.47751888891132177
256 -0.5593968959271369 -0.8009166267347001
257 -0.5593968959271369 -0.5888831968065904
266 -0.6312939513149259 -0.8536715863461708
267 -0.6312939513149259 -0.6530891818688785
277 -0.8009166267347001 -0.839348125540428
287 -0.839348125540428 -0.8580080750104653
365 -0.8580080750104653 -0.8990343878678798
396 -0.8934283020971622 -0.9368051546900067
405 -0.8990343878678798 -0.9524808043840935
407 -0.8990343878678798 -0.9106136080514463
417 -0.9130551096619691 -0.9498080820392542
464 -0.9368051546900067 -0.969830881799781
666 -0.9579412566530513 -0.9655250222638299
744 -0.9655250222638299 -0.9721865012839094
798 -0.974073265824416 -0.988564900700963
809 -0.9746868121772657 -0.9757643680272661
814 -0.9755421643959863 -0.9768911854421092
819 -0.9755421643959863 -0.983847935531309
869 -0.9768911854421092 -0.9770270376085191
949 -0.9824807764792794 -0.9885968519338794
1009 -0.9840623371305138 -0.9840751419386472
1019 -0.9842198018718606 -0.985398151735656

11 -0.08579451448034177 -0.13560767495971018
12 -0.08579451448034177 -0.17154556359869833
13 -0.08579451448034177 -0.2264061194116673
14 -0.08579451448034177 -0.25333163408355414
16 -0.08579451448034177 -0.22742734619704447
17 -0.08579451448034177 -0.15005351162656955
36 -0.2264061194116673 -0.24617176841434324
37 -0.2264061194116673 -0.4191504647548561
87 -0.3530910739555722 -0.3866324109848594
136 -0.3866324109848594 -0.44262610255485846
287 -0.5237607988727269 -0.571743683003852
368 -0.709747717792408 -0.8936597796170842
388 -0.7582153820033423 -0.7865822188713498
464 -0.8620798263175656 -0.9408249887609915
477 -0.9350313448073353 -0.9424154624367541
515 -0.9408249887609915 -0.9680627164070431
528 -0.9680627164070431 -0.9750865578762815
625 -0.9750865578762815 -0.9901104551136569
666 -0.9760238116479215 -0.9906127197503799

11 -0.07392647906244769 -0.07463808090228853
13 -0.07392647906244769 -0.1970680789788863
16 -0.07392647906244769 -0.09699146055993232
17 -0.07392647906244769 -0.3967598498724345
37 -0.1280636164281869 -0.17617968134731102
47 -0.18901869013175374 -0.19521672093952971
55 -0.20066672828966925 -0.22323180416370564
67 -0.2272265159372111 -0.34337849508507046
137 -0.23592058090913728 -0.2722532501799328
147 -0.2722532501799328 -0.2836050423977676
187 -0.2872975402005393 -0.30108369122142525
214 -0.3261266944819748 -0.3280339805657625
254 -0.3280339805657625 -0.35219804362938095
257 -0.3280339805657625 -0.35774329428406776
284 -0.35774329428406776 -0.36264325167775063
287 -0.35774329428406776 -0.3776756055487186
297 -0.3776756055487186 -0.3867087745346809
325 -0.3867087745346809 -0.5319622765331629
332 -0.49578922694748295 -0.5172572398674575
488 -0.5466750931016732 -0.5630158248577145
658 -0.5640050238353721 -0.5697350125877686
780 -0.5702570203800389 -0.5720875465497317
991 -0.5720875465497317 -0.5923379160421813
1170 -0.5724332654525855 -0.7565841063903505
1491 -0.7206599327555613 -0.7557032763720813
1503 -0.7557032763720813 -0.755857086795937
1562 -0.755857086795937 -0.7584462787216758
1704 -0.7585470640985706 -0.7615091857884865
1725 -0.7615091857884865 -0.7626570766560116
1745 -0.7626570766560116 -0.7646916189612653
2722 -0.7670565911071222 -0.7681939003952254
3130 -0.7681939003952254 -0.7761307465149588
3383 -0.900505190572822 -0.9178898628064567
3403 -0.9178898628064567 -0.9229293714637317
3795 -0.9259958138728226 -0.9487538715283867
3801 -0.9259958138728226 -0.9430156009789356
3908 -0.9487538715283867 -0.9713239352135001
3911 -0.9487538715283867 -0.9593983449731083
4693 -0.9773797546906943 -0.9785424960643092
4738 -0.9785424960643092 -0.9792212012459638

12 -0.1699470150302804 -0.37222029914817684
17 -0.1699470150302804 -0.17652887727310854
87 -0.18329108022795954 -0.19486927061378295
97 -0.19634487721351138 -0.2875056133299668
167 -0.4279935412623892 -0.551818343803433
177 -0.551818343803433 -0.673498131516187
388 -0.5691128282684752 -0.615738308258839
577 -0.615738308258839 -0.6332630405981655
654 -0.6538771080108964 -0.6802450905197337
657 -0.6538771080108964 -0.6659686962032376
677 -0.6659686962032376 -0.6805372140954672
685 -0.6802450905197337 -0.7121615942656029
699 -0.6805372140954672 -0.74947868143021
705 -0.7121615942656029 -0.7183291059224537
777 -0.7490988188246533 -0.7520239897387324
814 -0.7520239897387324 -0.9975465729447249
1682 -0.9903211238604183 -0.9950422470425709

13 -0.19387456776581707 -0.7061813626410698
37 -0.19387456776581707 -0.2759638386801109
177 -0.3263008081175604 -0.40962958693626544
1150 -0.5723888999097986 -0.7439824732354159
2424 -0.7608736893406998 -0.8522595526730306
11194 -0.7684333367184781 -0.9136586420075713
11372 -0.9136586420075713 -0.9330598641330216
12102 -0.9330598641330216 -0.9350653100803069

12 -0.06660683896006311 -0.11848489107594316
15 -0.06660683896006311 -0.10041744481098436
67 -0.1364922595135021 -0.16158596296811525
147 -0.1675052302459363 -0.3768763325881616
167 -0.2637134421772655 -0.46448053964576147
267 -0.5031564482695265 -0.5395592513762133
366 -0.6719750645113132 -0.7031925830224689
367 -0.6719750645113132 -0.6912713053252542
377 -0.7407414405050271 -0.7628193113281254
396 -0.8531856163635637 -0.8959914820191077
435 -0.8959914820191077 -0.90128409374612
465 -0.90128409374612 -0.9669390469288329
543 -0.9419974627949651 -0.9660232615375913
586 -0.9660232615375913 -0.9827408158430453
683 -0.9669390469288329 -0.9792904577044527

16 -0.23008396318168803 -0.2616129367253563
57 -0.1799121374306301 -0.27876846048274867
87 -0.2988620840441892 -0.483252411256244
107 -0.40495049729148536 -0.4315247151782059
157 -0.4362008820112114 -0.4428957631688094
165 -0.4428957631688094 -0.4724657545924678
446 -0.5667276130084498 -0.5955622608626847
536 -0.5955622608626847 -0.5963478673993721
635 -0.5963478673993721 -0.6162497866451299
675 -0.6162497866451299 -0.6171097330703471
688 -0.6171097330703471 -0.6274575874571543
694 -0.6812756971491664 -0.7098296245771764
709 -0.7098296245771764 -0.7371636148043624
877 -0.7439667017445837 -0.7529779823150586
1019 -0.7529779823150586 -0.7567336370705984
1827 -0.765330751435558 -0.7991193172712399
2018 -0.9049070547267574 -0.94691787315458
2140 -0.978198827205861 -0.9922097761401357

11 -0.014739638981365466 -0.4624127453284195
12 -0.014739638981365466 -0.06974263459741248
13 -0.014739638981365466 -0.4938297536734346
14 -0.014739638981365466 -0.10505059158515984
15 -0.014739638981365466 -0.3648175340145045
17 -0.014739638981365466 -0.018506920154449467
77 -0.3784328822991967 -0.4200065042476875
85 -0.4200065042476875 -0.47318038206097646
86 -0.4200065042476875 -0.575234610988334
386 -0.5678608865613816 -0.5709270574203761
467 -0.5709270574203761 -0.6123904080421391
497 -0.5720459518343667 -0.6152537936228506
715 -0.7060079876840251 -0.7143481178618875
719 -0.7060079876840251 -0.7159624665492762
720 -0.7060079876840251 -0.7114665324717024
730 -0.7159624665492762 -0.7230722547650031
818 -0.7230722547650031 -0.724883999206436
888 -0.724883999206436 -0.7515806569121282
1605 -0.7613697001897385 -0.7632008111928287
1757 -0.7632008111928287 -0.7674171808111525
10967 -0.7684300340909835 -0.8935872183507473
13036 -0.7684316123407043 -0.7891090419341138
13207 -0.7891090419341138 -0.7938563319627564

12 -0.2649768357584637 -0.295834124140514
47 -0.25141111462101307 -0.2977789768050364
97 -0.3215209957990646 -0.472396566238655
147 -0.3974366783335302 -0.3996121152907821
177 -0.4077498714634725 -0.4364224572429606
211 -0.4364224572429606 -0.6617445805996293
216 -0.4364224572429606 -0.675536929279992
227 -0.675536929279992 -0.764898282388441
237 -0.7579357541741414 -0.8542606074772071
257 -0.764898282388441 -0.8172088457828788
287 -0.8172088457828788 -0.9683984860877791
317 -0.869809134847501 -0.9368808978400095
377 -0.9368808978400095 -0.9495493537522782
446 -0.9553583874802012 -0.9648304140435761
477 -0.9648304140435761 -0.9729860071129613
505 -0.9669797480266132 -0.9904835243020411
506 -0.9669797480266132 -0.987178208918957
587 -0.987178208918957 -0.9942696209779267

15 -0.3103850051700073 -0.5775216824441998
56 -0.3103850051700073 -0.3343016693305585
97 -0.48443004383350263 -0.4868452207420145
137 -0.6654007896367442 -0.6688088756795958
157 -0.6688088756795958 -0.6984135162040638
267 -0.6984135162040638 -0.7501304057343433
365 -0.7501304057343433 -0.9470766650355509
911 -0.7656203309185656 -0.9133514963925993
1441 -0.7684024191222236 -0.8450483679798304
1571 -0.8450483679798304 -0.9273776288174816
1712 -0.9273776288174816 -0.9415697929910514
1716 -0.9273776288174816 -0.9540329697007413
1836 -0.9540329697007413 -0.9549153519212036

25 -0.08988481246283424 -0.15515973741306163
46 -0.15724270891046435 -0.17491028123651078
87 -0.30882534015762775 -0.4527861538303209
721 -0.5627779910541513 -0.6735667956335798
882 -0.8251300771061983 -0.8709874944412406
930 -0.8709874944412406 -0.9530857815329575
931 -0.8709874944412406 -0.9282162296283402
993 -0.9449516231636927 -0.9500922506114001
1124 -0.9500922506114001 -0.9547667327039968
1503 -0.9744076310311154 -0.997356642956576
1586 -0.9864795706087032 -0.9875533785320068

11 -0.0006226127804751422 -0.06200711130273294
13 -0.0006226127804751422 -0.3755555322055859
14 -0.0006226127804751422 -0.019726620377829393
15 -0.0006226127804751422 -0.004078112587637763
16 -0.0006226127804751422 -0.0009556954284046832
17 -0.0006226127804751422 -0.13979485167517205
57 -0.2050892768684902 -0.28915120945699496
258 -0.5869365783046435 -0.6181347621154208
266 -0.6181347621154208 -0.6335796977942051
267 -0.6181347621154208 -0.67749748627105
278 -0.67749748627105 -0.7044081283011125
338 -0.7044081283011125 -0.7380446171295889
388 -0.7449399547600074 -0.8177730928357134
406 -0.7542349464877427 -0.7658667310482091
848 -0.7680634913966858 -0.9336286117667597
1012 -0.9336286117667597 -0.9598930130320315
1304 -0.9598930130320315 -0.9726865750334734

16 -0.34395393073332947 -0.5821779436282872
54 -0.3211952815719618 -0.3600399606807592
57 -0.3211952815719618 -0.35169041566903886
77 -0.3600399606807592 -0.4270164749695748
198 -0.5114589886797213 -0.5627582065382317
479 -0.7186554988539205 -0.7251495448137001
488 -0.7251495448137001 -0.7286824258872636
1337 -0.7550507698298209 -0.7559474669019223
1528 -0.7559474669019223 -0.7670025546063197
2046 -0.7673532397600369 -0.8119662400604052
3085 -0.7684316691435887 -0.9347926544341343
3776 -0.9347926544341343 -0.9722855628919554

12 -0.06632558857383844 -0.0748314460041014
14 -0.06632558857383844 -0.07366506261978818
16 -0.06632558857383844 -0.4042981848953374
17 -0.06632558857383844 -0.07675165477535102
56 -0.20602069659775576 -0.22106217173329795
97 -0.23010348981725545 -0.30432817174886967
167 -0.2686067498169462 -0.3913718674432245
503 -0.3961693765959078 -0.4404691619100517
520 -0.39619252441502417 -0.41957688817888794
566 -0.41957688817888794 -0.44063440148107436
587 -0.44063440148107436 -0.47770103790622787
589 -0.44063440148107436 -0.46470391831560515
679 -0.4769380141940061 -0.5036540844892644
700 -0.5036540844892644 -0.5343318635907784
709 -0.5154340322517946 -0.5346947686491021
805 -0.5343318635907784 -0.5399415928610406
869 -0.5688991099081125 -0.5910765853196799
870 -0.5688991099081125 -0.5758834403574344
937 -0.5910765853196799 -0.5954988516748404
948 -0.5954988516748404 -0.612386393872916
987 -0.612386393872916 -0.6125055570573908
1017 -0.6125055570573908 -0.6546477371027265
1026 -0.6546477371027265 -0.6618097850422673
1047 -0.6618097850422673 -0.6978722766722194
1050 -0.6618097850422673 -0.6841419869363193
1076 -0.6978722766722194 -0.6984529580132729
1080 -0.6978722766722194 -0.7365789757352722
1211 -0.7365789757352722 -0.7589076983721095
3669 -0.7638581969855158 -0.9126691928732537
4379 -0.7684320632171371 -0.8579027281576066
9290 -0.768433374377895 -0.7760417286188902
9341 -0.7760417286188902 -0.8068450605834642
9389 -0.8068450605834642 -0.8429666712801285
10230 -0.8429666712801285 -0.8559200990584577

11 -0.15489469492304675 -0.23924548931660222
12 -0.15489469492304675 -0.44901209863499164
16 -0.15489469492304675 -0.20484391010551833
124 -0.34227396872592536 -0.40192317668410316
127 -0.34227396872592536 -0.36827387111359905
137 -0.40192317668410316 -0.42591379243460264
298 -0.5532108930113986 -0.6041264985938986
549 -0.6026422414674609 -0.6459140257399338
655 -0.6459140257399338 -0.6477432171381182
675 -0.6477432171381182 -0.692495333772775
677 -0.6477432171381182 -0.65005655823869
680 -0.6477432171381182 -0.67706554888331
695 -0.67706554888331 -0.7000468751192565
697 -0.67706554888331 -0.7046202875734285
710 -0.7046202875734285 -0.8036163765086024
745 -0.72099605953564 -0.7460013047912806
871 -0.7460013047912806 -0.7568998624955459
1038 -0.7495127137205172 -0.7496920973869611
1151 -0.7496920973869611 -0.7534121026403199
1251 -0.7534863765074844 -0.7587245140206481
1432 -0.7581860556002734 -0.7644846821292277
1896 -0.7602095580556889 -0.7614416006664783
2078 -0.7636547197175483 -0.7641182386528023
2107 -0.7641182386528023 -0.7645608478485526
2638 -0.7648666453416177 -0.8401172985240054
3211 -0.7675911629638273 -0.7735884240582616
3344 -0.7735884240582616 -0.9047090706501312
3407 -0.9047090706501312 -0.939594105486307
3576 -0.939594105486307 -0.9556432367994323
4019 -0.9566281201531208 -0.9620831661979491
4092 -0.9620831661979491 -0.9621556520348232

11 -0.24508473502294467 -0.3788017030033509
12 -0.24508473502294467 -0.2482707648437368
17 -0.24508473502294467 -0.29692730694987013
26 -0.26535623426707083 -0.37785473194784486
34 -0.29692730694987013 -0.334910968713558
114 -0.3606574423152824 -0.3704365563436077
117 -0.3606574423152824 -0.36679610085853664
131 -0.3704365563436077 -0.47543903731613857
237 -0.47543903731613857 -0.506386354860269
247 -0.5423405736278355 -0.5746944573597127
566 -0.5669709724002132 -0.7757457471346139
860 -0.6277854748954764 -0.6935756936046963
870 -0.6935756936046963 -0.7641805305015312
1324 -0.7645075602969302 -0.7652247932324724
1365 -0.7652247932324724 -0.7652447459085783
1395 -0.7656003207658632 -0.7656509842155058
2520 -0.7684307773194584 -0.8289811466261859
2660 -0.8289811466261859 -0.894065887182409
2735 -0.894065887182409 -0.9020215556487555
2901 -0.9020215556487555 -0.916998784273361
2915 -0.916998784273361 -0.9373938016756597
3318 -0.9373938016756597 -0.9479453145066051

47 -0.2466986532119008 -0.36045032872313215
188 -0.4758825264300684 -0.5486855166439624
207 -0.5486855166439624 -0.5503288212878695
238 -0.5653940130556774 -0.5989878324105994
1942 -0.5724333987109507 -0.6370394650734288
2139 -0.6370394650734288 -0.6748507516436363
2168 -0.6748507516436363 -0.6875113072217272
6309 -0.7637063287330743 -0.7936469287473609
8026 -0.7660378936743564 -0.7660882428771373
11249 -0.7682336410898181 -0.8318285644890322
11305 -0.7682402448265787 -0.7682415563455977
12055 -0.7682580026111496 -0.853460316562557
12504 -0.8318285644890322 -0.926362860954971
12701 -0.853460316562557 -0.9323865148518526
13068 -0.9323865148518526 -0.9456103877435736

11 -0.046154797565518525 -0.489157126978873
12 -0.046154797565518525 -0.06772147711348438
13 -0.046154797565518525 -0.07624583973832942
14 -0.046154797565518525 -0.36717438992262774
16 -0.046154797565518525 -0.08472048092437288
17 -0.046154797565518525 -0.07184253772608849
57 -0.1615132165727799 -0.17495292861646256
147 -0.46630606815420605 -0.5431081227451208
847 -0.5721656363940125 -0.6533539718477617
1105 -0.6754323190583862 -0.6767452541161045
1113 -0.6767452541161045 -0.6897115069720705
1115 -0.6767452541161045 -0.6938121464737806
1124 -0.6938121464737806 -0.6950881322380171
1142 -0.6950881322380171 -0.6965010898802247
1169 -0.6965010898802247 -0.7289251976843081
1174 -0.6965010898802247 -0.7670456907371586
1623 -0.7657528856854221 -0.7741372440026374
1950 -0.7682760033493555 -0.8257201414829191
2059 -0.8257201414829191 -0.885494670045025
2137 -0.885494670045025 -0.9302729678246255
2209 -0.9302729678246255 -0.9436495851440262
2406 -0.9436495851440262 -0.9656972929393185
2731 -0.9656972929393185 -0.9826188502686607

13 -0.16982468398660186 -0.22432504779010973
14 -0.16982468398660186 -0.18985020146123724
17 -0.16982468398660186 -0.4822444854592312
167 -0.32397789232358587 -0.32458955673760703
178 -0.34340116654731223 -0.3569518865488615
188 -0.3569518865488615 -0.36009214552935254
197 -0.36009214552935254 -0.4903200687318922
277 -0.4903200687318922 -0.512568869626107
278 -0.4903200687318922 -0.49809689639564164
318 -0.5274390813912312 -0.5856127936580754
891 -0.5714709177185153 -0.5720562203108878
913 -0.5720562203108878 -0.5721211558311282
987 -0.5723529633844927 -0.6766139655553407
1235 -0.6571145964755061 -0.6693509267387685
1304 -0.6693509267387685 -0.7989216720601543
1313 -0.7521028392332267 -0.7760396964771112
1847 -0.765227632820321 -0.7669216176201191
1879 -0.7669216176201191 -0.7672227455584355
2734 -0.7683398108044962 -0.7928987814929127
2810 -0.7928987814929127 -0.8894849886599638
2864 -0.8894849886599638 -0.9039092293992942
2984 -0.9039092293992942 -0.9654278879828125

12 -0.07029207036537442 -0.20642448507376504
13 -0.07029207036537442 -0.22624487362208748
14 -0.07029207036537442 -0.10547947088775429
15 -0.07029207036537442 -0.11944753335638635
16 -0.07029207036537442 -0.17727708684239557
17 -0.07029207036537442 -0.3076005798091391
27 -0.20642448507376504 -0.2639851101158868
57 -0.3210200602099271 -0.4423644598705059
187 -0.45614257430367294 -0.5424022450183495
188 -0.45614257430367294 -0.522725625865087
297 -0.5699315363889744 -0.6088403806774555
347 -0.6088403806774555 -0.6891557207206926
398 -0.7308932547434667 -0.7573136179889048
625 -0.7573136179889048 -0.7597932691864895
640 -0.7597932691864895 -0.7641909958767
1404 -0.7663979289273907 -0.7801361633014158
1605 -0.8622606765980736 -0.9396701375421416
1644 -0.9396701375421416 -0.9620938628011992

15 -0.3654582580374171 -0.3930539734380613
107 -0.3625888079131634 -0.4224015271148647
146 -0.4224015271148647 -0.6190841721495537
157 -0.4891015849284766 -0.5249525670758044
196 -0.5249525670758044 -0.5469202999760643
235 -0.5469202999760643 -0.5558671399988403
245 -0.5558671399988403 -0.5749974489449393
255 -0.570419049382628 -0.9112869808496611
274 -0.6109408898930025 -0.6211737235898449
377 -0.6211737235898449 -0.6504739705908081
397 -0.6504739705908081 -0.6913104236604272
437 -0.7154074691655312 -0.7188192977368274
445 -0.7188192977368274 -0.7375540087963675
523 -0.7375540087963675 -0.7671106085004771
1008 -0.7683593012299073 -0.8523887697739233
1210 -0.9136018212036434 -0.9695193138791078
1247 -0.9672400609344163 -0.9807534122631973
1279 -0.9695193138791078 -0.9815119526658069
1433 -0.9807534122631973 -0.9812248797307095

14 -0.16928271837602493 -0.4576186405051238
15 -0.16928271837602493 -0.2740869011100874
17 -0.16928271837602493 -0.24122088736716726
27 -0.24122088736716726 -0.3213572545748498
107 -0.5166002593608153 -0.7830783555019403
389 -0.7163552050078501 -0.7173530670810535
439 -0.7173530670810535 -0.7397768587410741
819 -0.7268020119644578 -0.7319214967182303
1002 -0.7319214967182303 -0.7388744279894807
1230 -0.7564714196103606 -0.8169292057791403
1709 -0.7631723459084192 -0.8352067726967245
1875 -0.8671589372675468 -0.9139652193460078
3015 -0.9910924523835993 -0.9941191149157651
3030 -0.9941191149157651 -0.9951252850197937

12 -0.15013660108908078 -0.1714080658234166
14 -0.15013660108908078 -0.19174234402784304
15 -0.15013660108908078 -0.18966680393567376
16 -0.15013660108908078 -0.49653206669649275
126 -0.3061202411052738 -0.7340770544405614
355 -0.5648108544329662 -0.73006052772283
1486 -0.7659951416433188 -0.8807047139949041
1644 -0.8807047139949041 -0.9212253989636998
1727 -0.9212253989636998 -0.9278830862167968
1756 -0.9278830862167968 -0.9740340606859302
1834 -0.9508387140899872 -0.9887883299708252
1939 -0.9740340606859302 -0.9740733125361596
1969 -0.9740733125361596 -0.9741837635057716
2141 -0.9741837635057716 -0.9742408501617249
2309 -0.9756393077305395 -0.9922779342230377
2361 -0.9887883299708252 -0.9964166790762232
2693 -0.9922779342230377 -0.9944279200467527

86 -0.3748470824017662 -0.3755546342133185
88 -0.3748470824017662 -0.3831099180752431
107 -0.3831099180752431 -0.41561239022430596
137 -0.4372164987866752 -0.4810359345283321
138 -0.4372164987866752 -0.45130914626340557
147 -0.4810359345283321 -0.48720797200004934
148 -0.4810359345283321 -0.4817403383314545
157 -0.48720797200004934 -0.5168661244987351
167 -0.5168661244987351 -0.5275045969893127
226 -0.5724334022399462 -0.592370331027752
389 -0.7032374986370736 -0.9403901671526385
509 -0.7239681563424607 -0.8622334930763328
560 -0.7432714207344691 -0.7479091128813061
670 -0.7480064166625856 -0.7483481267587727
760 -0.7488064917353713 -0.7488793301994374
901 -0.7493738544159402 -0.7567099886753246
905 -0.7567099886753246 -0.8894039000802749

14 -0.12699760487141154 -0.13003254518338314
16 -0.12699760487141154 -0.2987615188994081
17 -0.12699760487141154 -0.4738904392849372
87 -0.29109291717222163 -0.3049579138003283
106 -0.32528349193159894 -0.44104534656984085
206 -0.4146425677042967 -0.5139426448433349
287 -0.6001512090496559 -0.6215816679067664
316 -0.6215816679067664 -0.6517721568266218
326 -0.6517721568266218 -0.7266521448368148
1615 -0.7535105351142991 -0.760942164522287
1779 -0.760942164522287 -0.7626038834680706
11414 -0.7656541815039761 -0.8643303418769479
11707 -0.7684286837479167 -0.9389742484367506
12332 -0.7684330737256642 -0.7795849156757715
12775 -0.8643303418769479 -0.9228232632717095
13168 -0.9389742484367506 -0.9589856465044481

14 -0.13532664090964294 -0.18037485683657065
57 -0.1453272338230596 -0.322764980346024
188 -0.4368579361658332 -0.49298695634429857
197 -0.49303590258922897 -0.5450840307587196
206 -0.5117249643565306 -0.6312698062033512
207 -0.5117249643565306 -0.5997222620517881
298 -0.5954857633026941 -0.6337114158278999
567 -0.7245661860410433 -0.7383970041461769
630 -0.7383970041461769 -0.7449911471570095
730 -0.7452522163008455 -0.7473618601237801
739 -0.7473618601237801 -0.9575737931854168
3428 -0.7639231279303434 -0.8596076717548943
3593 -0.8596076717548943 -0.9511556315820713

12 -0.10602423394506409 -0.2480379930297791
13 -0.10602423394506409 -0.3134475502355858
14 -0.10602423394506409 -0.42830779798341045
87 -0.34276080417292676 -0.3865698472928428
97 -0.40860418000593496 -0.6210300202028869
246 -0.5710641512473512 -0.7852955743794827
248 -0.5710641512473512 -0.5968124909587132
258 -0.6870196326765813 -0.7261218661625847
372 -0.7545872526976964 -0.7940234728566319
373 -0.7545872526976964 -0.8171364388203248
389 -0.7582857613991018 -0.7893969835824253
398 -0.7893969835824253 -0.8795795605644254
407 -0.8795795605644254 -0.9256060015839219
428 -0.9023616528796641 -0.9102884301021203
437 -0.9102884301021203 -0.9175031683820148
597 -0.9175031683820148 -0.9297497752280092
619 -0.9297497752280092 -0.9634534775836138
821 -0.9634534775836138 -0.9846987055966727

15 -0.1504684065327646 -0.18471346043350148
67 -0.2587961429682096 -0.3036355808734818
68 -0.2587961429682096 -0.27680574846927947
78 -0.3036355808734818 -0.3878459395444071
87 -0.36763447598406 -0.4787655899457553
88 -0.36763447598406 -0.40657736040967724
289 -0.5688119394640414 -0.5734918931479629
359 -0.5719664015284923 -0.5723227563887768
2184 -0.5724332106612182 -0.6228460610616708
2250 -0.6228460610616708 -0.6467094792164572
2253 -0.6228460610616708 -0.6473358693548552
2281 -0.6473358693548552 -0.6987217896971448
2422 -0.6987217896971448 -0.7367403536171019
9917 -0.7593626509651131 -0.8794244393138195
10104 -0.763976161757875 -0.765655845487772
10566 -0.7665748218375933 -0.7909282922957265
10612 -0.7909282922957265 -0.9393487039040064
11112 -0.8794244393138195 -0.928790766851516
11666 -0.9393487039040064 -0.9453722907960768

12 -0.3286280797816155 -0.4180620499368573
45 -0.3286280797816155 -0.4763169885804221
47 -0.3286280797816155 -0.4920109121191172
106 -0.4763169885804221 -0.49675294445104545
369 -0.5814037774302928 -0.642250811484276
388 -0.642250811484276 -0.7190307114376654
621 -0.7080415688199958 -0.7230938356193714
629 -0.7230938356193714 -0.7316907136576972
873 -0.7316907136576972 -0.7607821465692495
883 -0.7475951865010506 -0.7534584706888
943 -0.7534584706888 -0.7539112506889342
970 -0.7539112506889342 -0.7638671060151725
1335 -0.7638671060151725 -0.7659816838978132
1424 -0.7659816838978132 -0.8115806347528849
1624 -0.7672572951826923 -0.8687290147265555
2019 -0.888389263857016 -0.9326142458687084
2028 -0.9326142458687084 -0.9542037550630317
2181 -0.9542037550630317 -0.960020338427213
2261 -0.960020338427213 -0.9666538701920122
2482 -0.9666538701920122 -0.9745369487197988
2683 -0.9745369487197988 -0.9824761573493439
3213 -0.9858635142516537 -0.9937811366559381

14 -0.1743884058870587 -0.20333631448623773
17 -0.1743884058870587 -0.21568668132886762
48 -0.31627322916463674 -0.3436600633120428
58 -0.3378932792196492 -0.41253253315724703
98 -0.41253253315724703 -0.5529200658815535
178 -0.4905658456305194 -0.5085051138586876
238 -0.5085051138586876 -0.5098604448814724
247 -0.5098604448814724 -0.5145379198573805
264 -0.5145379198573805 -0.5438578754226556
273 -0.5438578754226556 -0.5608013188796068
302 -0.5608013188796068 -0.5624785996375282
303 -0.5608013188796068 -0.5700212905034058
304 -0.5608013188796068 -0.5719169535745839
367 -0.5719169535745839 -0.5799398184362485
377 -0.5799398184362485 -0.583509905203815
408 -0.583509905203815 -0.5944564030443592
425 -0.5944564030443592 -0.6150236059989062
448 -0.6150236059989062 -0.6164003063057109
477 -0.6241074099283831 -0.6391815079869685
494 -0.6391815079869685 -0.6410770010508167
498 -0.6391815079869685 -0.6634112612627356
504 -0.6634112612627356 -0.7237957396444143
537 -0.6978438158814477 -0.7194588612716134
557 -0.7237957396444143 -0.7342216439586842
577 -0.7342216439586842 -0.7381509852094004
628 -0.7381509852094004 -0.7594190633999109
9794 -0.762636000639206 -0.8425054299992857
15458 -0.7684321718003252 -0.7954744090495394
15706 -0.7954744090495394 -0.8532357107659254
16408 -0.8532357107659254 -0.9032918348486799

11 -0.01249374871334453 -0.20873056897383377
12 -0.01249374871334453 -0.13477266692699583
13 -0.01249374871334453 -0.11109821535042451
14 -0.01249374871334453 -0.02187811512445889
15 -0.01249374871334453 -0.040961034236428856
16 -0.01249374871334453 -0.09028510461596312
17 -0.01249374871334453 -0.13264689582385644
26 -0.13264689582385644 -0.17844807351623287
27 -0.13264689582385644 -0.2870802448669444
37 -0.17844807351623287 -0.28976503081993626
87 -0.24943326752879788 -0.26120695974020597
144 -0.30766787148144153 -0.31264520440131915
166 -0.31264520440131915 -0.315679287331587
184 -0.315679287331587 -0.6028308450181122
318 -0.6052819040741404 -0.6364323959519627
328 -0.6364323959519627 -0.6560461732701168
418 -0.6560461732701168 -0.6608178188730788
458 -0.6608178188730788 -0.6666937186185607
477 -0.6704841373260791 -0.6879385501540982
508 -0.7054763460323424 -0.7387623075952812
518 -0.7387623075952812 -0.7493586491553196
765 -0.7521803621377587 -0.7562437348382124
816 -0.7562437348382124 -0.7587484371764465
920 -0.7587484371764465 -0.759684150509221
939 -0.7603558641807512 -0.7649365184061971
1040 -0.7649365184061971 -0.7653774681381248
9815 -0.7678762307345893 -0.8855063729480253
10298 -0.8855063729480253 -0.9570691393854573
12876 -0.9570691393854573 -0.971001396579716
12906 -0.971001396579716 -0.9711236370242888

37 -0.30597821508015627 -0.3300255188712366
126 -0.3300255188712366 -0.3595804827419383
127 -0.3300255188712366 -0.3451283842448698
137 -0.3570373197416242 -0.4465996017174885
237 -0.4455759271467208 -0.5735592372574776
327 -0.6651336268718939 -0.7345197840790011
345 -0.7345197840790011 -0.7347073783593663
363 -0.7347073783593663 -0.7629290422953038
374 -0.7629290422953038 -0.7676399654571024
11685 -0.768432542571854 -0.7958780409845853
12189 -0.7958780409845853 -0.8133687497967003
12383 -0.8133687497967003 -0.8732146171673698

11 -0.0626568506270102 -0.10504923106524167
12 -0.0626568506270102 -0.07487358921174773
13 -0.0626568506270102 -0.1449878182687117
14 -0.0626568506270102 -0.22157512548052313
15 -0.0626568506270102 -0.1890715519751353
16 -0.0626568506270102 -0.33643888030035696
27 -0.22157512548052313 -0.27816419813869653
45 -0.27816419813869653 -0.2949667704622863
57 -0.2949667704622863 -0.3652309447027853
117 -0.3702433157536025 -0.4025824679973179
127 -0.3927281798670232 -0.4540907430550589
137 -0.4025824679973179 -0.40471219529023955
176 -0.4509450345047819 -0.4818549725346477
216 -0.45409355430159853 -0.4830133971530894
237 -0.4830133971530894 -0.48695472293872216
255 -0.48695472293872216 -0.48989157693673574
257 -0.48695472293872216 -0.7198562760251503
378 -0.6236581350643245 -0.6358442571491302
396 -0.6358442571491302 -0.6679359977578424
436 -0.6679359977578424 -0.6995978325856697
456 -0.6995978325856697 -0.7154214310616519
458 -0.6995978325856697 -0.703949147391482
466 -0.7154214310616519 -0.736512211877344
595 -0.7556370963901736 -0.766376963359548
607 -0.766376963359548 -0.8235764450672783
709 -0.8437110390492459 -0.9076880893323134
729 -0.9076880893323134 -0.926498935111712
867 -0.926498935111712 -0.9647430068738585
1100 -0.9647430068738585 -0.9753565240264638
1212 -0.9753565240264638 -0.9892083590055919

12 -0.11356941589249125 -0.2294274159152389
17 -0.11356941589249125 -0.2747352141037566
107 -0.16088766622890238 -0.2438603971251136
146 -0.27651656854756823 -0.37912305081195197
147 -0.27651656854756823 -0.38009565745063517
157 -0.38009565745063517 -0.4280822812463755
167 -0.4280822812463755 -0.5041115718318796
247 -0.5135550817491279 -0.5744730290732191
267 -0.5744730290732191 -0.6049666833541388
277 -0.6142304358734628 -0.8356728317113687
296 -0.8356728317113687 -0.9563017929750107
315 -0.899426454165717 -0.9455762214224701
355 -0.9414591590593853 -0.956876560986714
396 -0.9455762214224701 -0.9496109352250999
426 -0.9496109352250999 -0.9624537170242191
496 -0.956876560986714 -0.961623747853944
536 -0.961623747853944 -0.9736498520714906
543 -0.9624537170242191 -0.9809237083246941
617 -0.9674569413040202 -0.9901591913930777
788 -0.9826050872620976 -0.9869947680865816

11 -0.0059793785187174115 -0.1450576930650358
12 -0.0059793785187174115 -0.009897182032562133
13 -0.0059793785187174115 -0.04630530292863513
14 -0.0059793785187174115 -0.24969816727762037
15 -0.0059793785187174115 -0.3244622439108793
17 -0.0059793785187174115 -0.14298760423863027
54 -0.31011952506049895 -0.5868815024288541
106 -0.4175904499343009 -0.42042772974139825
107 -0.4175904499343009 -0.6102391476565963
154 -0.5708081524351035 -0.7968558444074535
166 -0.5868815024288541 -0.5890392449822165
176 -0.5890392449822165 -0.6149108637617984
177 -0.5890392449822165 -0.6311083505051712
215 -0.6311083505051712 -0.6400274318039141
216 -0.6311083505051712 -0.6464464467724123
225 -0.6464464467724123 -0.6547470829409463
226 -0.6464464467724123 -0.6781862875987561
235 -0.6781862875987561 -0.6818357332885074
307 -0.7336104635825629 -0.7679321890522828
3273 -0.7684332322694114 -0.8525292035870252
3683 -0.8525292035870252 -0.9459829780355709
4069 -0.9459829780355709 -0.9466457827127197
4523 -0.9459829780355709 -0.9980698395162823

14 -0.2121196226566575 -0.24948834530738329
15 -0.2121196226566575 -0.481111078190947
16 -0.2121196226566575 -0.4868245687439656
97 -0.4868245687439656 -0.4958634900173154
126 -0.4958634900173154 -0.5345756360302844
166 -0.5345756360302844 -0.7487314036990036
419 -0.7412474873010674 -0.7646241334895468
428 -0.7565035954494231 -0.8747306386123986
447 -0.7646241334895468 -0.8599894287312047
479 -0.8599894287312047 -0.8743851896776708
536 -0.8743851896776708 -0.9362784243998531
555 -0.9362784243998531 -0.9365375530197608
559 -0.9362784243998531 -0.9439777377575238
689 -0.9439777377575238 -0.9765516208644428
740 -0.9653384743188097 -0.9894630884421626
871 -0.9765516208644428 -0.9971986065111631

11 -0.013939262316962206 -0.16099909477363564
12 -0.013939262316962206 -0.14267404462674632
13 -0.013939262316962206 -0.11423784993859602
14 -0.013939262316962206 -0.3109689005384483
15 -0.013939262316962206 -0.02335466029022097
16 -0.013939262316962206 -0.1741746428370803
17 -0.013939262316962206 -0.5026175933033282
55 -0.251793678077458 -0.28710773232292125
205 -0.32248465923620534 -0.43170700276626467
359 -0.5724334022399462 -0.6102644326969882
427 -0.828324321574339 -0.8474120618825778
467 -0.8474120618825778 -0.8571220174935736
489 -0.8571220174935736 -0.8897668526615587
497 -0.8872272391186187 -0.9078410278502119
529 -0.8897668526615587 -0.9080928556447904
546 -0.9078410278502119 -0.9817213081116736
565 -0.9080928556447904 -0.960395229971971
585 -0.960395229971971 -0.9728632154429643
684 -0.9728632154429643 -0.9838608729928657
850 -0.982110885070053 -0.986346618075579
920 -0.9838608729928657 -0.9838883491544005
950 -0.9838883491544005 -0.9840112259887202
1051 -0.9860881360306953 -0.9967773012769128
1061 -0.986346618075579 -0.9873696149846031
1222 -0.9882542676282623 -0.9905869355617077
1413 -0.9912935060896647 -0.9962743192515182

13 -0.05659747588498959 -0.312418477394404
16 -0.05659747588498959 -0.1173547621740763
17 -0.05659747588498959 -0.11602478548179496
36 -0.14463599399112603 -0.2380779522602155
218 -0.535674520485383 -0.5602667186288658
228 -0.5724334022399462 -0.6826808935638183
268 -0.5729519200074941 -0.5820535421684403
278 -0.5820535421684403 -0.5879266536101496
407 -0.5882391048459825 -0.5910074375253948
435 -0.5910074375253948 -0.641546733384652
543 -0.6600296464737113 -0.6675174241211016
568 -0.6675174241211016 -0.6675323613509453
573 -0.6675323613509453 -0.7527061778196974
574 -0.6675323613509453 -0.6729233240720546
575 -0.6675323613509453 -0.6801871656031594
579 -0.6675323613509453 -0.6733880659242457
664 -0.7527061778196974 -0.7671280967884487
754 -0.7608229803130784 -0.7626965938408504
849 -0.7626965938408504 -0.7630210984123175
1146 -0.7678954173092158 -0.7683174674874211
1259 -0.7683174674874211 -0.844287676230991
1456 -0.768431783883653 -0.9435705931300002
1641 -0.9435705931300002 -0.957922948356689
2116 -0.9594255510849977 -0.962663841731319
2248 -0.962663841731319 -0.966575106054418
2647 -0.980759565816448 -0.9922870008405726
2822 -0.9922870008405726 -0.9933238994879939

11 -0.06712091571669683 -0.5707421896838091
14 -0.06712091571669683 -0.09609229710385726
15 -0.06712091571669683 -0.3068382776131005
17 -0.06712091571669683 -0.18266260389723138
77 -0.4099830037595348 -0.5228961616989204
157 -0.5498828952499949 -0.6507399904588927
429 -0.7102579986761071 -0.7377549888826997
630 -0.7377549888826997 -0.7428577240986352
1971 -0.7403815530346624 -0.7532223450419265
2002 -0.7507250575566901 -0.7666626227008293
2292 -0.7532223450419265 -0.9531816401571694
11301 -0.7672408146809219 -0.8574013954359834
13057 -0.7673862558143957 -0.7867976465551837
13270 -0.7867976465551837 -0.8771953202527821
14239 -0.8744332831014068 -0.8998026934110294

11 -0.33643412286191227 -0.4969324184621303
14 -0.33643412286191227 -0.4259792696021527
47 -0.4412396583534014 -0.6385987046342076
97 -0.5803284423156729 -0.6292834516087631
126 -0.7933699964596268 -0.8607366271950508
176 -0.8607366271950508 -0.9053838401354789
187 -0.868988118263966 -0.9730524300009852
196 -0.9053838401354789 -0.9528037048416751
197 -0.9053838401354789 -0.9489420108065997
237 -0.9489420108065997 -0.9664802210128546
247 -0.9528037048416751 -0.9944949861456358
304 -0.9664802210128546 -0.9690942550813458
327 -0.9690942550813458 -0.9816202433177798
569 -0.9752053206499894 -0.9891510436723416
750 -0.9891510436723416 -0.9893957178250495
860 -0.9899312246568422 -0.9905374940709551
890 -0.9905374940709551 -0.9908526002336834

13 -0.16097110993407374 -0.19159779859974457
15 -0.16097110993407374 -0.3479817609426937
37 -0.16097110993407374 -0.2619338559278247
67 -0.20480162444403952 -0.23666198644448505
77 -0.23666198644448505 -0.25159740406146464
97 -0.2575295129902383 -0.27660564856371134
107 -0.27660564856371134 -0.2839094162474956
115 -0.2839094162474956 -0.3309601600892693
116 -0.2839094162474956 -0.2982788740218685
117 -0.2839094162474956 -0.3265529768813213
167 -0.4236640150368037 -0.4710053398044642
419 -0.6475065779553629 -0.6873243236027833
449 -0.6873243236027833 -0.6891301125823954
458 -0.6891301125823954 -0.7104083838895264
459 -0.6891301125823954 -0.7027344942344805
478 -0.7104083838895264 -0.7178284150325372
497 -0.7572701803413578 -0.7856744105701111
535 -0.7856744105701111 -0.8996870208696489
536 -0.7856744105701111 -0.8780847921536831
539 -0.7856744105701111 -0.8450521915501531
566 -0.8996870208696489 -0.9555576232826739
619 -0.9555576232826739 -0.9584769358320542
788 -0.9698245673038619 -0.9844902477057638
931 -0.9822724662523737 -0.9882725527011652
1021 -0.9844902477057638 -0.9851477139423223
1051 -0.9851477139423223 -0.9905225246445906
1212 -0.9907300672941713 -0.991113977956538
1232 -0.991113977956538 -0.9911558037348532
1262 -0.9911558037348532 -0.9914320678122172
1272 -0.9914320678122172 -0.9918291027103984

11 -0.21840550761559688 -0.44924168935227826
107 -0.21840550761559688 -0.22357595780255232
115 -0.22357595780255232 -0.3509735510136425
227 -0.6532672816616673 -0.8583067799409237
236 -0.7024551878479913 -0.7708701976079064
247 -0.7708701976079064 -0.7713560286067527
256 -0.7713560286067527 -0.9625953884056649
276 -0.8583067799409237 -0.9477169177719046
317 -0.9264376845373331 -0.9618013750964818
337 -0.9477169177719046 -0.9763318767197108
356 -0.9618013750964818 -0.9705293523181433
374 -0.9625953884056649 -0.9727673047212807
578 -0.9705293523181433 -0.9816772089285067
658 -0.9756836995790368 -0.98595082258971
697 -0.9816772089285067 -0.9821803290361658
798 -0.9821803290361658 -0.9825462134494527
808 -0.9825462134494527 -0.988096667257611
848 -0.9874904086080986 -0.9882497158182332
918 -0.9882963610244626 -0.9888034428307787
937 -0.9888034428307787 -0.9975832988501242

13 -0.21504420583810122 -0.28336203232654356
96 -0.3164273687885233 -0.35400599889682877
97 -0.3164273687885233 -0.4908739891012569
107 -0.38719405666310147 -0.6924304457148519
117 -0.4908739891012569 -0.5540215023891281
268 -0.6699820513237508 -0.6818627536987149
274 -0.6818627536987149 -0.7296333641562289
776 -0.7454157622657558 -0.7509124635073025
877 -0.7509124635073025 -0.7565845452425165
1184 -0.7565845452425165 -0.7567223565762798
2121 -0.7588232747804066 -0.7605218510501117
2313 -0.7605218510501117 -0.765424907639119
11541 -0.7659426111084154 -0.8988706239603089
11716 -0.8988706239603089 -0.9928796551611259

158 -0.5280797610789965 -0.6200869386006291
389 -0.7133362315120698 -0.7229720723236767
396 -0.7229720723236767 -0.8497696976200149
706 -0.7523535564951397 -0.7553977660681286
853 -0.7553977660681286 -0.7563823821389601
1496 -0.7627486452932961 -0.7665260420162467
9022 -0.7668977305038923 -0.8933937171535857
9075 -0.7680517413702447 -0.9999931355925593
9973 -0.9095011741464212 -0.9221709024991891

13 -0.5832651572369217 -0.6218861940267011
15 -0.5832651572369217 -0.743913023054712
117 -0.6467646031014226 -0.7554333487075305
258 -0.7430131145053196 -0.7583256577791276
287 -0.7484574982257001 -0.7795496019048732
397 -0.7583256577791276 -0.7618143447636664
487 -0.7618143447636664 -0.7665382632577326
547 -0.7665382632577326 -0.767048354272649
848 -0.7683796026994606 -0.76841722999253
12948 -0.7684334106644125 -0.8703122346325236
13613 -0.8703122346325236 -0.8737447997351369

11 -0.08544058525698627 -0.09708577570245393
12 -0.08544058525698627 -0.08545811287454773
13 -0.08544058525698627 -0.14960990667774338
15 -0.08544058525698627 -0.29218278822637067
16 -0.08544058525698627 -0.22405093683485788
47 -0.2499762668879785 -0.27163680137354923
184 -0.4052131788319297 -0.8925968694993287
187 -0.4052131788319297 -0.4359990578121861
218 -0.4359990578121861 -0.44238559953024853
258 -0.44238559953024853 -0.4460862091343281
322 -0.46778782007463304 -0.704681169257616
327 -0.46778782007463304 -0.5284875643324818
338 -0.704681169257616 -0.7634233166879023
348 -0.7634233166879023 -0.8508640151091271
367 -0.8508640151091271 -0.8653393219152176
438 -0.8653393219152176 -0.916797957920987
506 -0.916797957920987 -0.9648817125184986
546 -0.9515121912438587 -0.9640060259049243
689 -0.9640060259049243 -0.9770487784399959
748 -0.9650741512097527 -0.973383357158674
940 -0.973383357158674 -0.9742199011830178
1221 -0.9915635452473467 -0.9927602044838187
1272 -0.9927602044838187 -0.993306584531556

11 -0.002351320973150191 -0.17222134074312195
12 -0.002351320973150191 -0.0059406605449387265
13 -0.002351320973150191 -0.6014984247803095
14 -0.002351320973150191 -0.05156191474082472
15 -0.002351320973150191 -0.4815370935709239
16 -0.002351320973150191 -0.12861875220326738
17 -0.002351320973150191 -0.3694627001088044
288 -0.5722450371443838 -0.5878316742044328
457 -0.604155897118712 -0.6117768517420814
465 -0.6117768517420814 -0.6177681856179948
506 -0.6177681856179948 -0.6444492132739683
577 -0.6444492132739683 -0.7313326214229682
841 -0.6796022398239012 -0.7360468777029177
1131 -0.729807445103201 -0.7517571371023335
1134 -0.729807445103201 -0.7319340383768043
2766 -0.7528549899931593 -0.7700944318949045
2939 -0.7576985000529678 -0.7583859058524081
3386 -0.765552462073475 -0.767104254243983
9130 -0.765914853318842 -0.9237631234677401
11965 -0.7684322808703138 -0.8193366073234959
12159 -0.8193366073234959 -0.8342190741168588
13118 -0.987981293578685 -0.9962689683167717
13228 -0.9962689683167717 -0.9962824739110274

11 -0.21981278232142215 -0.31411245286556094
17 -0.21981278232142215 -0.7781723377641697
37 -0.2995970111994914 -0.5446529677461084
215 -0.5597350343995402 -0.6113349940478392
226 -0.6113349940478392 -0.6245835878774741
507 -0.9191079221220281 -0.9374359404280461
546 -0.9374359404280461 -0.9912989340527454
558 -0.9621412944142886 -0.9651331312751044
629 -0.9673459692045896 -0.985059585728956
781 -0.985059585728956 -0.9904369710039896
801 -0.985302728065112 -0.9953165993850096
881 -0.9904369712510965 -0.9910676168117789

13 -0.1577571376291976 -0.25810766324403095
14 -0.1577571376291976 -0.21716730294527253
23 -0.21716730294527253 -0.2803205547042544
26 -0.21716730294527253 -0.25035495428787363
121 -0.35069421325958394 -0.5273012210034083
127 -0.35069421325958394 -0.4233301771643285
137 -0.452266856901131 -0.4836552030699909
338 -0.5917302359985818 -0.7400578058234997
488 -0.6760701432996634 -0.6850785636649058
507 -0.6838779126346562 -0.6984953289558044
527 -0.6850785636649058 -0.7410310164187718
538 -0.6984953289558044 -0.706703677120353
554 -0.7296893888094353 -0.7366236078908845
1010 -0.7660137570187473 -0.831560637190951
1134 -0.8994405963060567 -0.9463566204479948
1265 -0.9463566204479948 -0.9492832932068828
1996 -0.984555360020225 -0.9857973373031732
2122 -0.9857973373031732 -0.9891013932401795

15 -0.17112345392451148 -0.3810596198249392
17 -0.17112345392451148 -0.25204628318526234
56 -0.18621337546789227 -0.31567080976336126
57 -0.18621337546789227 -0.19675526770535623
147 -0.27567280541674893 -0.32981832416373813
187 -0.32981832416373813 -0.3841659947688521
217 -0.3841659947688521 -0.4333058270428421
257 -0.4333058270428421 -0.4352479678421788
287 -0.4352479678421788 -0.5030407593554073
316 -0.5030407593554073 -0.5245560853887161
327 -0.5610397498712751 -0.6718891532074207
627 -0.716911285037518 -0.731974857159543
657 -0.731974857159543 -0.7363141407718115
779 -0.7363141407718115 -0.748186828840134
870 -0.748186828840134 -0.7489027361427405
907 -0.7489027361427405 -0.7542134246736624
919 -0.7542134246736624 -0.764040126705355
1066 -0.7644410936771802 -0.7821261109934691
1565 -0.9655041667012174 -0.9893856007698029
1766 -0.9893856007698029 -0.9936124075442678

12 -0.0649380142626028 -0.10722508063868261
13 -0.0649380142626028 -0.24352173058232646
14 -0.0649380142626028 -0.0675591473322187
15 -0.0649380142626028 -0.3555476340254127
16 -0.0649380142626028 -0.25289790706931065
17 -0.0649380142626028 -0.18729747654674933
35 -0.25289790706931065 -0.38569821013893996
37 -0.25289790706931065 -0.2600720736995571
177 -0.47282010430716953 -0.505688731363932
216 -0.505688731363932 -0.5970181643143685
228 -0.5970181643143685 -0.6123295871499669
258 -0.6123295871499669 -0.6422681462595016
317 -0.6422681462595016 -0.6531784325477006
337 -0.6531784325477006 -0.6943294475665895
358 -0.6943294475665895 -0.7107846639185109
376 -0.7107846639185109 -0.7124336699716363
407 -0.7124336699716363 -0.7249886097112128
476 -0.7249886097112128 -0.7261596064996992
477 -0.7249886097112128 -0.7577904468061187
1420 -0.7605801944823594 -0.9003589048539908
1595 -0.9003589048539908 -0.970407793889284
2323 -0.9710251477235581 -0.9780761809404487
2462 -0.9780761809404487 -0.9835980920895745
2473 -0.9835980920895745 -0.9854136363323872

11 -0.0290969874007368 -0.12452086163000733
12 -0.0290969874007368 -0.41952417868035025
13 -0.0290969874007368 -0.11194313758050918
14 -0.0290969874007368 -0.1850631562230235
15 -0.0290969874007368 -0.4252284631918604
16 -0.0290969874007368 -0.03615671537877349
17 -0.0290969874007368 -0.06468055554187294
162 -0.4687287785260107 -0.5388230257324812
228 -0.4807356252575283 -0.4978331370157111
238 -0.4978331370157111 -0.5028112424930552
258 -0.5134534533690366 -0.5541434019806815
318 -0.5390987733228487 -0.7232786104866448
388 -0.5649601839203996 -0.6389362744015147
426 -0.5693115468896984 -0.5715000839903754
495 -0.5715000839903754 -0.666752925566634
780 -0.7328963926545735 -0.7358365615507371
901 -0.7358365615507371 -0.7404268655786251
951 -0.736960255820651 -0.7455592925729592
1122 -0.7455592925729592 -0.7491507877253014
1187 -0.7491842806617123 -0.7518422478235973
1231 -0.751083370071511 -0.7558631344414192
1363 -0.7518422478235973 -0.7555810452019276
1411 -0.7559488928581565 -0.7601472582158733
1422 -0.7601472582158733 -0.7624548999393274
1614 -0.7642883729029668 -0.7642931864915508
1624 -0.7642931864915508 -0.7642998892926067
1765 -0.7650791473612882 -0.7676061370700815
1785 -0.7655258645339302 -0.7658925292019348
1815 -0.7662509338129762 -0.7673780713907956
1835 -0.7670543773832185 -0.7671081987853116
1845 -0.7671081987853116 -0.7675840414892857
1865 -0.7675840414892857 -0.7677276270501923
1875 -0.7675944048962512 -0.7679855846685691
1925 -0.7676103112955162 -0.7676310708013668
2005 -0.767631071519467 -0.7676399851520688
4310 -0.7676987278473262 -0.7797747357509217
13720 -0.7684317665509242 -0.7841469012963848
13734 -0.7684321613057578 -0.9429142434223577
14291 -0.9067796088315414 -0.9230809037981077
14647 -0.9230809037981077 -0.9886086517347226
14979 -0.9429142434223577 -0.9453034308119063

16 -0.29537854990928714 -0.29772363763103105
37 -0.18049583125181506 -0.1907859205631777
47 -0.20559391596902038 -0.25718080394071
135 -0.30467461745020014 -0.315249322708266
208 -0.3558670145979966 -0.3625151180763195
322 -0.401127805724425 -0.5337912826659637
323 -0.401127805724425 -0.615396142275108
349 -0.4496625017054977 -0.6047872693444017
374 -0.6855387381157797 -0.812859636631043
389 -0.8107508076428858 -0.8190423213402062
429 -0.8178546093699103 -0.8672351446194635
446 -0.8190423213402062 -0.8385374713064684
467 -0.8385374713064684 -0.9699061901921642
547 -0.9232343565695679 -0.9338768014403472
606 -0.9345724089857088 -0.9542545591693784
637 -0.9542545591693784 -0.9733832533498206
723 -0.969968235140681 -0.9708622205659034
850 -0.9708622205659034 -0.9739078924451894
856 -0.9739078924451894 -0.9741743871604549
870 -0.9741743871604549 -0.9779068935756644

12 -0.019102143749451996 -0.11382953310312469
13 -0.019102143749451996 -0.03609171121958393
15 -0.019102143749451996 -0.17330293640037867
16 -0.019102143749451996 -0.02974382674457413
17 -0.019102143749451996 -0.10840684509854465
36 -0.18073871114554962 -0.22644093809472116
67 -0.26229547338546555 -0.2935594668354843
127 -0.32967516013958464 -0.356294206766789
136 -0.356294206766789 -0.6652821778690394
171 -0.5025280039954279 -0.7909830703957667
177 -0.5025280039954279 -0.564961825650358
236 -0.8034824126294398 -0.9088312724466213
246 -0.8579901570983529 -0.9008655758064752
247 -0.8579901570983529 -0.8788142951506375
276 -0.9008655758064752 -0.9192772041871354
373 -0.9090336065849026 -0.9291531719123203
377 -0.9090336065849026 -0.9100078517741759
395 -0.9192772041871354 -0.9667049928476047
426 -0.9291531719123203 -0.9429179967608575
446 -0.9429179967608575 -0.966446394708514
492 -0.966446394708514 -0.9841872342094998
514 -0.9667049928476047 -0.9725690711276522
809 -0.9731745197643373 -0.9795914232421933
915 -0.9795914232421933 -0.9821009230784369
1008 -0.9821009230784369 -0.9854128905135175
1160 -0.9867584110884956 -0.9906052803631015
1311 -0.9910896772761044 -0.991870928813293
1361 -0.991870928813293 -0.9923045000330125

11 -0.022202868936323034 -0.15829799707573744
12 -0.022202868936323034 -0.14054951512196795
13 -0.022202868936323034 -0.10445767324101402
14 -0.022202868936323034 -0.04631501396211448
15 -0.022202868936323034 -0.18641444540183838
16 -0.022202868936323034 -0.2158085564079121
17 -0.022202868936323034 -0.0895418131151754
32 -0.15829799707573744 -0.17286775627377138
33 -0.15829799707573744 -0.1997168618459229
96 -0.2104694455078039 -0.2699841581655623
117 -0.2699841581655623 -0.389909871561627
216 -0.389909871561627 -0.394962945896994
438 -0.5641704880920881 -0.5642252636589197
447 -0.5642252636589197 -0.5920958703623143
760 -0.571333447401164 -0.6720754415020177
1072 -0.637340851555747 -0.6417030645054893
1089 -0.6417030645054893 -0.6497355757472152
1099 -0.6497355757472152 -0.6825316493620994
1120 -0.6825316493620994 -0.7015601784489365
1129 -0.7015601784489365 -0.7444599396621473
1369 -0.7379983166036689 -0.840272571613843
1666 -0.7484761506793699 -0.7491593039081615
1807 -0.7497488656826187 -0.7583753742009121
1928 -0.7584475019943564 -0.7614204021198442
2059 -0.7614907785044116 -0.7626615321668236
2129 -0.7626680972878892 -0.7627228467811107
2149 -0.7627228467811107 -0.7627546085770066
2259 -0.7670824026567494 -0.8212056018556001
3803 -0.9337637193300767 -0.9991047638785158
3934 -0.9802437702118132 -0.9808353108845133
3964 -0.9808353108845133 -0.9808580230717877
3974 -0.9808580230717877 -0.9893633485901625

12 -0.06933844627906446 -0.17992037500560745
13 -0.06933844627906446 -0.1409551360913775
14 -0.06933844627906446 -0.11809042267688463
242 -0.4852039417794837 -0.5205440453035972
243 -0.4852039417794837 -0.5447908225048437
257 -0.5447908225048437 -0.5755916808050044
269 -0.5664419238112319 -0.6890576297520599
450 -0.6301889903219213 -0.6329317829366333
486 -0.6329317829366333 -0.695073689743725
537 -0.695073689743725 -0.7066655196401104
538 -0.695073689743725 -0.6982979745726925
556 -0.7040417300318738 -0.7133502630324955
566 -0.7066655196401104 -0.7463024567313238
599 -0.7133502630324955 -0.7187795663970041
600 -0.7133502630324955 -0.7166666403216124
656 -0.7187795663970041 -0.7247251273263483
665 -0.7247251273263483 -0.7298426663550973
739 -0.7298426663550973 -0.7299401760451041
844 -0.7299401760451041 -0.7355273622670474
954 -0.7355273622670474 -0.7457518121229202
1008 -0.7457518121229202 -0.7481580671789844
3163 -0.7675749613719579 -0.7927429327408847
11045 -0.7684318109399542 -0.9020548801340424
12017 -0.9020548801340424 -0.9055131641134507

12 -0.1775932584313545 -0.43963272099974715
13 -0.1775932584313545 -0.5110618495446105
77 -0.4748895332766915 -0.48372271665716726
126 -0.5055132192274358 -0.5093480863742764
188 -0.5688910210826211 -0.6783937859932928
399 -0.5724334022399462 -0.6676679367222612
587 -0.6351061340387542 -0.6449149107799542
597 -0.6449149107799542 -0.6539055524473978
617 -0.6954148156071694 -0.6957844423542602
626 -0.6957844423542602 -0.6972368859251665
645 -0.6972368859251665 -0.7140457679374768
706 -0.7140457679374768 -0.727114926473473
768 -0.727114926473473 -0.7507534125094496
1037 -0.7527115218633217 -0.7593729132815655
1102 -0.7558658232070222 -0.7658467271283069
1359 -0.7652658592290817 -0.7671371801650798
10968 -0.7663640076812226 -0.794171516108023
12719 -0.76842427937515 -0.8610955534408625
12852 -0.768433194433511 -0.840598120930035
13088 -0.8610955534408625 -0.9816662543230937
13612 -0.892630739772709 -0.9410534282532625

12 -0.28083154798219045 -0.3534646256205208
97 -0.32048492716861293 -0.5720938178395937
134 -0.48194273565719115 -0.674373759511854
258 -0.5357464535248467 -0.6019580974778641
379 -0.6959880335567555 -0.700571632660673
408 -0.700571632660673 -0.7337369266748026
409 -0.700571632660673 -0.723719620460957
514 -0.7582466506174983 -0.9055527002942169
781 -0.9055527002942169 -0.9077250972281693
801 -0.9077250972281693 -0.9742523772925256

11 -0.1451838961031434 -0.3239450815939206
15 -0.1451838961031434 -0.17052470568949377
16 -0.1451838961031434 -0.20781850517154482
17 -0.1451838961031434 -0.15674451983400198
27 -0.20781850517154482 -0.21889061107430807
36 -0.25687301087930237 -0.2852262284771022
37 -0.25687301087930237 -0.3538552791764894
46 -0.3239450815939206 -0.3449532162242722
56 -0.3449532162242722 -0.3839124315173278
57 -0.3449532162242722 -0.3535791985324731
66 -0.38284054071051404 -0.40886733274177145
76 -0.3839124315173278 -0.520517193429053
87 -0.41373615684011156 -0.5535908943345382
96 -0.4254089446840738 -0.47165858244477654
167 -0.47165858244477654 -0.4768999831590067
197 -0.4768999831590067 -0.4835823185361152
216 -0.4835823185361152 -0.508149589293234
297 -0.6789697908892903 -0.724181992230818
316 -0.8795644007600744 -0.9657675589733203
337 -0.9034243502949934 -0.9216934673547057
488 -0.9632985842578563 -0.9782069549765814
619 -0.9782069549765814 -0.9878511320530263

11 -0.047398066304069654 -0.1507390545801168
12 -0.047398066304069654 -0.55246344018315
13 -0.047398066304069654 -0.6234947739708874
14 -0.047398066304069654 -0.10803623311492241
15 -0.047398066304069654 -0.15771244248853009
16 -0.047398066304069654 -0.19557798332983117
17 -0.047398066304069654 -0.3993747032282476
188 -0.5696611861592347 -0.6938795896670352
399 -0.6589048409923521 -0.7042281936118893
476 -0.7042281936118893 -0.7127601303093184
508 -0.7127601303093184 -0.7355210198157442
639 -0.7355210198157442 -0.7543031218796145
677 -0.7543031218796145 -0.754865390149657
2359 -0.7568628785746407 -0.8198663994113301
2536 -0.7632282303514378 -0.7650933135752771
10027 -0.7667708591666623 -0.9069123946763443
10253 -0.9069123946763443 -0.914621824061994
10309 -0.914621824061994 -0.9373972594395412
11504 -0.9373972594395412 -0.9377144068734141

27 -0.20469022979561796 -0.39036837070862007
127 -0.30954237466514806 -0.31351438821864286
146 -0.3163483039637963 -0.617200867081486
147 -0.3163483039637963 -0.31673411921487576
388 -0.5665802174610552 -0.5814151230478705
397 -0.5814151230478705 -0.5874682364716293
398 -0.5814151230478705 -0.888276904801001
399 -0.5814151230478705 -0.5834061881463743
459 -0.6937324466156022 -0.7495789527421781
545 -0.7586457979804445 -0.7861388606739895
589 -0.825461850606176 -0.8670634737755597
596 -0.8670634737755597 -0.9220757590640242
660 -0.9201984011134909 -0.9730845119177567

37 -0.26908677484944393 -0.39227814622991025
47 -0.39227814622991025 -0.43952463840370876
57 -0.43952463840370876 -0.486297046070362
187 -0.5442543148726884 -0.56955893055381
225 -0.56955893055381 -0.5943755174732488
228 -0.56955893055381 -0.5871011585970064
255 -0.5943755174732488 -0.6220225937976912
295 -0.6220225937976912 -0.6397129248979652
315 -0.6397129248979652 -0.6527204612097072
355 -0.7020753409560176 -0.7167103775785947
357 -0.7020753409560176 -0.723693753685134
358 -0.7020753409560176 -0.7190606293083512
406 -0.723693753685134 -0.7491207076283289
688 -0.749327885389981 -0.761471820657003
881 -0.7538020661000484 -0.7558164604124858
921 -0.7558164604124858 -0.7560072031431783
1132 -0.759615276786125 -0.761964617220552
1281 -0.761964617220552 -0.7631740629825274
1303 -0.7631740629825274 -0.7635990907075391
7313 -0.7669392875404759 -0.8600971925907159
7595 -0.8600971925907159 -0.8882735008907692
8597 -0.9479772594128193 -0.9723307032067413

11 -0.03878447657915271 -0.07552116633740953
12 -0.03878447657915271 -0.19817499888052428
13 -0.03878447657915271 -0.22312125407155967
15 -0.03878447657915271 -0.15513116603305754
16 -0.03878447657915271 -0.30421575754052504
17 -0.03878447657915271 -0.08836090833446525
37 -0.22312125407155967 -0.23037068902577795
127 -0.3288351430522678 -0.4222781542762659
155 -0.43600837824502814 -0.44262782070201173
215 -0.48198016223511414 -0.5099174880496785
297 -0.73121651615885 -0.7573631718637622
307 -0.7502556460405947 -0.8662921409241274
316 -0.7573631718637622 -0.8520753598983837
327 -0.8520753598983837 -0.8915733587120911
397 -0.8915733587120911 -0.9367369729135571
445 -0.9152120703114505 -0.9231521974300902
455 -0.9231521974300902 -0.9719672460694132
456 -0.9231521974300902 -0.9284435664890555
476 -0.9367369729135571 -0.9788147919499425
493 -0.939538115016152 -0.9834595331117019
713 -0.9719672468753442 -0.9780599680576532
796 -0.9780599680576532 -0.980687516721414
866 -0.980687516721414 -0.9862870328108059
999 -0.9862870328108059 -0.9910189261807986

12 -0.0912782755943774 -0.45842597685305947
13 -0.0912782755943774 -0.3404523652418931
15 -0.0912782755943774 -0.1546207484591009
16 -0.0912782755943774 -0.15256761927503118
17 -0.0912782755943774 -0.23924275867655637
47 -0.23924275867655637 -0.25575621976137636
57 -0.25575621976137636 -0.37926894136136224
67 -0.35182514214939964 -0.38575298375811207
107 -0.38935491968970515 -0.44755684182165895
136 -0.42547202258788486 -0.5690582171769696
362 -0.5686833721267447 -0.6274861187340138
363 -0.5686833721267447 -0.6169896271971591
530 -0.6603715130475064 -0.8677324135768266
671 -0.8677324135768266 -0.8830990013115637
681 -0.8830990013115637 -0.8958850300088477
750 -0.9065780070636024 -0.9345115234875045
810 -0.9345115234875045 -0.9500792623033837
868 -0.9500792623033837 -0.9887532629022374
921 -0.9642697901216027 -0.9981766807649259
1092 -0.9887532629022374 -0.9912921167246646

11 -0.036441538642703414 -0.06360631629111271
12 -0.036441538642703414 -0.09130980161677293
14 -0.036441538642703414 -0.05244490518938533
15 -0.036441538642703414 -0.13706048512506502
17 -0.036441538642703414 -0.22351040884294926
131 -0.29598948192676056 -0.3205412735292019
339 -0.29598948192676056 -0.3951247391836099
579 -0.4277325537850453 -0.5320418214485749
1573 -0.5724325187045909 -0.6610648366214279
1648 -0.6610648366214279 -0.6852924577216435
1749 -0.67180785931488 -0.8074928546942485
1877 -0.7482444529984708 -0.7489972882791008
2027 -0.7489972882791008 -0.7647571542444167
2592 -0.7672901571808184 -0.8036479738540807
2713 -0.8839638519002303 -0.9250035547096355
2755 -0.9250035547096355 -0.9585092897070097
2793 -0.9585092897070097 -0.9875357773167615

16 -0.09368539788219947 -0.23882969669100906
17 -0.09368539788219947 -0.4491446275762142
54 -0.30995829613811116 -0.7575526038036682
67 -0.3406795444685134 -0.3421118393006498
167 -0.361129305232786 -0.4557128281604474
357 -0.6103784177841546 -0.6706966816633126
368 -0.6706966816633126 -0.6713552344091541
387 -0.6713552344091541 -0.6730253265600942
406 -0.6730253265600942 -0.6918038232834729
425 -0.6918038232834729 -0.7119968195501089
426 -0.6918038232834729 -0.7118370924125739
435 -0.7119968195501089 -0.7285847570053081
476 -0.7285847570053081 -0.7540316158471734
536 -0.7540316158471734 -0.7622513489671531
577 -0.7622513489671531 -0.7636953837624848
645 -0.7636953837624848 -0.7645136915553143
653 -0.7645136915553143 -0.7661825471764314
924 -0.7667834374338057 -0.7675653339020078
12220 -0.7684332000446444 -0.8006026423795037
12396 -0.8006026423795037 -0.8272639897036778
12951 -0.8272639897036778 -0.9081388063791583
13066 -0.9081388063791583 -0.9711184833362245

12 -0.1144822397926197 -0.1541213578315541
14 -0.1144822397926197 -0.4371463375089736
15 -0.1144822397926197 -0.22497304024249376
16 -0.1144822397926197 -0.27226924707645306
45 -0.2845901503470947 -0.3144738192648559
46 -0.2845901503470947 -0.39821565603565445
94 -0.4905186361836315 -0.6007371007034896
97 -0.4905186361836315 -0.6161401799880741
156 -0.6559952133146137 -0.7098416124917476
236 -0.6779508311690206 -0.9857078847961166
276 -0.7348551713499498 -0.7397099401304422
296 -0.7397099401304422 -0.7417773485234149
336 -0.7417773485234149 -0.7443690285926745
367 -0.7443690285926745 -0.7454440820340673
1673 -0.7671907705164233 -0.854081767971283
1817 -0.854081767971283 -0.8793301955150774
1829 -0.8793301955150774 -0.9484881138878137
1838 -0.9484881138878137 -0.9730186309223775

11 -0.01448116776875028 -0.3214832901171538
12 -0.01448116776875028 -0.19308110414726062
13 -0.01448116776875028 -0.023364322325242347
14 -0.01448116776875028 -0.05897875239532941
15 -0.01448116776875028 -0.11616348716299893
16 -0.01448116776875028 -0.07341583733152875
17 -0.01448116776875028 -0.05422748725412733
77 -0.2886016996931746 -0.29911468887591264
206 -0.38808491550331153 -0.5405830583490137
379 -0.5329391867576522 -0.6329135923211499
587 -0.7134382819983123 -0.7330355957434296
891 -0.7349482398330301 -0.7373421215856062
1043 -0.7470109435913554 -0.7475502446215501
1194 -0.7475502446215501 -0.7481525689810543
8445 -0.7665269500699281 -0.9798418589143505
10315 -0.9798418589143505 -0.992018617846447

11 -0.012696966755994053 -0.46993658712709935
13 -0.012696966755994053 -0.16813447875880705
14 -0.012696966755994053 -0.040185860036303485
15 -0.012696966755994053 -0.05050199347334389
16 -0.012696966755994053 -0.0657038281140131
17 -0.012696966755994053 -0.1994675361712408
46 -0.16813447875880705 -0.17224520194823836
137 -0.2757427522310621 -0.31735857041160265
267 -0.31735857041160265 -0.3447529449585379
297 -0.3447529449585379 -0.3631033651099582
308 -0.3631033651099582 -0.3743983471094145
328 -0.3743983471094145 -0.3859744125882791
345 -0.3859744125882791 -0.41551325885470974
438 -0.4089866500703166 -0.6539412893271721
495 -0.4182862580229604 -0.45498938740328826
518 -0.45498938740328826 -0.4782207835155917
534 -0.4782207835155917 -0.5247760140862161
537 -0.4782207835155917 -0.4836081351340475
538 -0.4782207835155917 -0.5797701205984105
637 -0.6141935973572334 -0.6611814919858546
748 -0.8369363069178679 -0.8805558755067984
778 -0.8805558755067984 -0.9345046099137018
798 -0.8911084874061471 -0.9224745438762946
836 -0.9224745438762946 -0.9863442991043205
864 -0.9345046099137018 -0.9434283067987697
878 -0.9434283067987697 -0.9860683506868959
896 -0.9795085270854652 -0.9797629376270132
908 -0.9797629376270132 -0.9855145961334751

16 -0.12027160750561067 -0.15368819885541893
17 -0.12027160750561067 -0.38655931381421815
25 -0.12027160750561067 -0.21538679415146492
26 -0.12027160750561067 -0.17520167461228828
34 -0.17520167461228828 -0.19506651387060545
46 -0.20022635556538385 -0.20993713922699475
77 -0.34184919734716107 -0.3552078129588044
86 -0.3552078129588044 -0.3831181772407811
96 -0.3831181772407811 -0.4873322594408927
97 -0.3831181772407811 -0.44626914400288836
127 -0.44626914400288836 -0.4808321817505201
146 -0.4808321817505201 -0.5027745040300686
147 -0.4808321817505201 -0.5085354967504336
304 -0.5085354967504336 -0.5303102551646341
322 -0.5147909387280194 -0.789210057749513
347 -0.5303102551646341 -0.5432688449172494
353 -0.5432688449172494 -0.5900354527278779
358 -0.5432688449172494 -0.5436274147996062
767 -0.5718536404636637 -0.6277033814021707
940 -0.594019395113824 -0.6882162868206219
1039 -0.7335758090049053 -0.7390034528218012
1491 -0.7616432745614183 -0.8190617321991845
8271 -0.7674016590159293 -0.7984012046249523
8472 -0.7984012046249523 -0.8655927138132372
8474 -0.7984012046249523 -0.9097860107172633
8477 -0.7984012046249523 -0.8242756665862869
8684 -0.9097860107172633 -0.9782816982630228

11 -0.08167755322032405 -0.2147329906700232
12 -0.08167755322032405 -0.17878982177635253
13 -0.08167755322032405 -0.2273761343564123
14 -0.08167755322032405 -0.2384833194262458
17 -0.08167755322032405 -0.14935404730678864
147 -0.3850055821776892 -0.4197205298328578
207 -0.4490113564095938 -0.4595757475350752
227 -0.4595757475350752 -0.5052688988857864
246 -0.5052688988857864 -0.5123464983897511
268 -0.5122647349205122 -0.6791702317854978
296 -0.6791702317854978 -0.7184207629186113
298 -0.6791702317854978 -0.720196872861411
388 -0.7476425054611431 -0.8594152976551996
468 -0.8806768464679324 -0.9032989993727651
487 -0.9032989993727651 -0.9188510016380026
524 -0.9038154102535014 -0.9323733266397606
526 -0.9038154102535014 -0.9126161903053746
534 -0.9127692757948271 -0.9150101342340539
537 -0.9127692757948271 -0.9146517630527272
574 -0.9150101342340539 -0.9696533791494859
607 -0.9188510016380026 -0.9279840740083867
618 -0.9279840740083867 -0.9867887420411235
623 -0.9462474678204986 -0.9544819468286918
645 -0.9544819468286918 -0.976041427036347
665 -0.9696533791494859 -0.9760535854945697
789 -0.9760535854945697 -0.994425441038222
808 -0.9824600153814474 -0.9831489975811437

25 -0.2647637690226363 -0.4056855981875458
27 -0.2647637690226363 -0.40918118510207707
37 -0.4056855981875458 -0.4283889433701945
46 -0.41406766292189584 -0.4846983720889131
47 -0.41406766292189584 -0.49995040917099026
161 -0.5658646441428121 -0.5801797611258301
540 -0.5702669468643505 -0.571841040459971
1013 -0.5719243501020679 -0.5721077567178271
1095 -0.5721077567178271 -0.572109821372074
1493 -0.5721675147080889 -0.7003447765560012
1875 -0.686044756330575 -0.7225068336634758
2030 -0.7225068336634758 -0.8071688297822044
2445 -0.7462132803728708 -0.7471443559653611
2646 -0.7548235127068196 -0.7600580823487144
3427 -0.7617807823540196 -0.8871207169705393
3805 -0.8871207169705393 -0.9210495757709296
3822 -0.9210495757709296 -0.9316495257382407
4317 -0.9316495257382407 -0.9368361476219467
4379 -0.9368361476219467 -0.9876831148371701

12 -0.09543654333901803 -0.20160127134297542
15 -0.09543654333901803 -0.3444275673261714
16 -0.09543654333901803 -0.3817668963508346
17 -0.09543654333901803 -0.0983469672530349
46 -0.2028500894420456 -0.20914739198940466
47 -0.2028500894420456 -0.21073973177964425
116 -0.3641951955425207 -0.3695398283968914
248 -0.4737898428888576 -0.4848766114605513
258 -0.48601426862019 -0.5066677684672002
268 -0.5066677684672002 -0.5275572204991672
287 -0.5275572204991672 -0.5278090125490282
298 -0.5278090125490282 -0.5335241533553249
398 -0.5468094657787492 -0.5978529868650252
546 -0.561692165633351 -0.6808839816369571
810 -0.6680876361037893 -0.6802003804843474
849 -0.7184099495983367 -0.718500684120896
850 -0.7184099495983367 -0.7577659521796017
868 -0.7252433383808308 -0.743328601796137
911 -0.743328601796137 -0.7491973253088592
1193 -0.7492218477019785 -0.7514401456485539
1364 -0.7510753643317706 -0.7519802733801317
1525 -0.7522528636046418 -0.7557235789579354
1755 -0.7556183685950044 -0.8329287988792958
1836 -0.7558039754562972 -0.7607712032822687
1896 -0.7607712032822687 -0.9054794647880091
1907 -0.7609387546290204 -0.760987447711462
2038 -0.7619183821859914 -0.7628803962999973
2078 -0.7628803962999973 -0.7632037910847117
2177 -0.7639826769154683 -0.7654751955030502
2218 -0.7654751955030502 -0.7661883546990953
14081 -0.7684324124141423 -0.7708073356947249
14512 -0.7708073356947249 -0.802937577276158
15082 -0.802937577276158 -0.8584295235395124

12 -0.06309387266249722 -0.14692153596160798
13 -0.06309387266249722 -0.10809905571037781
14 -0.06309387266249722 -0.2524410269188199
15 -0.06309387266249722 -0.08944177291217732
16 -0.06309387266249722 -0.13615417002643684
27 -0.14692153596160798 -0.17223284606929434
66 -0.20108189389596456 -0.2132762701050285
115 -0.2132762701050285 -0.22003575380484908
126 -0.22003575380484908 -0.2375501189313828
127 -0.22003575380484908 -0.2988977467276441
156 -0.3989242320000421 -0.4940821135094781
163 -0.4517585142918416 -0.46042030286253166
173 -0.46042030286253166 -0.5672969482812666
176 -0.46042030286253166 -0.6500028088193097
195 -0.5672969482812666 -0.8646881224328652
207 -0.6155819756507348 -0.7368103922841283
217 -0.68886787035456 -0.7035444275208294
225 -0.7035444275208294 -0.8205461001383769
227 -0.7035444275208294 -0.8477154527543743
246 -0.8205461001383769 -0.8509532381246901
247 -0.8205461001383769 -0.8345262253424731
267 -0.8477154527543743 -0.882165756663725
286 -0.8509532381246901 -0.8700715146978261
287 -0.8509532381246901 -0.8576332431528197
304 -0.8700715146978261 -0.9582595486268386
305 -0.8700715146978261 -0.910488441562053
337 -0.910488441562053 -0.9186525710029952
375 -0.9142506005138152 -0.962418333928708
383 -0.9186525710029952 -0.9455993349283659
407 -0.9455993349283659 -0.9521017722826811
413 -0.9521017722826811 -0.961131315114954
446 -0.9582595486268386 -0.9770281818844903
457 -0.961131315114954 -0.9895402324122035
554 -0.962418333928708 -0.9741826529212632
605 -0.9741826529212632 -0.9876145905354156
632 -0.9770281818844903 -0.9952620341507836
778 -0.9891375957475468 -0.9898240186136622
909 -0.9902411508094184 -0.9943082646787897
1050 -0.994753131956088 -0.9955026740037787
1070 -0.9955026740037787 -0.9957869324697213

15 -0.2123042602533012 -0.4369807503295961
35 -0.22621526953227628 -0.27399128428220654
54 -0.27399128428220654 -0.48631758467732245
97 -0.3033362798004324 -0.49622736521958727
147 -0.5627746628382921 -0.5840544994695596
157 -0.5840544994695596 -0.5967817878313202
176 -0.5967817878313202 -0.7976587455907332
298 -0.6362352749998414 -0.7160415217343662
439 -0.8156339734867442 -0.8838802660918169
448 -0.8660498557774333 -0.8970948461754439
459 -0.8838802660918169 -0.8875773151729889
467 -0.8875773151729889 -0.956203835119052
487 -0.9070053430052606 -0.9344720676569129
517 -0.9344720676569129 -0.9482227073938042
577 -0.9482227073938042 -0.9727462868180681
1088 -0.9787410113559627 -0.9925982365759229

12 -0.10495855893605165 -0.4916446794751838
13 -0.10495855893605165 -0.14641083324921314
15 -0.10495855893605165 -0.2302043319655513
24 -0.16445230260268118 -0.1758228494081142
37 -0.21498360275864117 -0.24127244592385644
57 -0.24127244592385644 -0.24525639264868343
87 -0.33701587375699854 -0.4050116326348779
134 -0.48976653175818635 -0.504318730343446
146 -0.5008922032475438 -0.5291945432145899
147 -0.5008922032475438 -0.5217721873829968
257 -0.7498058328100669 -0.814068379032902
267 -0.814068379032902 -0.8844035544350463
297 -0.8496829704376002 -0.9437351326859112
327 -0.8844035544350463 -0.9734670356537367
425 -0.938936993971336 -0.9563270186062631
427 -0.938936993971336 -0.9618396491635866
466 -0.9563270186062631 -0.9647900097152989
565 -0.962007981108209 -0.9749589606204203
624 -0.9652316022659758 -0.9819470523285562
807 -0.9774370891430438 -0.9791021994727486
817 -0.9791021994727486 -0.9827653419673404
867 -0.9816861792927785 -0.9840862168421899
968 -0.9832449107276808 -0.9832968801917183
978 -0.9832968801917183 -0.983588075699023
998 -0.983588075699023 -0.9836026897155206
1008 -0.9839135016503049 -0.9843092378576589
1018 -0.9844608849417035 -0.9849734378916354
1114 -0.9846648684833051 -0.9847722509486722
1159 -0.9849983866499522 -0.987043478518002
1168 -0.987043478518002 -0.9872316746753198
1300 -0.9876762405537893 -0.9902475875011494
1310 -0.9878511102177029 -0.9888684815571779
1340 -0.9895593861919791 -0.9898515807639457
1359 -0.9898515807639457 -0.990763379870723
1370 -0.9902475875011494 -0.9912486190425628
1399 -0.990763379870723 -0.9907643307389421
1449 -0.9927449518515343 -0.9936670540389793
1480 -0.9936670552063673 -0.9945125467564875
1550 -0.9943944602518473 -0.9944159116724505
2282 -0.9984404123200318 -0.9990801706570412
2386 -0.9990801706570412 -0.9992044642875979

12 -0.2029784719134553 -0.44369498820055797
27 -0.2029784719134553 -0.286085654212778
97 -0.3688408828747439 -0.3721488202904508
107 -0.39536431567319635 -0.4631863626671198
186 -0.5524200700021271 -0.6998721386935968
308 -0.6848049024874721 -0.7799068443685138
883 -0.7614846815576944 -0.7624328997915071
1115 -0.7624328997915071 -0.763113863897927
1286 -0.7631602818947013 -0.7635369916241761
1326 -0.7635369916241761 -0.7635443439199768
2278 -0.768211184885765 -0.9108408992803335
2768 -0.9108408992803335 -0.9224790601340817
2837 -0.9224790601340817 -0.9481973687894492
2838 -0.9224790601340817 -0.9891440905362772

12 -0.04647209303886851 -0.2170683200596179
13 -0.04647209303886851 -0.0729238253856605
14 -0.04647209303886851 -0.1912679365011924
87 -0.2136819534515027 -0.3095703359462793
197 -0.3735930323503689 -0.5470008544570252
257 -0.45922527255195134 -0.4761755465442395
277 -0.4761755465442395 -0.5156116250297208
296 -0.5156116250297208 -0.5216008330859896
297 -0.5156116250297208 -0.5482817888609859
353 -0.5536875375550655 -0.5749511555220592
357 -0.5536875375550655 -0.560640325420277
375 -0.6129677991186933 -0.6207203617851136
383 -0.6207203617851136 -0.6235917723010506
443 -0.6284386777771854 -0.6413109725328909
465 -0.6345678184001002 -0.6530462701008625
487 -0.6530462701008625 -0.6650432120034788
505 -0.6650432120034788 -0.6859289585178134
521 -0.6859289585178134 -0.691434627884491
526 -0.6859289585178134 -0.6891132245193069
533 -0.691434627884491 -0.7110284779874291
583 -0.7271899511844779 -0.7517910102778566
585 -0.7271899511844779 -0.7294502409030899
595 -0.7436875937121538 -0.7576447818376764
676 -0.7517910102778566 -0.763757724856618
765 -0.7576447818376764 -0.7675274291762243
948 -0.763965514528389 -0.7670227329591279
1547 -0.7675376535304658 -0.7793815530811973
1832 -0.7678539690158683 -0.9008407187172526
2012 -0.7684253917860936 -0.8652063340313091
2211 -0.8652063340313091 -0.9177038192531851
2236 -0.9177038192531851 -0.9238271603591832

11 -0.04885099445491357 -0.22926363040884287
12 -0.04885099445491357 -0.05021404321899479
13 -0.04885099445491357 -0.36424385099919726
15 -0.04885099445491357 -0.15765788670246564
16 -0.04885099445491357 -0.1862684103950155
17 -0.04885099445491357 -0.16943566581987246
138 -0.33513209187436244 -0.35496770280617457
208 -0.3731019641231712 -0.41054390128949597
226 -0.41054390128949597 -0.46739627822898966
1271 -0.5724329613552647 -0.6651121373052173
1427 -0.5724334022399462 -0.5741490895080852
1525 -0.6335096902104291 -0.6931331550045
1538 -0.6931331550045 -0.7583362472296392
1693 -0.7464472036168688 -0.8023967486766671
1979 -0.7583362472296392 -0.7633880258121238
1991 -0.7633880258121238 -0.7641494543898574
5652 -0.7680536608077766 -0.7681298217340371
6153 -0.7681298217340371 -0.8286721397110903
6397 -0.8729528173744724 -0.9094564768340615
6580 -0.9094564768340615 -0.9268324753588196
6598 -0.9268324753588196 -0.9878058663273885
6630 -0.9878058663273885 -0.9939490639800824

11 -0.0651966490677898 -0.07570923459551354
15 -0.0651966490677898 -0.07670935413785172
16 -0.0651966490677898 -0.1823348243551369
17 -0.0651966490677898 -0.13383690729496933
57 -0.13383690729496933 -0.215551825286646
127 -0.24413955473604412 -0.4335411359656286
146 -0.25717480226138056 -0.35981150860453176
147 -0.25717480226138056 -0.31621766145269026
246 -0.5788973011159844 -0.5872022287200362
257 -0.622738043940111 -0.6876373821936758
276 -0.6876373821936758 -0.8744441269095923
287 -0.782117088968318 -0.9217865630412664
316 -0.8744441269095923 -0.9628760379251016
337 -0.9355733378348741 -0.965283289844571
345 -0.9628760379251016 -0.9677610652933321
392 -0.965283289844571 -0.981397005080441
456 -0.9677610652933321 -0.990926106522629
545 -0.9710966360196707 -0.9787746769000804
728 -0.9787746769000804 -0.9918788907184726
775 -0.9840620792134102 -0.9871729285854178
837 -0.9871729285854178 -0.9919656817261402
948 -0.9919656828885608 -0.9922486572664379
1038 -0.9929975540628673 -0.9931718163981228
1074 -0.993792097743109 -0.997925241131794
1168 -0.9956068761732813 -0.9960969879254199
1178 -0.9960969879254199 -0.9965427780729443
1188 -0.9965427780729443 -0.9967226703081268
1208 -0.9968155394775453 -0.9968881444382955
1238 -0.9973321413324896 -0.9973532686345743
1258 -0.9973532686345743 -0.9978157955698524
1268 -0.9978157955698524 -0.9984618254087498
1278 -0.997925241131794 -0.9984956735623617

11 -0.0727285740132515 -0.2622584229609691
12 -0.0727285740132515 -0.09088088204462183
14 -0.0727285740132515 -0.10478576454832457
15 -0.0727285740132515 -0.26322002279291384
16 -0.0727285740132515 -0.1679969349527802
17 -0.0727285740132515 -0.293284029399694
27 -0.26322002279291384 -0.3450683320565697
67 -0.293284029399694 -0.2973400545162352
77 -0.2973400545162352 -0.3450831754242791
97 -0.39887936029953974 -0.43030623586824907
156 -0.4020072793746403 -0.40848342384219744
177 -0.44532428707118477 -0.5317236726592465
257 -0.4725432412684151 -0.6941160475731211
408 -0.5584290035187186 -0.7275398383151274
478 -0.7275398383151274 -0.8014921948471115
488 -0.8014921948471115 -0.836890647637492
498 -0.836890647637492 -0.9963539939463711
548 -0.9259351248135353 -0.9281560592943322
618 -0.9281560592943322 -0.9578130809370161
718 -0.9578130809370161 -0.9582643625728898
769 -0.9597738941536162 -0.9648700978735639
927 -0.9616390935708635 -0.9683537368528835
939 -0.9648700978735639 -0.9726068461334945
947 -0.9683537368528835 -0.9901668038101634
1015 -0.9726068461334945 -0.9742432733605242
1139 -0.9742432733605242 -0.9782066349150887
1170 -0.9782066349150887 -0.9851386105108908
1171 -0.9782066349150887 -0.9857031542903294
1261 -0.9857031542903294 -0.9869293167575235
1370 -0.9872273813828524 -0.9899570329641166

12 -0.14561186175661078 -0.26837637948393483
13 -0.14561186175661078 -0.16762463975682174
14 -0.14561186175661078 -0.46976125320075307
16 -0.14561186175661078 -0.244330248841594
17 -0.14561186175661078 -0.3760141417414901
175 -0.5720748891285797 -0.5745726779396443
178 -0.5720748891285797 -0.7250952904659065
218 -0.5808812016317879 -0.7698904035867871
288 -0.7250952904659065 -0.7252187437157687
545 -0.7312666200618825 -0.7407722514499389
550 -0.7312666200618825 -0.7330356977874283
579 -0.7407722514499389 -0.7414229417317977
640 -0.7510069856128495 -0.7511329149777001
680 -0.7511329149777001 -0.7519874944787875
686 -0.7519874944787875 -0.7601021331747558
710 -0.7601021331747558 -0.7622313893978776
1793 -0.7639638894916784 -0.8115874713060969
12441 -0.7684334379654507 -0.8038294966010963
13190 -0.8038294966010963 -0.9115819751106351

13 -0.170219890642672 -0.18339212950898465
14 -0.170219890642672 -0.24351049006651412
77 -0.252258665070475 -0.25314395712896726
117 -0.3151027102845423 -0.3487831565614392
137 -0.3487831565614392 -0.3510552399660011
147 -0.3510552399660011 -0.4122027300404408
207 -0.4122027300404408 -0.42556074501945595
227 -0.42556074501945595 -0.47491274278401807
265 -0.47491274278401807 -0.49875374194108235
294 -0.49875374194108235 -0.5024594651397549
302 -0.5024594651397549 -0.5223925715281491
303 -0.5024594651397549 -0.5215416874685477
307 -0.5024594651397549 -0.5519692104477506
343 -0.5519692104477506 -0.555692509077901
373 -0.555692509077901 -0.5981093358782512
548 -0.5679704614010369 -0.7885554757927029
568 -0.6563354333825433 -0.7700141387267226
859 -0.7574898835627001 -0.75872780666656
870 -0.75872780666656 -0.7593550874689112
948 -0.7621833639591162 -0.7673267359081503
1000 -0.7673267359081503 -0.7676811146667875
1205 -0.7680199399759581 -0.785375577352146
1389 -0.9390355121199644 -0.9517375017132992
1482 -0.9517375017132992 -0.9899810632172968

11 -0.06013675154964109 -0.1336669178701993
13 -0.06013675154964109 -0.2835761820870763
15 -0.06013675154964109 -0.06083123587394061
16 -0.06013675154964109 -0.13086579026097572
17 -0.06013675154964109 -0.24715255614086706
136 -0.5391247659206683 -0.6865117963645578
157 -0.6865117963645578 -0.7433860641335016
198 -0.7278404141113631 -0.7323971607661105
228 -0.7323971607661105 -0.7421522857053451
719 -0.7523653020450551 -0.7623480236177773
858 -0.7623480236177773 -0.7861376769955849
3665 -0.7662913912442422 -0.8898293953142145
3776 -0.8898293953142145 -0.9655974735031836

16 -0.2875034718848107 -0.30302803808698237
197 -0.3770032730775795 -0.42735923961010136
319 -0.4433749795352232 -0.528541884888112
449 -0.5256387101956411 -0.5689485217448652
488 -0.5610734101068166 -0.5848554583289272
489 -0.5610734101068166 -0.5709993060945403
497 -0.5709993060945403 -0.6250784066162155
498 -0.5709993060945403 -0.6044385138844042
505 -0.5848554583289272 -0.5929283080600339
507 -0.5848554583289272 -0.5947758059576562
515 -0.6044385138844042 -0.619748387681942
526 -0.619748387681942 -0.6266871015454955
529 -0.619748387681942 -0.6399197475996788
555 -0.6266871015454955 -0.6269837251031091
608 -0.6269837251031091 -0.6549681836940798
634 -0.6399197475996788 -0.6772563452641048
639 -0.6399197475996788 -0.6423965249304189
646 -0.6549681836940798 -0.6956430604856367
686 -0.6772563452641048 -0.6938030197704725
689 -0.6772563452641048 -0.6837809304334674
707 -0.6938030197704725 -0.723534930774416
737 -0.7052330228786556 -0.7356772993278125
746 -0.723534930774416 -0.7267747572947074
749 -0.723534930774416 -0.7353649401743987
799 -0.7353649401743987 -0.7590716995068376
836 -0.7356772993278125 -0.7452093535528339
870 -0.7377372911913241 -0.7434823227432753
948 -0.7452093535528339 -0.758135224679166
1019 -0.7492219454111914 -0.7564404927894497
1160 -0.7591566025558879 -0.7620608398777481
1249 -0.7603805280056044 -0.7616327603893945
1411 -0.7616327603893945 -0.7633783501926831
1461 -0.7633783507018441 -0.7661012516192017
4836 -0.7675028725584433 -0.9624558300161102
10724 -0.7679113922884779 -0.7993383942368629
12080 -0.7684326513461632 -0.8395066737404252
12316 -0.7993383942368629 -0.8442336879270024
12943 -0.8395066737404252 -0.9239929734846788

13 -0.12506550864780824 -0.30363562014475187
15 -0.12506550864780824 -0.19035278574874828
17 -0.12506550864780824 -0.14526069013585238
37 -0.23425102986755128 -0.26366996147008726
77 -0.30663888906187564 -0.3110725959062498
147 -0.33294901919502884 -0.3435851912810975
187 -0.3435851912810975 -0.40915401544648544
227 -0.5555331872547493 -0.5664207917911602
396 -0.6328494111576997 -0.6971200973693554
426 -0.6971200973693554 -0.7327727355996319
445 -0.7327727355996319 -0.8237419253665648
447 -0.7327727355996319 -0.973432414206027
517 -0.9123829935612993 -0.9146273585100533
526 -0.9146273585100533 -0.9770459803257981
578 -0.940399156320776 -0.9612565821295774
594 -0.9612565821295774 -0.9678529573571943
627 -0.9678529573571943 -0.9776530849947308
778 -0.9812093477469643 -0.9888470163179457
879 -0.9856952863345189 -0.9857914533173365
889 -0.9857914533173365 -0.9860088493300385
899 -0.9860088493300385 -0.9862194344664301
937 -0.9864742293159849 -0.9878956910693091
978 -0.9878956910693091 -0.987978918865205
988 -0.987978918865205 -0.9883255965324756
999 -0.9885311079667212 -0.9888314245318743
1170 -0.9930746159393038 -0.997255873409426
1250 -0.9972558735620297 -0.9984941287214354

14 -0.18064513575913901 -0.3649675191919441
15 -0.18064513575913901 -0.2857390792817335
16 -0.18064513575913901 -0.41975092811567827
17 -0.18064513575913901 -0.37715770017321887
56 -0.41975092811567827 -0.5145794798866377
278 -0.6171306944450983 -0.6461096092508104
286 -0.6461096092508104 -0.6478823274869042
316 -0.6478823274869042 -0.6692206197609734
318 -0.6478823274869042 -0.6569574763869181
335 -0.6692206197609734 -0.6973514615402037
355 -0.6973514615402037 -0.7343054250007494
586 -0.7353667695752029 -0.7538725839460066
1755 -0.7548048285629585 -0.7652352381305482
1928 -0.7652352381305482 -0.8956780649518674
2193 -0.7684332770230473 -0.779336928325301
2228 -0.779336928325301 -0.792015275130722
2262 -0.792015275130722 -0.8066791396201051
2269 -0.8066791396201051 -0.8483855425338601
2289 -0.8483855425338601 -0.8928366188220997
2301 -0.8928366188220997 -0.9214123095656259
2320 -0.8956780649518674 -0.962000711064191
2392 -0.9214123095656259 -0.9476955111475444
3219 -0.9633234917015782 -0.9721527432242419
3341 -0.9721527432242419 -0.9811972245119241

12 -0.03570845188293426 -0.1149158197201402
13 -0.03570845188293426 -0.22996470062545027
14 -0.03570845188293426 -0.11088055246205308
15 -0.03570845188293426 -0.2990989195414998
37 -0.2545494266023156 -0.2838681795710559
87 -0.3005539742323821 -0.3417637776096664
167 -0.3991344013004582 -0.4077189980063331
186 -0.4077189980063331 -0.5519460304423603
246 -0.4971548495999932 -0.5668754928998412
256 -0.5668754928998412 -0.6132950192548529
398 -0.5724334022399462 -0.6480354529858638
477 -0.666418885406645 -0.7467072008123941
497 -0.7211405904050077 -0.7594576282744914
635 -0.7594576282744914 -0.7633162521232517
636 -0.7594576282744914 -0.7634177154458819
724 -0.7634177154458819 -0.7660035045368576
929 -0.7660035045368576 -0.7669201147533283
1700 -0.7682980795007801 -0.8591246471438759
1756 -0.7683739328750193 -0.768375226001194
1786 -0.768375226001194 -0.7683885992069748
1856 -0.7683885997663077 -0.7684034148230048
4807 -0.7684319473237555 -0.9063154721496125
5588 -0.9063154721496125 -0.9068794873844992
5806 -0.9508810857464813 -0.9601762665542689
5859 -0.9601762665542689 -0.9891270265250393

11 -0.12342911727913966 -0.1850450100215033
12 -0.12342911727913966 -0.23802768673900557
14 -0.12342911727913966 -0.15942431949959274
15 -0.12342911727913966 -0.2053427780852252
27 -0.2053427780852252 -0.20638140774849087
37 -0.20638140774849087 -0.22970704642111434
47 -0.21128884512780766 -0.2604929472817156
57 -0.22970704642111434 -0.34424527966115614
117 -0.3773178788266203 -0.4773125956240378
135 -0.4004953840891233 -0.47973827402661323
137 -0.4004953840891233 -0.4859631428979002
207 -0.47973827402661323 -0.48948175844184705
236 -0.6634605705926248 -0.7132945067354538
237 -0.6634605705926248 -0.9563295062806678
245 -0.738035198356435 -0.7554576167829429
267 -0.7647763063725563 -0.8009479990344067
276 -0.8188052350985625 -0.8693162877229326
287 -0.8693162877229326 -0.8810367690907245
305 -0.8810367690907245 -0.9101943057383348
313 -0.9101943057383348 -0.9647431073863667
325 -0.94279988063206 -0.9442223481646005
463 -0.9563295062806678 -0.962213189066959
543 -0.962213189066959 -0.96972338160756
669 -0.96972338160756 -0.9935791795868136
926 -0.9861451858947637 -0.9868371095077195
941 -0.9868371095077195 -0.9878922572274942

12 -0.07185880495374054 -0.37544027252922574
14 -0.07185880495374054 -0.07802510871745537
15 -0.07185880495374054 -0.21473680602238449
16 -0.07185880495374054 -0.47051338827443334
77 -0.29912531995148756 -0.36191158095098147
114 -0.36191158095098147 -0.3922815805383629
206 -0.4812998435765914 -0.5214222339255872
216 -0.48431797136658605 -0.5831088445664897
237 -0.5185687520680474 -0.6272355288578775
296 -0.6551927782541813 -0.8001004539174281
316 -0.7731403327141184 -0.8775973220454314
317 -0.7731403327141184 -0.8918872852914633
336 -0.8775973220454314 -0.9013045249363325
366 -0.8918872852914633 -0.9058138865665699
385 -0.9058138865665699 -0.9516208912870411
397 -0.9213215661945381 -0.9287542759347645
416 -0.9287542759347645 -0.9304164213356316
477 -0.9516208912870411 -0.9699992647965361
493 -0.9578572364303561 -0.9774877462468979
517 -0.9592173004829535 -0.9918932468607746
668 -0.9703062958510686 -0.9748574176881439
677 -0.9748574176881439 -0.9832396194544758
688 -0.9832396194544758 -0.9976066367658477
839 -0.987696939149714 -0.9895780790307632
859 -0.9895780790307632 -0.9896797238515452
919 -0.9901316769020906 -0.9954142714485609

11 -0.1279047524990895 -0.3136962906205767
12 -0.1279047524990895 -0.26887706627859864
16 -0.1279047524990895 -0.45872432535204016
17 -0.1279047524990895 -0.18416681660107298
96 -0.48819600827525367 -0.6936441756618179
97 -0.48819600827525367 -0.5230138819885776
228 -0.567130107977413 -0.5847580831444461
327 -0.6217886449127836 -0.6494271635542462
417 -0.6494271635542462 -0.6499683135897283
455 -0.6499683135897283 -0.7287435101228514
1971 -0.766947472636663 -0.9075203454364975
3307 -0.7684285460484476 -0.9383559991508046
3369 -0.9383559991508046 -0.9706590400849177

27 -0.23573255914820299 -0.2812300146908892
37 -0.26818291526150706 -0.28636392863536797
46 -0.2812300146908892 -0.4257802665121951
96 -0.3135948248344749 -0.38031126306867613
97 -0.3135948248344749 -0.3182734296152258
104 -0.38031126306867613 -0.4046400963617274
157 -0.5051090054771807 -0.6054815321358875
353 -0.6170976579062313 -0.6689155562493796
568 -0.8976306228906312 -0.9455864073525033
885 -0.9456050598539097 -0.9711631769809231
1012 -0.9711631769809231 -0.9722252125484219

