pass_rich_deceptive10_step0_poor1rich9
eval_cnt worst_rich_fitness new_rich_fitness
41 -0.07079435929778012 -0.17675870082090078
272 -0.14381580024659582 -0.23623586812848837
273 -0.14381580024659582 -0.2369083969374514
504 -0.15786155115263228 -0.21231005191340643
505 -0.15786155115263228 -0.1793270611634372
2139 -0.20650248922533565 -0.23203394740149957
3702 -0.224464995362798 -0.2307108392557612
3985 -0.2246297731689395 -0.23847081243229215
5639 -0.2314251628886505 -0.2693896107543323
7606 -0.24019588320631544 -0.319445352623978
9724 -0.2726131931282816 -0.2855935453295145
10945 -0.2726430170300498 -0.29249888258007567
12227 -0.2727184473952671 -0.27631386649535816
16232 -0.3019880697334209 -0.36359454774393607
23175 -0.3023808610862517 -0.3280584178359116
25626 -0.3138638783315823 -0.3549636776965206
26070 -0.3139676167830916 -0.35634773634154004
41197 -0.31737776394698985 -0.38072523820060367
63164 -0.37149887926896563 -0.38395500187268783
90702 -0.4180538663314938 -0.42461950983692787

51 -0.07089544837703528 -0.2643134728907204
1897 -0.26331887161005985 -0.2652979149806856
2017 -0.2652979149806856 -0.3407188369554798
2018 -0.2652979149806856 -0.3421838281698985
2522 -0.27665918147801843 -0.2851306270585022
4429 -0.2891555247063422 -0.30281929764361665
4852 -0.3107537916904263 -0.38298072491976387
9503 -0.34256358640708223 -0.3606804106197955
12439 -0.34923340870994474 -0.3910407354608426
19704 -0.35288642292054534 -0.36843191146010235
19935 -0.35657890184000296 -0.3684805147587534
19936 -0.35657890184000296 -0.36299331570949583
20601 -0.36843191146010235 -0.6043040585076043
22477 -0.37516314121572986 -0.40515936954378545
40236 -0.45313493419000683 -0.4799823446818748
73122 -0.4596114260236298 -0.48229664838540726

51 -0.06274174721325797 -0.07356911008997015
161 -0.13714773909851152 -0.1635813593249494
171 -0.15984326027448667 -0.162196500103556
181 -0.1635813593249494 -0.17345044846484628
191 -0.17345044846484628 -0.20285138062311467
1149 -0.20242271365080525 -0.24992852281765646
1935 -0.2860213661834068 -0.2932044336490221
4680 -0.286238024566589 -0.30351582849300096
8453 -0.29935114547136044 -0.30121659359259817
8826 -0.30121659359259817 -0.5673718826357557
10924 -0.32262018477530713 -0.3865363321854596
18229 -0.33801832887072536 -0.3921182426211328
19752 -0.3507900157989032 -0.3512764725867148
30307 -0.358553736012411 -0.366675018429897
57501 -0.3976193984389655 -0.45324560878252856
59609 -0.41143670383044123 -0.43997995507228804
88095 -0.43971574102044336 -0.4438218971162719

81 -0.12886995606044196 -0.13667996989393352
313 -0.1798635042663875 -0.20498491014442702
1846 -0.19766638009544985 -0.3265621428239552
2562 -0.2824190161333692 -0.5311842501970023
7334 -0.3101781263902333 -0.3266896159723831
8635 -0.31267157262098033 -0.4724774371452277
18735 -0.3331566357045507 -0.37061321480654624
22004 -0.3712085926074439 -0.37510312982067895
22942 -0.4100346809091411 -0.4504911741958927
45404 -0.4481927728903401 -0.45419607637190984
75515 -0.4836388157232112 -0.5417457252755683

11 -0.08660619378904788 -0.23023437326097487
131 -0.12536521125322514 -0.1701819259587087
132 -0.12536521125322514 -0.16284307989172725
585 -0.1806419197035401 -0.19024909634368536
1473 -0.1857187675965624 -0.22635734276096503
1474 -0.1857187675965624 -0.2151125696185817
2594 -0.2450070765477389 -0.2760008077069638
3582 -0.24764747723642547 -0.26250355200154
5166 -0.2545387384211452 -0.2593463427734978
7153 -0.30268990338463386 -0.30699034282366433
13328 -0.327829146129708 -0.3740603889483397
18645 -0.34472181711994004 -0.3495658802235866
19744 -0.35266854886959076 -0.3867299034025419
31822 -0.3667359247458332 -0.4058360893731638
35454 -0.4015871159470982 -0.4064575800125271
58390 -0.4391409799258424 -0.44748583576004053
81679 -0.44729750881500346 -0.46982603550310464
83979 -0.46982603550310464 -0.47318519406880855

11 -0.08196124480838053 -0.17326108668066362
51 -0.08196124480838053 -0.091070153436852
131 -0.13579174195875457 -0.14360056674487856
242 -0.157105724982074 -0.18087627344445176
364 -0.157105724982074 -0.271836000900159
1927 -0.24368447680714975 -0.31583524653037365
2049 -0.2436897846963234 -0.24913396083599626
2321 -0.2481764050615658 -0.4581680325142579
2663 -0.2536853192723227 -0.27885393564261535
2664 -0.2536853192723227 -0.27078511538105576
7527 -0.30392592112139066 -0.3049946651899223
10624 -0.3324179106220005 -0.3366079908891438
11380 -0.3503456527866081 -0.38541691096870584
15698 -0.3593298419763762 -0.4177407165541754
20208 -0.39206714688123157 -0.3951499285187657
23608 -0.3980849550329864 -0.4073541207027089
41822 -0.4495404394788013 -0.4694535144914031
71691 -0.4744939050338762 -0.5300734833762091

11 -0.053794222128179935 -0.13332845877138
91 -0.11705525471558113 -0.25957347168814454
544 -0.2297509023765257 -0.23777997576142137
847 -0.24372322165225527 -0.24480007123521744
1633 -0.252749754961881 -0.39975669006093195
1634 -0.252749754961881 -0.3965715624863518
2481 -0.2597925746068944 -0.5557574970886244
4478 -0.28712235283406773 -0.29119132277015586
6748 -0.31905666056911147 -0.3339296783292998
8917 -0.33150515681132314 -0.35312346785438653
18200 -0.3662691561847612 -0.38026005416352204
19007 -0.3799745355482644 -0.5604921875631355
22871 -0.3963554658740889 -0.40097102452142863
44041 -0.4248308012574995 -0.4813273472443883
71084 -0.4370572467016933 -0.4747286383668843

131 -0.1313835218121615 -0.21761321387922072
132 -0.1313835218121615 -0.18835624250042424
142 -0.14136373599194796 -0.1463813586158485
1362 -0.23402181518126844 -0.2668451716935448
1665 -0.2350922984866805 -0.26568537645400514
2522 -0.2365591672301508 -0.3866715896324912
3974 -0.2438187881561522 -0.3033229248023604
3975 -0.2438187881561522 -0.2550419034881142
7254 -0.28701025936330105 -0.32035096571401656
9120 -0.3109748813083019 -0.35159591980957144
12863 -0.32187309554264654 -0.3484317398271115
14729 -0.3421254454250485 -0.4139431340710662
37271 -0.38915255969406615 -0.3940953135616103
41167 -0.39052667157314175 -0.39458894941496836
69482 -0.4581552978636333 -0.4774442751580533

535 -0.1538798120461471 -0.16599601877754278
1967 -0.25089686498620695 -0.34519664279807577
3530 -0.2653365100730071 -0.3254987569458136
3531 -0.2653365100730071 -0.30425167870516384
5367 -0.2784463689919338 -0.2941775868780643
7980 -0.288992183351465 -0.3350580462499247
13651 -0.3016756345602144 -0.31937273769622404
14619 -0.3327384157684948 -0.3509261279504661
20128 -0.33616223005925405 -0.35342428728374453
21580 -0.35720060457241837 -0.4043785590364961
23256 -0.35725430163961236 -0.37072716638875425
38896 -0.4190794305181734 -0.4408846886675111
62861 -0.45059681664244816 -0.5131670155505874
93597 -0.4887838241721692 -0.4997573553430488

11 -0.1413213123046351 -0.1875547771397482
131 -0.14506837139676948 -0.14829186964495725
192 -0.16227853879052162 -0.261752303826039
867 -0.20242329685780092 -0.25139312770212413
868 -0.20242329685780092 -0.2484638189519687
1099 -0.2292239247461669 -0.22991681079679763
1100 -0.2292239247461669 -0.2298143195403094
1735 -0.23244388535063024 -0.23787466519173306
3298 -0.2764336744680179 -0.29384049360987985
3803 -0.27667518106622235 -0.27798697680205847
4196 -0.28443454839850113 -0.4573270210507553
4619 -0.34120518480890377 -0.4753478448073019
9220 -0.3461725721068325 -0.3538295211101018
10481 -0.3489221551291886 -0.36557011748132473
18250 -0.3718377127806571 -0.3835418342353228
32023 -0.38715724908735905 -0.4374712263023843
35222 -0.3871992931630249 -0.41417375823093455
61428 -0.3946973573263486 -0.39786757290637137
86372 -0.40710202272822654 -0.41114266907251995
89580 -0.47566161927632516 -0.552419371396762

72 -0.08411863976374492 -0.10787840429423678
193 -0.1392299119510806 -0.14238508875679165
313 -0.17316799742319305 -0.2344035015112513
314 -0.17316799742319305 -0.20838413449417548
929 -0.23227908869197003 -0.4229719794177339
2260 -0.26409696841478963 -0.30382030545884375
4358 -0.2775470075932614 -0.3603203376009321
5649 -0.31319265068895047 -0.4354472241277351
5931 -0.3244014092014871 -0.5288013334146869
12328 -0.4240104790948163 -0.4257919273477915
45809 -0.46734540781719086 -0.5189193913950276
76707 -0.4756569922757143 -0.5147548760124985

21 -0.04650146209750029 -0.06370756093192953
81 -0.09847915044946629 -0.10422376162845172
252 -0.14849179191703007 -0.15554769032140284
263 -0.14849179191703007 -0.1917429989882599
2149 -0.29106506309807695 -0.2920635795673611
5882 -0.32394415342291055 -0.3244789146359143
10160 -0.32529817970189534 -0.37888434868210075
25962 -0.3384561944966127 -0.41852642893083003
35195 -0.36605897987173774 -0.3934803295868655
49695 -0.37774598110984287 -0.3997870610359476
51450 -0.3997870610359476 -0.4144257590588619
52620 -0.4045696805745179 -0.43769171419160263
55606 -0.4102432508388307 -0.4110119403098702
65928 -0.44178772447484904 -0.5221878583213008
86967 -0.4610718283253219 -0.4842015029965659

132 -0.09492308051135728 -0.10412478873039639
585 -0.19713400076844959 -0.2392119946256998
586 -0.19713400076844959 -0.21280786851217243
1261 -0.2477423090022995 -0.3216189390648889
1262 -0.2477423090022995 -0.28684999277370116
2382 -0.2795204646994479 -0.30794013362068623
5570 -0.3129162474631569 -0.3233170817614759
6498 -0.32185277330855544 -0.46436969526161165
29061 -0.3739877220811319 -0.3828735817813247
32461 -0.3887862513642168 -0.4579011391088611
37849 -0.403430623720689 -0.4320308593140985
47374 -0.40602842648986665 -0.4279114499273307
75991 -0.4860998455263434 -0.5182690619242307

111 -0.09148228473026662 -0.10564064669552863
342 -0.18492491235567254 -0.2165414819249307
343 -0.18492491235567254 -0.2786713955744472
908 -0.19645885899027712 -0.23754040922810513
1826 -0.24180689825700696 -0.5224649262152811
4166 -0.25766538180324083 -0.27461445660785644
4500 -0.25773449237757995 -0.2771743140375521
7890 -0.3355878120547029 -0.33916546533208025
9070 -0.35822774686828734 -0.46939310275857205
11622 -0.3694785980792311 -0.3707489510674205
35668 -0.38598307303969603 -0.396792988135128
39885 -0.42537537693678334 -0.4262688760880444
57412 -0.4435843815119441 -0.46606402653079965
90681 -0.4667264370602206 -0.4710322689488568

21 -0.08799499328344275 -0.22311370234057615
22 -0.08799499328344275 -0.19870019550046056
32 -0.10354488698399159 -0.1062525111481704
364 -0.15778903454440849 -0.15816414345743424
657 -0.1721139600544363 -0.22593300075116002
1232 -0.19541548048368548 -0.19755638605581308
1352 -0.19572353548044852 -0.2571708581422451
1353 -0.19572353548044852 -0.25499199421403695
1847 -0.19603500569497348 -0.20977677727034394
3077 -0.23155386081748175 -0.2628303047803782
5247 -0.2327662119455853 -0.25229490153133843
7830 -0.25693146628435654 -0.32701440466955956
8929 -0.2963186169622716 -0.4170204568422637
14579 -0.3324297482077223 -0.3805389213674578
32187 -0.36515018070366906 -0.3752279038041252
54548 -0.36710109721077533 -0.4326274204756769
70067 -0.3848642497177763 -0.3914172630929427
83568 -0.3996999037425628 -0.48555151149217596
88714 -0.41026560372638643 -0.42659675709617173

11 -0.05210387931934896 -0.24628478729843972
132 -0.11295170631768789 -0.11612983850348574
142 -0.11612983850348574 -0.12941683044330185
152 -0.12941683044330185 -0.13131086784171633
596 -0.20822780737722482 -0.21947854526727792
1372 -0.22984903947635713 -0.4806675733883479
1714 -0.23548756243172925 -0.2964734894663855
1715 -0.23548756243172925 -0.2950448455590273
3813 -0.3026260643987807 -0.3923828481025498
5003 -0.34798593560013846 -0.3519017246062167
7374 -0.3519131744447049 -0.42143785102945275
26112 -0.4017598880982915 -0.4472050213122537
26152 -0.42319435498519414 -0.8180022022313552
52923 -0.4351919737685794 -0.4776704355649147
80370 -0.43874867137402274 -0.5402997298162198

11 -0.0844110027547681 -0.14458149881275756
71 -0.1000431195076058 -0.12400356447603124
343 -0.1856152898199302 -0.20374135288374012
897 -0.2006530503852747 -0.2717597115576488
1128 -0.23333934215499474 -0.27955045401275747
1129 -0.23333934215499474 -0.26417699078941376
1471 -0.25517065916832016 -0.25971570315886305
1472 -0.25517065916832016 -0.27191683439332404
3227 -0.29430148668174066 -0.30187098244113203
6334 -0.3015710704539916 -0.30399901855507
8331 -0.3337508364078256 -0.35860656152162873
12891 -0.3346394495806194 -0.34620006005781156
16797 -0.33465682632689664 -0.3592880202936714
19127 -0.34930215852441643 -0.35958962255123017
19197 -0.35958962255123017 -0.699379437636819
41962 -0.3854745719674455 -0.4833276654857212
44928 -0.41914600066438656 -0.42116757577460395
72445 -0.4235174349449405 -0.43281061670778864
80911 -0.4295201594922925 -0.4374536711858035

131 -0.08135085429001954 -0.11150197655992644
132 -0.08135085429001954 -0.0855862991551818
202 -0.12930455328270912 -0.13601469225315033
312 -0.14584177648183744 -0.14706014063233297
382 -0.15458847904345488 -0.1706622335609717
442 -0.18312163841396892 -0.1930695430548362
472 -0.1930695430548362 -0.19514147932321604
482 -0.19514147932321604 -0.20256222754601458
602 -0.19771816017084495 -0.20906825740572887
603 -0.19771816017084495 -0.22952519592045423
1632 -0.22012948709294805 -0.22493526213828138
2418 -0.2424410430466964 -0.24884583807232186
3448 -0.2424531873351834 -0.38950667485406637
7454 -0.2969448268783128 -0.44745433324938233
8856 -0.3109284134915749 -0.3116828135877159
12024 -0.31741653814342125 -0.33386134113880916
14354 -0.34917439188692073 -0.36957581086294966
20418 -0.3929424599504943 -0.4659602643526663
23505 -0.3960304443152979 -0.40917277198717344
49892 -0.41709297533041045 -0.42803719535195395
79084 -0.45288669779165236 -0.5829017857767735

31 -0.046511327897684106 -0.05129680330889919
41 -0.0529043671953835 -0.06113430111319756
272 -0.12946262949118154 -0.13937251248792776
273 -0.12946262949118154 -0.21635867551453347
393 -0.1344178372324608 -0.15293211607731638
394 -0.1344178372324608 -0.14633750693027917
514 -0.1880020877915845 -0.23999294756035788
515 -0.1880020877915845 -0.2578296973986921
1776 -0.2115647838066644 -0.24816559919507122
2260 -0.2599018887283989 -0.42552711658336456
3773 -0.2828558276596343 -0.3173104255808316
6961 -0.3023897393726585 -0.32437395361144006
7051 -0.3087463128168748 -0.5048113459022787
12691 -0.31984242462540174 -0.3612182566762094
22892 -0.3362262001748727 -0.36221819700582913
23991 -0.3505436097885476 -0.4903616494318359
32719 -0.3694101047091082 -0.462128602600815
53284 -0.3729341367414429 -0.3991018060630939
85262 -0.46286735171784116 -0.4823648006449235

11 -0.022095887232953963 -0.07240345930470964
41 -0.07240345930470964 -0.0811910192946273
51 -0.0914494493743511 -0.09407124819074388
101 -0.10100732868076116 -0.10299789904896403
201 -0.12659789985867456 -0.15493460859640407
786 -0.2111255312337512 -0.2235434244747277
1572 -0.2138717397655037 -0.23587472834621398
1573 -0.2138717397655037 -0.22479587329964731
2804 -0.24583786975807734 -0.25335262314589774
5225 -0.32678399850671974 -0.3286670296314887
8211 -0.33165705750037916 -0.39248677563331025
24860 -0.37434853562723996 -0.39208431530458754
31863 -0.39501115529219666 -0.39621224827753093
34415 -0.3982417728011717 -0.4236513136648724
62286 -0.43336034647045385 -0.45994943513052167
66514 -0.4378129575593948 -0.4563216273095852
97442 -0.4655878472743573 -0.4691437636908404

21 -0.0660732381117169 -0.07112012233025744
91 -0.09394832068185625 -0.10190825809528133
322 -0.1513374649019829 -0.16306244399544131
333 -0.1513374649019829 -0.15180950336072582
564 -0.1967957941036372 -0.2379724846357174
786 -0.21553107972496008 -0.22540990167044975
1523 -0.2166118750028851 -0.21900128179597195
3742 -0.2726350693803696 -0.39530263319709336
7525 -0.3106537485287198 -0.31561710128231857
7939 -0.3109055069257273 -0.33528022327336904
9926 -0.32213489938820794 -0.32655719719576953
25647 -0.3534390839356603 -0.38053324038975983
28098 -0.3850888318554856 -0.3986027789237683
33467 -0.38636896434809326 -0.4237308233553554
59541 -0.40719228366077415 -0.4110468997611898
66069 -0.41111288342382507 -0.41810998140977956
97582 -0.4844606739932147 -0.5350539553150631

172 -0.12475867885057577 -0.12783458849984644
515 -0.22986173852497066 -0.25001597806221665
3299 -0.2532400895555482 -0.299466309948804
4763 -0.25335222361064147 -0.26656614085888547
7063 -0.26674776096970687 -0.31957088358901636
9404 -0.28440538411727895 -0.28985522210266396
11704 -0.3213633364188735 -0.3246460749235175
18222 -0.32160822210288714 -0.35793379502409906
22328 -0.3320792043796932 -0.38793090590369583
52197 -0.40607684714911996 -0.4072898522942846
75961 -0.4322478646384224 -0.44049501826787285

11 -0.1153465022370354 -0.1251649978465163
51 -0.08431007945137191 -0.09731839436757525
71 -0.09731839436757525 -0.10099351390025878
81 -0.1067741851186147 -0.11108558622567016
242 -0.1237871757740582 -0.1396422668477763
1170 -0.22020904694075358 -0.2394295255442787
1290 -0.2394295255442787 -0.2468694009186808
1291 -0.2394295255442787 -0.24683909680993474
2774 -0.24686617049895507 -0.3068085000901772
3449 -0.26604304121149763 -0.3114469640487505
3450 -0.26604304121149763 -0.3040155583395638
8121 -0.30419458570090235 -0.3113799011293578
9423 -0.3046682414864095 -0.325529316814859
12914 -0.3099751277365433 -0.3157220414284208
15850 -0.32226127228116314 -0.33894534778449426
16939 -0.3463201762169558 -0.35152242202813955
20036 -0.3972346197416092 -0.40398154656264723
44355 -0.40645553478796076 -0.45405587221702604
45444 -0.4512625735345995 -0.5283623874226767
45494 -0.46839903548253103 -0.7259508361153928
46402 -0.47698173667806243 -0.5687338646519082

11 -0.16079390485159792 -0.19231008756665344
243 -0.13563561636055418 -0.14015127604613292
253 -0.14015127604613292 -0.14023845808630556
283 -0.14023845808630556 -0.1406887997521708
403 -0.18418558075708247 -0.20230994399510357
1715 -0.22821210515871546 -0.24627212707630197
10312 -0.30990750439815834 -0.32458781861731617
13197 -0.3301425447049289 -0.3441152509717957
14317 -0.3364454761185859 -0.35882104088757216
14427 -0.3782969883839695 -0.5355661501162219
18594 -0.4302484769041886 -0.4756257339382171
43770 -0.4320590981390576 -0.4375646666647376
43991 -0.4375646666647376 -0.6222959250945866
49308 -0.45741758909760083 -0.5201123782715512
91568 -0.4874384882451574 -0.5329496763780884

21 -0.06543505515025204 -0.0691921105056136
81 -0.10937874571506152 -0.11779038804452648
201 -0.13732657647370794 -0.21986502925759474
202 -0.13732657647370794 -0.1863135195837911
433 -0.17541615583286826 -0.2519311482202744
434 -0.17541615583286826 -0.19961695878419178
1321 -0.3017273578798959 -0.3328363873364775
4358 -0.32658386591678007 -0.33716091358900585
5417 -0.3452148149693119 -0.4284665970582405
8474 -0.3620504616926458 -0.38175193405613306
25628 -0.36764202119610806 -0.4002051569805215
42721 -0.38309843797599935 -0.4286780237555373
65718 -0.41682693980768387 -0.4187731761047626
94810 -0.4597384583460261 -0.4866721288354113

11 -0.08627700072647716 -0.14112366743146892
555 -0.14952415240480219 -0.16683028051242837
1119 -0.1678153946773223 -0.20321782110775008
1120 -0.1678153946773223 -0.19324535836218443
2462 -0.1780181425430129 -0.1962927713167308
4086 -0.2237403948572473 -0.23258303906159053
4428 -0.24083143469580306 -0.43809301121880256
4429 -0.24083143469580306 -0.4345322669626782
8868 -0.298494580924844 -0.3447686943419148
17505 -0.3333068170532914 -0.35111950805413983
18221 -0.35111950805413983 -0.5360593915256799
19623 -0.3519756889167627 -0.41066267873663387
22367 -0.3627342821585769 -0.37864411653257324
42599 -0.372770065736607 -0.38010287727012904
45999 -0.3965980798676389 -0.45790916833183637
69571 -0.401839552043767 -0.4117900274140573
72749 -0.4117900274140573 -0.4351800524501706
88763 -0.4292123078051547 -0.45579625359677306

102 -0.1677516822677056 -0.1719308508364096
969 -0.2133941901859643 -0.24019281264548947
1554 -0.2214358021033383 -0.24921765721734876
4449 -0.26709861952607444 -0.27618032611440324
5388 -0.2687787833969693 -0.3074476921977163
6437 -0.27467953023912073 -0.3636309990870815
8545 -0.30509740204090113 -0.3251782866779646
10240 -0.32993691091584326 -0.36399353938575996
16092 -0.34828199144472416 -0.36569935650927154
17252 -0.37293082403664896 -0.5380427083281278
32852 -0.3815856894420923 -0.40879114163958113
55717 -0.3940317438139556 -0.40781175864132135
58138 -0.43662812768690806 -0.4773759738035321
78561 -0.44811525203776714 -0.46236275355669343

11 -0.1297166746406013 -0.14060741646019967
71 -0.10633492172520709 -0.10905174829022037
81 -0.1270627971106477 -0.1415044073878657
201 -0.1687781097777324 -0.16910529129697308
413 -0.2184364036802759 -0.2791623851656637
907 -0.2550141209658566 -0.2551229810963572
2380 -0.27522356352185534 -0.2934938829838634
2702 -0.29025097886436074 -0.2999927451576667
4891 -0.30869491808462474 -0.32996737307370166
7534 -0.3123240502163243 -0.3145368321655698
15041 -0.3154617494505806 -0.36365196204819106
15616 -0.31752328335930957 -0.31953705079711614
19389 -0.35688871683833995 -0.3997148187673555
21134 -0.37167012151523404 -0.38162019537797764
23646 -0.3832181183196311 -0.40546590352401357
49882 -0.4236458713579857 -0.502172587766628
54765 -0.43372417288179593 -0.4420051349218521
84543 -0.4576751066769811 -0.4771530492480378

101 -0.09996845586449707 -0.10677311191548507
292 -0.19640082577632006 -0.19841230310586247
574 -0.20825379193581806 -0.24356440249153083
1138 -0.21132067911214733 -0.36452716566666954
1139 -0.21132067911214733 -0.36976744269005407
2955 -0.2458546782441193 -0.2815347058093659
5840 -0.2543614377780528 -0.2729685400995985
8039 -0.2577829330627696 -0.2626288406682779
10127 -0.32442340408522713 -0.35110584304588216
32094 -0.39981221405988693 -0.46178286610020874
32124 -0.4181108179172416 -0.619998525626787
32769 -0.4588802045580943 -0.4658185240593491
35190 -0.48293878690558706 -0.5000231494762757
86421 -0.5002506298438981 -0.5092178803876256

11 -0.13989070527986225 -0.15678769840003767
111 -0.08955243793015358 -0.10690439103427544
453 -0.19326429486559105 -0.2144444415472556
454 -0.19326429486559105 -0.19661972321437415
1462 -0.24153301975546995 -0.29303956388652685
1463 -0.24153301975546995 -0.2937089445000117
2815 -0.2709267173728818 -0.27864693038968247
7557 -0.2962620120247882 -0.3098679604107204
9655 -0.3344204844186643 -0.36347689697967567
13378 -0.35148263715382955 -0.39046180597390323
16334 -0.3730255574200318 -0.4126648338144889
47040 -0.445102849450756 -0.5023799380250066
71692 -0.4472042590919141 -0.4694761786419847

263 -0.1361627824735333 -0.14184039190028983
394 -0.15094611883835063 -0.18823871608683362
514 -0.18209083319295466 -0.21954658823841053
515 -0.18209083319295466 -0.21973016469893472
2331 -0.25402835326889184 -0.2820480861346078
4560 -0.26094680878916277 -0.3164479295615795
4561 -0.26094680878916277 -0.2717389788191554
4702 -0.29465505251715035 -0.2981634661661071
6266 -0.2992811169326563 -0.3321733469538816
7042 -0.2999836308308175 -0.3097079167446395
24620 -0.3642869765294744 -0.4203642246261331
32843 -0.3809185183255988 -0.4006134788788353
45376 -0.3936185598182612 -0.3979189340807793
60098 -0.42761694585701504 -0.4408334794773992
60592 -0.4408334794773992 -0.5290649018492908
75798 -0.4507697889151472 -0.481183480248198

51 -0.09961027760736405 -0.1355972215227828
323 -0.14968027089780594 -0.1553632723343258
787 -0.22627498685919206 -0.2403443761624573
2683 -0.23808799761908206 -0.28404326267467545
3218 -0.23819351500675512 -0.2952707246203267
5447 -0.26184569497205606 -0.2783598076604244
5548 -0.2619261730694643 -0.2884342633698705
7414 -0.2670976877983915 -0.28315049958107114
7868 -0.2694742841704174 -0.28218436966267496
9482 -0.28802134475624125 -0.3007385768277173
13215 -0.3624180550798084 -0.3664313130869807
15424 -0.3846847205769875 -0.3852453265223436
18087 -0.3898922615435194 -0.4193546264337852
19499 -0.4016202411958171 -0.4110031909569853
48510 -0.45600910913806264 -0.5244338704181285
76542 -0.46478135044699026 -0.4913171735841776
78751 -0.4657130923009508 -0.48864781725973705

81 -0.09326233258395826 -0.1918163941122502
82 -0.09326233258395826 -0.14393248809697523
202 -0.1561833515750646 -0.15718043811169968
424 -0.19551486587967712 -0.2273598666604121
535 -0.20610743721810834 -0.22730092048136732
536 -0.20610743721810834 -0.2251964453332295
2211 -0.2645132902653333 -0.27044964333691907
3149 -0.29767325319761234 -0.30166679233072985
7124 -0.34077984404466916 -0.3846175953341434
7820 -0.3485361506993606 -0.5025076451048388
8031 -0.3709155330812976 -0.5336493419356513
8323 -0.3817760582914098 -0.5326428349488305
19695 -0.39216231584135247 -0.4153622905361667
25820 -0.39302804914001993 -0.42467837264627206
49785 -0.4421604998038049 -0.4891143740237858
50854 -0.4891143740237858 -0.6588458825515029
90087 -0.5252250201982083 -0.5952227668648292

91 -0.060246147441891745 -0.17216232262436357
92 -0.060246147441891745 -0.14613705087498782
828 -0.17608566035596845 -0.1938980136567166
1282 -0.24694595744689235 -0.2514617289070816
4430 -0.28630898857271997 -0.38026753364191335
7194 -0.2888135036391889 -0.29342540037650633
8858 -0.2911629443456085 -0.4097708466270101
20038 -0.35104435249085714 -0.3773652342757359
25254 -0.39475014203851355 -0.4922854631226541
27584 -0.40229940608172815 -0.4141095104680028
29692 -0.42499629650926085 -0.43222434063664456
35241 -0.4315818079354919 -0.4711813673499766
36532 -0.44994878727597726 -0.46479359712147683
68247 -0.4683830984718962 -0.47795465133703013

11 -0.0496610742741985 -0.16267386161072536
41 -0.05131244805103539 -0.054906520277028775
111 -0.07214577051180451 -0.08221673568156768
231 -0.10431463178881485 -0.16256889810404357
232 -0.10431463178881485 -0.1471257245528235
1553 -0.1900845353539487 -0.2779234687330029
1895 -0.2087914622814074 -0.22289613623466514
1896 -0.2087914622814074 -0.20908157241389716
3268 -0.24743573391167073 -0.29309601272436053
4276 -0.2571296609173975 -0.3826767165903885
4277 -0.2571296609173975 -0.4046027964118189
6688 -0.32364528089821426 -0.3445607388844916
9846 -0.3256308753459468 -0.3821226924676392
10754 -0.3429574956989173 -0.5188087875775417
11157 -0.4384349214137715 -0.6041884769996468
32943 -0.46208256209994564 -0.4745240173682637
64890 -0.483247905746886 -0.4862369830238444
97645 -0.5062805888894071 -0.5240219211986683

101 -0.10246052675473068 -0.272009567284495
102 -0.10246052675473068 -0.31699652733297395
757 -0.21663948737865976 -0.22688961445749334
3168 -0.26176337317631637 -0.2790926759391758
4348 -0.26305200950176 -0.27196783712994604
8232 -0.3124889512704817 -0.3251376751257387
8716 -0.32102375414439815 -0.3243639925620973
10683 -0.34381099197490883 -0.39721675406992407
11015 -0.34420938852937116 -0.5397872140803489
13033 -0.3779169057087507 -0.412148752431384
16605 -0.400854798739153 -0.4434181218662899
54799 -0.4916522262221538 -0.5207964266648568

11 -0.1375418456707611 -0.1665673309948432
202 -0.1278521531554787 -0.2202167245844982
302 -0.1862815902886751 -0.1986916126163257
513 -0.23097121044658867 -0.23120184670707875
2037 -0.24645043292688498 -0.3121449394362286
2934 -0.2669326417350103 -0.29678888643202433
3611 -0.26697263920717584 -0.2904481950566209
6587 -0.3074814495423971 -0.3478211100564871
21713 -0.34806446692619036 -0.37987734593379485
28958 -0.36181933898856133 -0.42174922269416754
52469 -0.3959356271664481 -0.4330857375019679
82045 -0.4275790237078332 -0.43450025981270785

121 -0.09620345079089161 -0.09841420045730642
152 -0.10134035276452545 -0.11932963770145087
202 -0.1451293779702188 -0.24454179965785533
676 -0.2174771149726136 -0.2178891184805655
1129 -0.2279692842619903 -0.23259441095042618
1130 -0.2279692842619903 -0.24220346500782158
3753 -0.23776941207948607 -0.3383131167276751
4872 -0.2919510962503093 -0.35106048372835746
4873 -0.2919510962503093 -0.35710001502503763
6063 -0.29254251135958276 -0.3001028948578731
10412 -0.3237199873656212 -0.3806122838240662
12490 -0.3378893165110895 -0.35673380401586835
16697 -0.3567819437989166 -0.436801252083308
22781 -0.3835554201774126 -0.4223103805223644
22922 -0.4223103805223644 -0.6671580490155113
40893 -0.45078624721807664 -0.4760183949057462
74838 -0.46149027208244414 -0.46504848908700186
75645 -0.4890799447965114 -0.5421122121262015
79287 -0.5043755018534558 -0.5186653437459802

11 -0.033352220727593654 -0.05484874814371209
51 -0.06286326132332662 -0.07890804310494504
141 -0.09154804273835204 -0.09405407160003253
261 -0.127223496922808 -0.21128822619037615
262 -0.127223496922808 -0.22102974338765824
493 -0.1682776469751239 -0.2312949175113038
494 -0.1682776469751239 -0.2876672361384494
836 -0.19006817238551543 -0.23122288776907268
837 -0.19006817238551543 -0.21186076925476263
1321 -0.19921896129480704 -0.42457334502058136
1956 -0.21546642502787566 -0.22859687270940157
3005 -0.25217554892755434 -0.2607309520103281
11501 -0.3293378756338597 -0.3340120982723623
12913 -0.33356883034987783 -0.361309578420373
15334 -0.3381691025945423 -0.45099511604689013
19410 -0.3421173107965938 -0.36904281335514755
20196 -0.3540951758833587 -0.3553679575391811
22659 -0.35412892963226167 -0.3794285712046473
28824 -0.3643206392570989 -0.3703337331425649
34131 -0.44562343523249454 -0.47047010844794174
59933 -0.4503517564633315 -0.5303994421909792
84322 -0.45296650240468295 -0.4615261401627726

131 -0.11236013100219362 -0.2136297139267363
132 -0.11236013100219362 -0.23642908347236172
323 -0.145991387130969 -0.15260207593025052
1049 -0.19061997353996796 -0.2282854017368115
1280 -0.2179859086726904 -0.27502254126864456
1281 -0.2179859086726904 -0.27571650370503353
2956 -0.2204761247446377 -0.26863599855709813
5155 -0.2569087689723374 -0.29624609506053085
6002 -0.2963485340701276 -0.42204110595155914
8645 -0.3359955575393103 -0.3639338265698047
17797 -0.3557404823737256 -0.3793110798518733
23094 -0.35951007018523806 -0.4419273344508146
24002 -0.373724860579864 -0.4103236028054438
56535 -0.43838884178040294 -0.4686685496138778
85818 -0.46874389420398443 -0.5038235568305449

11 -0.13178196447402019 -0.18708788166388554
283 -0.17010239298461474 -0.17077361786290182
303 -0.17552253340008253 -0.1759404972744077
1110 -0.22983005647238133 -0.2689512107829737
1563 -0.24160820055891877 -0.2453077661091854
1896 -0.24190995939506374 -0.27289490268728817
1897 -0.24190995939506374 -0.24887257740041233
2966 -0.2586223816553157 -0.2823070810992707
4963 -0.2897478152963278 -0.29817991345164535
5073 -0.29817991345164535 -0.7329494935386477
9361 -0.313595788626004 -0.3234948350551682
11025 -0.3280745874620137 -0.338655629933019
11579 -0.34166991026948723 -0.6422907494720302
13667 -0.35643177699602135 -0.37521284983445524
17612 -0.3791470051866639 -0.387947340749018
41698 -0.42468252361143016 -0.46343160231285
74846 -0.45738319351261103 -0.5298516920559561

102 -0.10043261173339063 -0.10320953544084487
999 -0.21247567448801694 -0.21336601883513795
1000 -0.21247567448801694 -0.23098346298839792
1786 -0.27258166722497007 -0.2736438812466072
1787 -0.27258166722497007 -0.2738138648702513
3784 -0.2874168765067444 -0.29583682051004395
15166 -0.3282532399883975 -0.39411020569869953
15186 -0.3414149361533142 -0.4915225289860039
31068 -0.3961356455925968 -0.402118496824888
40514 -0.39635166083233825 -0.4442107392408947
50836 -0.40259126939418866 -0.42505059872096385
76487 -0.4130112744309367 -0.4652722523871517

11 -0.06258349944783094 -0.1255368150203264
31 -0.07616618738206217 -0.09072430262765822
222 -0.14789842950910512 -0.1611187358912724
756 -0.1919813213353092 -0.2211776615831003
1976 -0.2203393086529324 -0.22422254493807192
3095 -0.2246140349427363 -0.22672159600440667
3661 -0.2246288709252152 -0.25191897529273777
4336 -0.24455596820302727 -0.24634222025830924
4337 -0.24455596820302727 -0.25414526705439516
6032 -0.25459921707410443 -0.369439192644413
6415 -0.27466360445010807 -0.28310298422630453
8251 -0.29732454607953557 -0.3068369315280926
10117 -0.3252953019748586 -0.3692500467897347
13214 -0.3676208719081086 -0.3799458010508331
18380 -0.39988778251574886 -0.4420450373099212
43122 -0.404830129024095 -0.41895196339325474
67057 -0.43052304337500497 -0.43453671198764854
93374 -0.43644966437182314 -0.5100797828955705
95331 -0.45783950579550287 -0.47148025262569365

353 -0.1707483618113727 -0.19639659940378046
354 -0.1707483618113727 -0.22245992395040215
1272 -0.22058816116433702 -0.22701450722461125
4400 -0.2665894432857682 -0.3023814110951961
9737 -0.3275615275436159 -0.3279848566161942
14843 -0.3293214416251307 -0.3688390777128804
14934 -0.32959964972289224 -0.3558388239671518
17174 -0.3329374934723772 -0.431744888236415
19585 -0.3957227031767727 -0.39598855244372194
40271 -0.4018940235318226 -0.40235271174907794
65659 -0.4195510497884566 -0.44845110378330444
92642 -0.440022056792348 -0.44127294873468914
98343 -0.4511490347469106 -0.4528421928576536
98443 -0.4528421928576536 -0.6082289540255027

31 -0.04727013376922608 -0.0578565507357427
101 -0.07742928228835722 -0.08127624191905089
121 -0.08868356944819432 -0.09394225306634371
241 -0.14238473524213857 -0.15777003498487632
242 -0.14238473524213857 -0.14621729477954404
393 -0.1695149256341374 -0.17290663643629703
513 -0.1912551828942567 -0.2163987256763396
514 -0.1912551828942567 -0.19495695190330636
2279 -0.20460925076485958 -0.22634425568772853
2652 -0.25004253657020453 -0.25535140115101823
3792 -0.2725626349366759 -0.2751606068241758
6405 -0.3305260971443328 -0.3610316273378616
16283 -0.3498634600394414 -0.36094060279178164
20823 -0.378332454295186 -0.49546001798548694
36282 -0.39730105515625996 -0.39967262792291686
45494 -0.40728560819374215 -0.41047749947461476
48379 -0.4211810662893249 -0.43524568090331545
52041 -0.42812495638618914 -0.46827602558825254
80002 -0.455975190595435 -0.46887963798298155

21 -0.06831488113666187 -0.07149671093661869
31 -0.07149671093661869 -0.07454287625105137
41 -0.07454287625105137 -0.08265848210252434
51 -0.08265848210252434 -0.1135827671876048
171 -0.16309214696921212 -0.18415434621732063
172 -0.16309214696921212 -0.17872595950687062
1806 -0.23956875841682165 -0.2552997999275986
5640 -0.2629966610094581 -0.2859831524365815
7980 -0.3181854390883365 -0.3219944362185478
10957 -0.31863023164149795 -0.3608410753359454
14155 -0.32212614419163116 -0.3364520129613487
17030 -0.3260042842185545 -0.32761669813349326
19653 -0.3341358095435608 -0.3510954727665078
31873 -0.35372246105782484 -0.3543997847970881
32912 -0.3543997847970881 -0.38246366849079155
37029 -0.3565784682718056 -0.39072344910276
54486 -0.40256663433674056 -0.42257217538475594
77029 -0.44617893410745524 -0.4558178312280388
99380 -0.4616589717524814 -0.4742258943113431

131 -0.10334093314266535 -0.11524794636720587
132 -0.10334093314266535 -0.1143415925609902
596 -0.23221520041804747 -0.23762323682549633
2159 -0.24714032707400152 -0.2616154818659055
2583 -0.24714838000054645 -0.2578439290388652
5761 -0.2790134096289407 -0.2988325794762677
6850 -0.2898846265026453 -0.3130192195223188
8837 -0.2980767228055455 -0.3551898100542835
10653 -0.31645548850678096 -0.36522625461242486
25274 -0.3926833576369509 -0.4190017900719138
48462 -0.40574791351468487 -0.4759170663300587
73820 -0.4255233433175374 -0.4493377837484623
99935 -0.4611910284215991 -0.503415074523346

11 -0.06445617272510766 -0.2106028447970887
111 -0.06801519110178601 -0.09742423951933538
201 -0.13477923815351323 -0.15518847290941296
463 -0.17801984642819313 -0.19233898197441368
916 -0.19570234399124664 -0.30315437124873273
917 -0.19570234399124664 -0.26524415373866894
2036 -0.24068102857554124 -0.26565396418247894
3157 -0.24256295660803207 -0.24679861997796532
5356 -0.26251756702252377 -0.2943101980638614
9190 -0.30419400212391035 -0.3177088946966538
13609 -0.3151760253357489 -0.3234210070103568
16444 -0.33005996651942193 -0.3526739417698361
17977 -0.41184152665229207 -0.43748843963257655
40762 -0.43375140441059984 -0.44505881320427215
66019 -0.45985496336603104 -0.47344085562165744
67371 -0.46527952799537997 -0.5323437043341539
68147 -0.47344085562165744 -0.4998990934381196
72516 -0.49676924592101407 -0.5104110112158099

11 -0.08474128802058706 -0.10030094584055274
182 -0.11526825815571949 -0.12386573570891679
524 -0.1952551625037877 -0.2054112469649656
525 -0.1952551625037877 -0.24213319152233562
1362 -0.23402181854079543 -0.3298596397207228
3349 -0.28587779056368806 -0.29587422241836697
5790 -0.28813417721206896 -0.39395632520465024
7222 -0.3097960214491722 -0.31494997914310996
11671 -0.3888703627821275 -0.42692002479689756
32772 -0.3935969900298305 -0.3954445577874931
50703 -0.4259771225886987 -0.4393488781879743
69976 -0.4297417659112123 -0.46597492149867165
70823 -0.44367458502992363 -0.4805613531249041
72931 -0.4538316099542573 -0.4582080581011224

11 -0.11711809066575538 -0.13073734722184865
686 -0.19180873633066692 -0.21191441111027653
687 -0.19180873633066692 -0.20086022344875137
1806 -0.23851132413797835 -0.24169144292050018
2916 -0.23873470279496395 -0.2878197989601234
2917 -0.23873470279496395 -0.28973128298962864
4662 -0.28303681302175027 -0.31097281966675033
10605 -0.28419235047927516 -0.3151475452787391
12168 -0.286392772842746 -0.30064137177128886
12663 -0.2864181270204751 -0.3058822370267904
14852 -0.2875779963945364 -0.30879273068493407
16617 -0.3140885645225642 -0.48179426490337923
23165 -0.33951037163625375 -0.3517551892515226
24900 -0.3444702523552301 -0.35200757240364017
30449 -0.42164378095234256 -0.44175903100293534
57028 -0.43621281804849144 -0.4592414414617904
84263 -0.4430182593770497 -0.5750306047376128

11 -0.06561093780849397 -0.09800609391879135
131 -0.09922359270365091 -0.1233043920000918
132 -0.09922359270365091 -0.10934713773727381
303 -0.17002001362286814 -0.17649618978492565
2058 -0.2428639557569211 -0.24469045719557764
3652 -0.25478517734074596 -0.25809192865382047
6679 -0.32918370459551594 -0.37133907338614935
8132 -0.3293640116691618 -0.34380823522639686
12117 -0.3365015774845275 -0.3376067707206718
14498 -0.3431908032424245 -0.3466228499011216
16001 -0.34515808248419594 -0.35342920599189936
24063 -0.36492415775243264 -0.40296637082444803
30056 -0.3752650391707814 -0.4126066427906108
33991 -0.42806284355713403 -0.451412972850255
45171 -0.4397050155929367 -0.457162109282739

101 -0.1153571703018268 -0.12000733492577283
221 -0.1820961343517458 -0.19471687953798644
1382 -0.19578033675551862 -0.20626102556725232
2057 -0.22492523107677687 -0.26347172945540315
2058 -0.22492523107677687 -0.28444961873313956
3732 -0.2411202409107848 -0.3190600994497295
3733 -0.2411202409107848 -0.25677852090274045
7567 -0.3013812186101922 -0.3272233231166764
9665 -0.3053030438478655 -0.3333536355787089
11340 -0.3293237075475085 -0.34559946235688244
13650 -0.35951487671212684 -0.3965916837203104
17000 -0.36078775264899304 -0.4120425601455487
23569 -0.38362249460244724 -0.49206624987449105
24961 -0.4108932889924483 -0.45493146260533857
44950 -0.4209476923937274 -0.46393385887950395
48503 -0.42124100108106205 -0.4235364277931213
49421 -0.45214671914954974 -0.5576723254669754
49864 -0.46337767605426655 -0.5141175855635118
71014 -0.4684508971942441 -0.49573633951291396
99884 -0.4921401384891172 -0.5191700652081365

11 -0.13720012589798672 -0.3196241790086387
202 -0.12021526222489703 -0.1411417519652812
877 -0.19885753765955075 -0.22297571545931413
988 -0.19888007732811291 -0.2466511645774191
989 -0.19888007732811291 -0.28220643889984703
1654 -0.20077493463407045 -0.2109639938682523
2441 -0.21408330954962493 -0.24605770223161857
3449 -0.22146968440652914 -0.2253038969227578
4166 -0.2215016720098319 -0.2796823549417533
5306 -0.23975087118545121 -0.2504114954838976
7142 -0.2518340855817131 -0.35914425162703933
7928 -0.2618666286469099 -0.3098907276559181
7929 -0.2618666286469099 -0.33106689781783555
30805 -0.35672199829917395 -0.4075982244105391
47808 -0.3896101340900355 -0.4323367875971346
50017 -0.39594855658263783 -0.44265491915790856
75890 -0.40129007200978406 -0.48523330694633154
76222 -0.446228412188765 -0.5901430769118082

242 -0.09915787277719937 -0.2953200643497714
243 -0.09915787277719937 -0.20302784943970542
848 -0.19932482129168627 -0.2233607027866748
1846 -0.21918479137343186 -0.22712012508849586
3833 -0.24575623905035973 -0.28013136263079264
5396 -0.263768095566768 -0.33966907117088324
5397 -0.263768095566768 -0.2648667759842427
5739 -0.26406508752087066 -0.26847264098430895
6426 -0.26411071446997003 -0.2657923443275427
7828 -0.26511860165370504 -0.270798609402412
9805 -0.27682640548226517 -0.3013093035586352
12458 -0.31187216824286335 -0.32366539732707544
13921 -0.3239166062773047 -0.3375473268160479
14899 -0.34891063519356874 -0.3676474377830442
15040 -0.390137022286551 -0.5533445558974923
16644 -0.39609502436842614 -0.4076311362158763
39863 -0.4013642701693245 -0.40155906243870537
68783 -0.4243854024416112 -0.4617203817238103

11 -0.06898283222825578 -0.18809363416600366
61 -0.07754133160875964 -0.08647427346658512
181 -0.15703346338297483 -0.1701268484829452
182 -0.15703346338297483 -0.1672174292010434
242 -0.18371111346861455 -0.1941001054101354
584 -0.20304796745356912 -0.2501844018033485
585 -0.20304796745356912 -0.27397246760759686
635 -0.2625363073865924 -0.4239775321498437
2178 -0.30254758732694725 -0.3105862329443077
4811 -0.31751996611026384 -0.3258657020353895
8312 -0.3894255732487737 -0.3921947106335429
10531 -0.44612356554992616 -0.515700443767872
41903 -0.46760189237679617 -0.46914252597793665
79400 -0.47330301452913315 -0.47993745518872283

11 -0.11827722956794111 -0.12882444351649272
242 -0.1284806611382875 -0.13130118689397863
374 -0.14259001179673372 -0.15189194160264427
605 -0.14667615674258636 -0.1666154019893583
606 -0.14667615674258636 -0.15262529005819248
726 -0.17887024768052298 -0.18569047738246494
727 -0.17887024768052298 -0.18052664174326233
1130 -0.19511191251905877 -0.21799249590903216
1361 -0.21057264725411004 -0.3334297091212975
1362 -0.21057264725411004 -0.32295657775298825
2814 -0.2143117809355086 -0.22572854985627952
2815 -0.2143117809355086 -0.22068601351958672
6054 -0.2517176604004959 -0.2687534927823622
9101 -0.27151703976274766 -0.3066953401234549
9332 -0.297546932390984 -0.3040048675570532
9333 -0.297546932390984 -0.29825007157871103
11885 -0.3266259356138906 -0.3435766039547993
12439 -0.33194346873143826 -0.4993440232055054
12933 -0.3893969719952275 -0.42982642268634497
16141 -0.41836621209540037 -0.43048768806329035
37533 -0.4483371694587475 -0.4803522668920024
40196 -0.4794435038258763 -0.48468021493136765

131 -0.08762208885526124 -0.10230069650595497
132 -0.08762208885526124 -0.11558800743842834
585 -0.1756615660810214 -0.20348846716523525
697 -0.18540553036095678 -0.1943193601341109
2452 -0.22762392862952566 -0.22806445498853703
4207 -0.26168275222191684 -0.29811148344891936
4590 -0.26902099769459714 -0.27296329793590396
12995 -0.29520218947201776 -0.3249154808804614
15103 -0.3364494097670637 -0.33824320162768645
17837 -0.3399239861395099 -0.3639815951972616
19905 -0.34159191824610846 -0.3489698451122724
24395 -0.364126375410578 -0.37167512129502783
26382 -0.3749356816026586 -0.4369883015737271
28712 -0.37933173750910304 -0.4046636789537154
48419 -0.4011564706016235 -0.4253404238020989
70306 -0.4214430699568307 -0.5181555640465073
90003 -0.4374787668774337 -0.5272928105770331

11 -0.06676006636381332 -0.14444903267010564
131 -0.11695827921542434 -0.20314219229798577
132 -0.11695827921542434 -0.21346365688917374
232 -0.138549763164511 -0.1879181194942199
352 -0.19511179773469906 -0.22674486237596503
353 -0.19511179773469906 -0.2181340842121832
746 -0.22457689072853723 -0.2665592911212721
2481 -0.295621162024577 -0.4667354155720481
3802 -0.3003441505589977 -0.32577406500792216
6455 -0.33752681686716196 -0.34191533905292765
11974 -0.3469566944725559 -0.3547600070234469
12962 -0.3509681686160942 -0.3610886350077671
17714 -0.38215806746841546 -0.3939134076461443
43698 -0.41233830746014893 -0.42375521231313984
61417 -0.4140254387067752 -0.4706271801979685
70528 -0.43834933699068646 -0.44457867037074716
86422 -0.4513957963746187 -0.47953417876036597

131 -0.09909524954123804 -0.1488650364268402
132 -0.09909524954123804 -0.11469458464862488
374 -0.21140798334504268 -0.21226541132895188
384 -0.22086085250691115 -0.24568777872310218
3421 -0.29445270717765193 -0.34233264199061675
5277 -0.30217433965742496 -0.30262065476136213
5387 -0.3090622921811195 -0.5114877760122462
7727 -0.35419984853443065 -0.3860579339062692
18222 -0.3552899122150134 -0.4152260959281533
38555 -0.3894392213987187 -0.39153572831673794
65033 -0.41631185018113726 -0.4206144847897165
91188 -0.4258295057502561 -0.521109558682247

11 -0.12143713465748711 -0.176677616200087
545 -0.1721944941034361 -0.1807138480697525
2078 -0.21893006880242144 -0.26854709486694317
2431 -0.25554547574106606 -0.43984823632969966
3510 -0.25788055947839833 -0.3063393490522187
5063 -0.2647463087653987 -0.2949644265223635
5405 -0.2751967451076379 -0.3045201474912265
5406 -0.2751967451076379 -0.29490825450679936
7696 -0.28526230989163365 -0.28684360130042075
15365 -0.3103523949945081 -0.3410551291941903
15869 -0.3410551291941903 -0.41224146160517167
16312 -0.34607369668696125 -0.35124592095951473
23950 -0.35675815480165246 -0.36192869202796835
28702 -0.37679823547988084 -0.4121599294700565
46340 -0.43391397865484005 -0.4429110521503049
47994 -0.4429110521503049 -0.44802607995481986
61576 -0.4475625521311331 -0.49578608070155866
90768 -0.4743420588850912 -0.477327001220377

71 -0.09441863232568726 -0.09771472086176719
191 -0.09771472086176719 -0.11008755764826139
292 -0.1341783247283732 -0.2301574895354797
413 -0.13706984984494705 -0.14405008395271876
1593 -0.19289757522724493 -0.2073504154373174
2652 -0.22039632083291286 -0.2415183930426373
3882 -0.22187297099885595 -0.23194373005087154
4407 -0.2218976342925476 -0.2388220741027915
6283 -0.25927011076452045 -0.26747706529308807
7937 -0.27667394849195254 -0.28991095116283494
9147 -0.2794086481665282 -0.39693401022624686
12920 -0.2825909266204187 -0.29345824726322906
15654 -0.2919598776229758 -0.2941417490335379
16319 -0.30222272797021144 -0.30576202319693974
16419 -0.3070739328855382 -0.30830593614344826
19960 -0.32548299725777774 -0.3307354274294405
21170 -0.33678234221789677 -0.44490421448208345
23894 -0.40841945407464014 -0.428970828137061
28061 -0.4398164584255182 -0.4788480732485007
44539 -0.4522695071652999 -0.4754568714579325
72521 -0.45930804258959 -0.489291211215421
97647 -0.49168980394259765 -0.4973473534934892

41 -0.06378949560464697 -0.07176791913951303
161 -0.10081998315153418 -0.22338034202135515
162 -0.10081998315153418 -0.20343897497222183
444 -0.14507841055490672 -0.14773984378953273
564 -0.14805334988461533 -0.15441258645693443
1008 -0.14940510499437515 -0.15169299500641356
1231 -0.15047827333949723 -0.15644416286264842
2734 -0.23497936792130386 -0.2543019888191227
3409 -0.24961792233376692 -0.2780154779287738
5054 -0.2496198835648049 -0.28126113330271324
5729 -0.2716771233163503 -0.33004134879856384
5730 -0.2716771233163503 -0.2997311077255083
7485 -0.29476839467969806 -0.3572948965436165
8635 -0.3036922121674232 -0.31952995304435455
12348 -0.3302407656926621 -0.3324077152954693
14194 -0.33296004983641336 -0.39293788057007706
20692 -0.3556725726197366 -0.36024636210872907
36130 -0.3792032085849023 -0.43581475137070114
36685 -0.37926970488559436 -0.38522126163703835
46272 -0.3794818397528216 -0.48607038357691873
52407 -0.41146040970301606 -0.4190223912985249
77472 -0.45512550013628483 -0.46407481887504637

11 -0.07454262064212748 -0.13597282751790085
131 -0.11855450996765285 -0.13169889727568393
132 -0.11855450996765285 -0.12635222214548583
202 -0.14043339498924196 -0.15248645563969535
322 -0.18797578168954596 -0.20874384387441003
323 -0.18797578168954596 -0.21621068011635333
2169 -0.2802474666034846 -0.28728879310639693
9040 -0.3295770770066212 -0.34073610131755816
11350 -0.35805875736644377 -0.3834016678960951
31319 -0.36531072879396814 -0.5008834036238194
31460 -0.37262416078184035 -0.5980038433863184
41661 -0.4159043942756998 -0.4464215839789758
69572 -0.44117248676425685 -0.5022301723890843

121 -0.137126665834313 -0.14029850449784234
1453 -0.18398782524159588 -0.20135033925100307
4409 -0.2766131270772916 -0.28129397725625815
9494 -0.28456289673296625 -0.35149432180993573
14791 -0.38532623733116644 -0.3989321565216151
36415 -0.3968865538673202 -0.4659885694580489
38534 -0.40256263836501965 -0.437638661183076
39815 -0.41220823482803953 -0.47691543765323796
80471 -0.4469577540116369 -0.4623854314659347

21 -0.08199970723420641 -0.08453493147849153
71 -0.09731317951407685 -0.10469253537855697
81 -0.1181090693085802 -0.15583709367540766
91 -0.12988554816767384 -0.13339728378244936
857 -0.23233578327410573 -0.2337749955062989
2199 -0.23301334173121882 -0.24573066576052094
3641 -0.2935518770295752 -0.32891247441843846
6314 -0.3107205237501173 -0.3378668949185784
6900 -0.31072657282526756 -0.36130778022186627
10542 -0.325151115534445 -0.3278878030811585
13175 -0.33681421512601295 -0.3371989419089713
25334 -0.3465843389599009 -0.3632711105019146
29794 -0.3773998881907019 -0.4326719527499761
31317 -0.39416857348691203 -0.40038934076303073
57149 -0.4184296528166562 -0.43528408118119816
78006 -0.4256528921686055 -0.4402323497464735
96512 -0.451254135124604 -0.46520087308372327
98469 -0.45866892291708805 -0.5182505511707477

11 -0.06531955457921607 -0.09096023643912823
101 -0.08036063330194994 -0.10926222845165719
222 -0.12073516946635826 -0.1445844733468077
615 -0.17753883454429512 -0.18803481842403813
1200 -0.1951682177544783 -0.20733858028394248
5024 -0.30758881662346377 -0.3131682313882168
9201 -0.3203571900659693 -0.32865139920056247
9877 -0.32865139920056247 -0.3626559993101266
12157 -0.33928482820958 -0.42432618728521576
14518 -0.34565880446547986 -0.3590319432350637
16919 -0.35998787047739556 -0.37768795757658125
20127 -0.3988495512709763 -0.41224940833372165
47715 -0.4193719980792224 -0.43453796453421467
74274 -0.4286329116035696 -0.45758498770767514

11 -0.09520864186884627 -0.119762327319506
61 -0.11767831451719257 -0.1370352020489958
595 -0.288677965952812 -0.29127014904081167
3995 -0.3249492189606538 -0.34557594628907573
7476 -0.35617806597227464 -0.36395282484107794
15659 -0.41628600111096054 -0.4404096938011034
41441 -0.45527884188192624 -0.4760346855065515
86698 -0.4664288167822475 -0.4937382695828093

11 -0.2149298612983247 -0.2728737253611787
293 -0.1821524405152809 -0.3580460759690998
676 -0.2264427533871116 -0.2283682279187121
2461 -0.2583277150830372 -0.2705475557428543
2774 -0.2583398174571877 -0.2966445503582036
4428 -0.31699501459384843 -0.3748767670307477
4700 -0.3185501624214296 -0.3191430463873521
11359 -0.3326162167940351 -0.33587494065586987
22983 -0.3825085439408585 -0.387374555646639
45061 -0.4105064902063275 -0.44791009825480393
72659 -0.43805295307632514 -0.44940971031803406
72981 -0.4427993191464036 -0.604367531390447

121 -0.08594143258077386 -0.11010822896316105
241 -0.12713839216074668 -0.19172058270244932
242 -0.12713839216074668 -0.1696799545408083
433 -0.17615199958133715 -0.18725239153643872
1220 -0.21195925209981634 -0.21926507796059735
1673 -0.21933154677431696 -0.2354072276481012
1674 -0.21933154677431696 -0.2234280232250065
4681 -0.27314390524660537 -0.3023488242614381
7334 -0.2775917169186598 -0.28549747502308154
10310 -0.27878618142310896 -0.29065411254324747
12297 -0.341859917798349 -0.3470593284028676
14678 -0.3802439686788212 -0.3804627742431191
15989 -0.42698093350635435 -0.4483513437199853
16604 -0.43642546205166766 -0.6039277063883033
16896 -0.4479277403575143 -0.6919243737277287
34131 -0.45760982056872385 -0.52047634932365
34897 -0.48138008198118276 -0.5727615063139796
60487 -0.4951160209231577 -0.5401514226827996

91 -0.13229962950065627 -0.1514369108920231
101 -0.1514369108920231 -0.15146472318792795
111 -0.15413898572114898 -0.16532633317308904
1008 -0.20460265623475896 -0.20740954067868386
1009 -0.20460265623475896 -0.23946442707190715
2956 -0.24002855852430038 -0.24227566442696324
4953 -0.2461317542560374 -0.2492244153550983
6527 -0.3098134927770176 -0.44573983266685846
12621 -0.3241735382925671 -0.3471540628508174
16455 -0.32749619975112654 -0.3334527981750248
27413 -0.34273208841315683 -0.4049969279174844
29067 -0.3605516514258087 -0.42877548779148394
47190 -0.36556694592112626 -0.3697023594689006
73123 -0.383270588094374 -0.398640529865684
75120 -0.3957712452466014 -0.42034216333526575

434 -0.21554149589919733 -0.21821726863015836
756 -0.26210628138113445 -0.4197358646060883
1653 -0.26622240052407276 -0.28153674465844497
2431 -0.2672954513449913 -0.3226944721376971
3702 -0.2925006560102038 -0.34620565144339477
6285 -0.2979957205345142 -0.30546494227766957
9493 -0.328309253620655 -0.3342785585849215
11490 -0.3370611048214891 -0.3395659833989814
28916 -0.3797511489033364 -0.44245565836715717
34032 -0.4083631410760921 -0.48094303365105373
36332 -0.5014356174403294 -0.5284095224684581
76342 -0.5104243279977166 -0.5277042090066585

21 -0.03645050185884187 -0.03716121239673527
31 -0.03716121239673527 -0.03844273691870802
41 -0.045973252211143276 -0.06858101758242979
51 -0.06070386354133374 -0.061864529778678616
121 -0.12314534786886046 -0.14130365621995533
131 -0.12615184654718464 -0.17060277421639172
151 -0.1484808891752501 -0.15131774241340443
161 -0.15131774241340443 -0.19898751483946187
302 -0.17584252232814124 -0.18761098453056102
977 -0.20216779444500013 -0.23109542500936636
978 -0.20216779444500013 -0.21629186266295575
2400 -0.2315074694697045 -0.2586729512309986
2874 -0.25025901434977216 -0.2513522206553749
3973 -0.27419986391613504 -0.3404213789024137
6263 -0.3209488680294647 -0.3464732523362565
18331 -0.33980089683330694 -0.3598932710433782
18855 -0.35543892772499175 -0.5484367184099829
20953 -0.366333945572705 -0.39687827194423425
49207 -0.4168319248064238 -0.459353504116142
75392 -0.43123195039088613 -0.4366978083900686

111 -0.09997281410839162 -0.10125564530108334
312 -0.1505921290699538 -0.15764514164804877
543 -0.18913846947047677 -0.22697662293522933
544 -0.18913846947047677 -0.21389273190655905
1209 -0.27173696847407036 -0.294893141616201
4014 -0.29553870123185816 -0.3091245786102877
4891 -0.3300891287652913 -0.47678480442338883
5819 -0.33230936227839897 -0.5290232098195568
11500 -0.3392866579936573 -0.3448343714883316
14456 -0.3888832504203154 -0.4526451162478533
40833 -0.42260693018172135 -0.4263988635617741
78805 -0.47231851990819174 -0.48780794305594416

21 -0.08144909351095612 -0.17611970595352952
22 -0.08144909351095612 -0.16506628640775564
132 -0.13216021454549215 -0.17634792618517106
252 -0.18430638156628942 -0.19523339366024656
3683 -0.3021153850170307 -0.3306866048723797
6407 -0.3180901576682688 -0.329382922143741
10201 -0.3463466826955422 -0.35996563464994835
14005 -0.36106384610782793 -0.3958049531075786
39575 -0.4007614851180992 -0.44068219871342956
42632 -0.4031485638933876 -0.42806353022470744
51188 -0.4071603359084288 -0.43825218678426126
62894 -0.40723164352994656 -0.4129226039871701
93156 -0.42592161055234257 -0.42610907038020096

132 -0.09706974129398878 -0.1146023691685124
686 -0.21754251551125722 -0.23278367122297133
806 -0.22562030182206796 -0.24005311113320094
807 -0.22562030182206796 -0.236161997927892
2734 -0.2671857981050093 -0.28641760866412624
4388 -0.2708412655800291 -0.27437385833433164
5215 -0.30041213445061893 -0.44867564997381926
6022 -0.30259226081091756 -0.31341609200044646
6486 -0.3406729972308332 -0.4234020676035387
6818 -0.34850916644624147 -0.5012985163481438
14365 -0.3767953625717732 -0.3881049824430892
17018 -0.41786143283890587 -0.45253790005438543
44434 -0.47631413435929026 -0.4867003375229014

11 -0.05774819696758221 -0.1033216235879515
687 -0.20574667083584686 -0.21551145475446937
929 -0.21265154807752215 -0.21275813548723374
939 -0.21277419263613032 -0.21356320594308675
1604 -0.2365825539393576 -0.23899243970901848
3884 -0.3001212786171933 -0.3071259675249921
5347 -0.31588082080657803 -0.33243160125945986
7022 -0.31993005016690107 -0.35789034603054115
7627 -0.3303439300046584 -0.46431685911583775
9392 -0.37140702212897303 -0.41017534387287774
12055 -0.3742459195644317 -0.3800884531913405
17302 -0.37892310284603414 -0.381738988304245
30198 -0.4012384654389788 -0.4242032384772087
55657 -0.42410605951133407 -0.45677588369158795
79330 -0.446356910984399 -0.4682675475130169
81257 -0.4577635151040693 -0.46837575145623567

11 -0.08091153633915503 -0.0900973641988228
121 -0.08992172589259839 -0.09867097566063139
241 -0.12155933549978118 -0.17074800899193024
242 -0.12155933549978118 -0.16505411789979194
423 -0.14502643588258585 -0.16537930154194402
876 -0.1886217003094617 -0.19661505197970308
877 -0.1886217003094617 -0.2024879810770972
1098 -0.19418239177202265 -0.19570763607471975
2268 -0.19930920622109566 -0.20027978611106723
2388 -0.2012667179078427 -0.20415470060809313
4164 -0.20570428970330912 -0.25003815415313185
4376 -0.2073850131284191 -0.219406217845355
6717 -0.2616059242982729 -0.3046326010431018
8603 -0.28430304326795064 -0.28496739379306746
9319 -0.28490181950709154 -0.4054440850085343
13879 -0.30987703320109716 -0.31556097925593396
18763 -0.314195781421743 -0.32335442386200136
20267 -0.3149688848155675 -0.3396669196171425
36644 -0.35898444375351757 -0.3950559685289572
36987 -0.37532263837113444 -0.38126447811231173
38621 -0.3915632157469729 -0.40375762347111005
63464 -0.40570467153033557 -0.44676769781601666
89417 -0.443322563158906 -0.44981526259608584

61 -0.08610586807671083 -0.08618266770258294
293 -0.12073298967083965 -0.12428475406048622
827 -0.24396263693794118 -0.2832588494451501
2491 -0.30041456332872524 -0.36417137694466784
4902 -0.30343343823478003 -0.33459731099556567
7010 -0.3107498450666269 -0.3269977889875759
10450 -0.3310980921694167 -0.40241274226075374
11428 -0.36075676616850505 -0.38648871877931706
11649 -0.398376988395102 -0.5222930640164706
29620 -0.40634174025501757 -0.4107356249157361
58157 -0.4448181809651584 -0.45670169255804366
64019 -0.4583784898553966 -0.4737020541080217
86178 -0.4746141833059103 -0.48165659876634154

333 -0.16801896828048138 -0.1775791691762366
1543 -0.3009085108936495 -0.40041172011101067
19202 -0.35928802198324866 -0.36718314440687083
20523 -0.36718314440687083 -0.3900291977322716
33974 -0.37606794961234735 -0.38971223502139857
37505 -0.4084253054601546 -0.4136521109795216
46152 -0.4345510130330247 -0.4575781924962805
60592 -0.45016894097228854 -0.4615739398545005
82983 -0.48371930588100137 -0.48743038437730357

202 -0.13480149725223492 -0.15505392343516117
232 -0.1540776301130487 -0.16786034523153553
453 -0.17135778872088064 -0.27105285794853895
533 -0.19829918784809092 -0.3818427188880378
2207 -0.23341861463061428 -0.24818735432136882
3055 -0.23369684926084316 -0.28035974643934697
3256 -0.24186159243314365 -0.24793239677041562
4386 -0.25758503051232107 -0.3396882300635327
6585 -0.2832188202144479 -0.29663558624783465
7543 -0.33620134002028645 -0.34056735991827897
8259 -0.3627546945359866 -0.3783516589484957
15685 -0.3727347964977821 -0.40016732704310065
23263 -0.389878330690427 -0.4582836467751199
50901 -0.4096560343225671 -0.4712701425441953
74634 -0.41930437256886294 -0.4874187968001362

51 -0.05257204215470752 -0.053616613067485164
131 -0.1268377374517956 -0.1516878716605649
132 -0.1268377374517956 -0.13780645847177508
838 -0.17840025081299543 -0.19717549069473447
2099 -0.2411388701570887 -0.2775860532352901
3602 -0.2515887779414892 -0.27926716845966026
4429 -0.2533321886658395 -0.255384933855338
8646 -0.3045532462978411 -0.307827986803473
11178 -0.30782199118659553 -0.3421124540867492
14447 -0.34751847219573107 -0.40082360496447633
28745 -0.3887255915275525 -0.4037140862424041
48674 -0.3906323813450787 -0.4091596722717358
68542 -0.39228629824410793 -0.5111828049144579
70842 -0.40032420523825907 -0.4006418224963732
73637 -0.41147513818832404 -0.45099438718712165

11 -0.06755436631620246 -0.12082233232390566
91 -0.09464891841899649 -0.12478187447395571
211 -0.11681885603385751 -0.25628792175409565
212 -0.11681885603385751 -0.27726635441824454
1210 -0.2148459273159927 -0.22676825984612534
1220 -0.21525148779859188 -0.2156263006074494
1926 -0.2240494221492302 -0.4126336020399347
8151 -0.3019490254695864 -0.30527130402633373
8192 -0.3019490255922777 -0.3795671484315508
11955 -0.3070158197821051 -0.3243223731209121
13196 -0.33445410561537975 -0.38663734063117106
13286 -0.37153464237379363 -0.5050462032676128
14194 -0.37595995972350343 -0.4306978062109934
36999 -0.403182551987593 -0.4128490303690697
41630 -0.4148464725635249 -0.42416799737000016
84708 -0.46522694852152396 -0.47623876660858794

11 -0.06124618008013816 -0.13200755446190013
21 -0.08575199188953693 -0.10980273845004532
697 -0.2612413663170177 -0.26440711465282296
2139 -0.28726325635794897 -0.2991048271677556
2885 -0.3016767046353783 -0.4592244971104086
4085 -0.3088843972707281 -0.34036029016858127
8494 -0.32938569389633005 -0.35810059255304744
11793 -0.34554803721827 -0.3561580564828988
12418 -0.36154727822660615 -0.4948550842393923
14052 -0.37460603511214896 -0.42811515565012137
35908 -0.3975105472010677 -0.4429328056750543
38339 -0.4016331682036143 -0.4181609902094245
58137 -0.4438234073091994 -0.5797114797560188
91891 -0.5048459501924418 -0.5299056746505557

11 -0.08868777587024192 -0.14699083572747274
81 -0.0977947630102821 -0.09812404228244953
141 -0.09812404228244953 -0.11324663721674133
201 -0.1330398631547282 -0.21273858359718834
321 -0.18539632782588722 -0.18657836685326212
543 -0.19505042642496054 -0.20098330964137862
554 -0.1950631936771541 -0.20262743609367165
785 -0.20550747304676092 -0.22635064270043048
786 -0.20550747304676092 -0.23169186753269755
1784 -0.24834013636093596 -0.3483677495326409
3872 -0.27469971806481885 -0.29225015366361895
4214 -0.28776293522053514 -0.4173489602988584
4215 -0.28776293522053514 -0.4077412438418866
6384 -0.31339088005141474 -0.3181484602807147
7594 -0.31542597401589456 -0.31563974097430925
10379 -0.33218097179097306 -0.3371962533545491
11640 -0.34961968845104746 -0.3507574426356596
14909 -0.37149874243264863 -0.3753069519077214
20388 -0.37421595151399245 -0.3943397084538675
23818 -0.39075754798500545 -0.40749490040885583
52022 -0.40773130252230544 -0.45573015534817907
82203 -0.45019381715696766 -0.49701208180639933
82424 -0.48269673363367216 -0.6329517346450881

11 -0.06993931282080026 -0.11310054674835557
81 -0.10181516887220159 -0.10351663372131668
373 -0.1746157071579066 -0.1790964244848947
2158 -0.26715254459999166 -0.32203715689613205
2159 -0.26715254459999166 -0.27999030580792866
2360 -0.277090512612252 -0.4241547139723518
4922 -0.29878321038210565 -0.32419171496125915
10251 -0.30191026061835413 -0.42685029528568386
11330 -0.30279621892062 -0.31009539489414256
38585 -0.40791082167640913 -0.43064756858974823
56183 -0.4087124553106514 -0.4339883488097138
85416 -0.4121257860611068 -0.48142536264041824
98907 -0.44669879405450236 -0.487386421157697

51 -0.06867050298817462 -0.10738434817652565
535 -0.17451611983585244 -0.19545638198080348
1211 -0.2338951236765926 -0.2386448338991294
2260 -0.24780975084064072 -0.2694861400634588
3046 -0.26142772577190754 -0.2900894467489563
3047 -0.26142772577190754 -0.27263347360521667
3874 -0.28461384344283946 -0.28862108083585986
8566 -0.2893154158936441 -0.37258634871418916
8686 -0.29158303047247836 -0.30858922579094894
8687 -0.29158303047247836 -0.31125985672674455
9029 -0.29406779767780866 -0.3450229751917321
9030 -0.29406779767780866 -0.3036573580031939
12460 -0.3153534644852945 -0.322195238416746
32591 -0.3629092003179262 -0.3691281569140926
33135 -0.3691281569140926 -0.47483814491391924
38473 -0.38880290002497964 -0.4451819511998196
42569 -0.40082405628040535 -0.4206557876167747
69663 -0.42521893972466773 -0.46832235407553996

21 -0.05429335632787549 -0.10236713787923565
323 -0.2215002733141263 -0.24374397669283485
443 -0.23864899036378584 -0.25005595166340927
1442 -0.2436918404618942 -0.24816522992634416
1705 -0.24369630505657647 -0.2964134622423166
4076 -0.29542798973967427 -0.3158799594325862
5952 -0.31878904197089186 -0.3869782845566722
7959 -0.33354474511879184 -0.34674778118247823
14014 -0.33469622941665905 -0.3564711070302321
19200 -0.354400095852314 -0.3747480952745278
22479 -0.35608679602830995 -0.37105278226727656
28028 -0.3709979422458148 -0.37264068789492955
55646 -0.43134640910561745 -0.46399374017123035

111 -0.07285625662347142 -0.077014706547002
131 -0.09067267581023915 -0.11174668744415524
132 -0.09067267581023915 -0.11598513303301035
303 -0.12898431083801387 -0.14138955844019194
867 -0.1865943877630765 -0.35709087493568137
868 -0.1865943877630765 -0.304262274056037
1987 -0.20714648553382098 -0.24183646092325486
2321 -0.20805925392156688 -0.21199511578882288
2552 -0.21328555068601082 -0.23120979771905392
2553 -0.21328555068601082 -0.22156596633313733
4561 -0.24076551053994735 -0.27676315864266965
4681 -0.259517242184946 -0.2689570256931716
4682 -0.259517242184946 -0.2670088616450679
5721 -0.29885531569541984 -0.3027311796091099
6780 -0.3218884242377995 -0.37704742634382177
8939 -0.33999348810351215 -0.3439824284512405
9463 -0.3633876221429892 -0.5430171815530159
10895 -0.41880757265891166 -0.45827536155800314
40713 -0.4319077184047121 -0.45756616411562323
42579 -0.45551568908864476 -0.48155705082029976
42619 -0.46770287195384647 -0.6227117241711462
52286 -0.525456268138706 -0.5428772977447734

353 -0.19154215992640625 -0.24641182932780262
354 -0.19154215992640625 -0.2076203146506083
696 -0.24368332152589822 -0.25744463030760395
697 -0.24368332152589822 -0.2440729854437814
1050 -0.251244727606818 -0.2542372432419282
2735 -0.31276446622761517 -0.3523853335969304
3088 -0.33280441635797386 -0.43988009472381856
27921 -0.39217610791513074 -0.39520631736008915
50363 -0.39629054711234757 -0.4335516741680687
52613 -0.40031882432715127 -0.4175412209837637
54055 -0.40416197123070735 -0.4564460329391296
75558 -0.41395624528672276 -0.43734028026790484
77666 -0.4320883130112761 -0.4329775790699136

242 -0.16570138064024276 -0.24204361196179752
243 -0.16570138064024276 -0.22542723015435673
2906 -0.2602744311794017 -0.27191704439934544
5045 -0.28301002645849094 -0.28738406753522555
6588 -0.3137873172484086 -0.3377567664629148
7818 -0.31776367667863203 -0.37054177578343717
8757 -0.3178652472160997 -0.33028610974760386
10199 -0.3446949986671219 -0.35384756008779855
11318 -0.38412522506945224 -0.39924829501556125
11319 -0.38412522506945224 -0.3983515155188718
17282 -0.39625059178564226 -0.40329890401900187
47605 -0.4405647410639019 -0.48165799186193897
74335 -0.4704014466672852 -0.48994688015955207
96948 -0.47449512513471864 -0.560810035620808

353 -0.18333738409385922 -0.24377675730634535
354 -0.18333738409385922 -0.25588023710303986
474 -0.19585945042368494 -0.24316791548273797
475 -0.19585945042368494 -0.19686423830518276
1282 -0.24293822824359826 -0.326999467696382
3400 -0.27032107564816027 -0.3139726670761074
3633 -0.2704211854863155 -0.3047714113212892
3753 -0.2714845896413568 -0.2916838597073979
3754 -0.2714845896413568 -0.28656601551629446
5852 -0.3073872403334179 -0.32313427236053094
8939 -0.3177250833923873 -0.3547468830881261
9281 -0.3229147550422468 -0.36604920355042136
9282 -0.3229147550422468 -0.37091056643482684
10613 -0.37163434633687775 -0.3879124743161502
33559 -0.38918016567073405 -0.4040448094189171
55425 -0.4527856573918981 -0.48989686860126896
64415 -0.4556115955753869 -0.4820681264173189
93194 -0.46866767658373937 -0.47182935872760257

243 -0.18008329131209394 -0.20605534220627292
454 -0.18583237689493282 -0.19066660968473337
2270 -0.2092583811542399 -0.2133091029768423
3097 -0.21689618257687612 -0.24661199750580073
4933 -0.23209748585718226 -0.2329808820024879
6496 -0.25566134771209315 -0.28118282315128396
6951 -0.25573955873314935 -0.26298169687888345
8040 -0.25650937159682324 -0.2670257708726563
10350 -0.309235332197955 -0.3181226131468487
10561 -0.31323001924147986 -0.6604004492568365
12074 -0.3275869601567098 -0.3377300144683228
13738 -0.35208063633259146 -0.36514135275668397
38036 -0.38403493639781555 -0.4357890785138702
44887 -0.3855772004171348 -0.48694495810666394
62334 -0.405950459379422 -0.4310717379808237
67147 -0.4219479898731644 -0.4307833629308527
96047 -0.45634211604896346 -0.4837856952090281
99810 -0.4659581957800991 -0.48158135455146783

51 -0.09189511422487637 -0.11991367495239323
52 -0.09189511422487637 -0.14258306844739332
193 -0.14663185571614426 -0.1554892861553213
868 -0.17445640431928944 -0.178752093993688
869 -0.17445640431928944 -0.18163208476024334
1100 -0.2005281829801908 -0.23884500440246909
1101 -0.2005281829801908 -0.25890127777418254
1221 -0.21090821026000095 -0.35935162655287256
1222 -0.21090821026000095 -0.3623155449357556
1817 -0.26461999129596603 -0.2655743361164226
5429 -0.27510578721483725 -0.31312829427075467
12542 -0.32142608296133146 -0.3417657369653396
12543 -0.32142608296133146 -0.3927124450071342
15761 -0.32685799112439995 -0.3419884047211781
18596 -0.35126060373082124 -0.40819093305906634
37324 -0.37958701195612415 -0.4794855888183062
37818 -0.3859072494236312 -0.5356804946707714
46364 -0.39532484768856135 -0.44305747199733375
70461 -0.43230738029824645 -0.4650221560293464
71298 -0.4650221560293464 -0.4850510145035949
85243 -0.4864760336907768 -0.5360414375388564

11 -0.0961132874303049 -0.12867296736049114
41 -0.09549067454247905 -0.09745040953404442
101 -0.13300634350955104 -0.14440432762116717
131 -0.1427784342377445 -0.14963460335135642
252 -0.17843486228594646 -0.1884677244485133
705 -0.18685530398877348 -0.20437209057414193
917 -0.1880025026522543 -0.19899843821537277
2148 -0.29811797782259103 -0.3165434236593101
4630 -0.2985305149990816 -0.3609776344401014
8827 -0.31042434319645534 -0.31671909182420377
11470 -0.3165913332062103 -0.31716081028957704
18190 -0.3436847823130646 -0.4216634114140799
26716 -0.36150248915393546 -0.3837429185541751
53366 -0.4406052036425127 -0.4815026288207299
79481 -0.4559428566571206 -0.46012317751107934

131 -0.14449440458527404 -0.1857249023600728
464 -0.19669337322346922 -0.19684468835235544
797 -0.21710503363286096 -0.22723326836982624
949 -0.21903661308891234 -0.24024447452273964
1402 -0.2645078739307587 -0.28548024864023985
1403 -0.2645078739307587 -0.2713841025135758
3612 -0.283818485845044 -0.3339119451476466
3934 -0.3174384699639328 -0.5789102470593239
4498 -0.3200475450707172 -0.3446377862246694
5911 -0.3213586416581166 -0.37434072121671585
11026 -0.3571592781228014 -0.4181815275185123
19634 -0.3579627511026612 -0.39594577984690127
43761 -0.403679786649986 -0.4207399392390056
69472 -0.41075960139099865 -0.42299904251595294
97332 -0.44056102936680097 -0.4991341160598915

11 -0.05667575333727197 -0.13913085701384348
91 -0.07115370366300378 -0.0804720333070796
101 -0.0804720333070796 -0.08092361626800747
111 -0.08092361626800747 -0.10015527251194574
211 -0.1255546169289402 -0.12751430196927702
221 -0.13554677228779702 -0.16352551176408
1724 -0.17166718270374676 -0.1779275836560501
3015 -0.19280995718917202 -0.23048396898511156
3690 -0.20506772843855375 -0.2392925438950162
3691 -0.20506772843855375 -0.21706567358846632
4861 -0.255536804079146 -0.2562619360672025
5203 -0.2578343773967472 -0.258383681494743
5920 -0.2579190546116296 -0.281303820521689
9320 -0.3468081536503104 -0.3589477759248201
20510 -0.34831689743079375 -0.3919770573057303
20701 -0.3485261215642762 -0.5830189544604026
23435 -0.3687756265832604 -0.3890698737660409
25190 -0.4114981060322212 -0.43441787956306194
47359 -0.44432037283890596 -0.46487389724412354
85290 -0.4681932508120513 -0.49853467808897256

11 -0.044047653369358335 -0.1631732524111863
91 -0.08924868054252079 -0.0971794247129403
132 -0.11174986098380549 -0.1135223805915112
152 -0.11948617191877056 -0.12796661357546854
162 -0.13998216974858385 -0.1568718088328264
313 -0.18551435551859013 -0.18729147727945644
323 -0.19292430792450954 -0.2306038679917662
958 -0.23086030471161248 -0.2474865946521483
3591 -0.2654941545222973 -0.2958997014118601
7183 -0.2926022930683867 -0.3789418676057286
15689 -0.3305563032280282 -0.381403333117425
20068 -0.3387584242368843 -0.38045084789999417
25870 -0.34335847261729063 -0.47580518118727133
50582 -0.37050427387413415 -0.5083446865675947
53215 -0.3851233900696241 -0.40438623022274567
76403 -0.3963617533360571 -0.5166987628551241

11 -0.12095390912892266 -0.12348946156453416
535 -0.16375496178705917 -0.1991778691384702
2613 -0.2616762823861639 -0.30081715803642073
2966 -0.27592236506427376 -0.2905023736625271
5276 -0.2952468596852884 -0.30688859454025774
12046 -0.30663454748243524 -0.34928796286354485
13700 -0.31137434097895617 -0.3501537371750637
16545 -0.33074709682773434 -0.36858485932969054
17846 -0.340760328471801 -0.39806760932146007
38037 -0.39055594767978596 -0.43360041116995046
38541 -0.40287749260434885 -0.45463226096624954
47219 -0.4111909650381768 -0.44434101765099204
76018 -0.4418387517706865 -0.4775075800972734

31 -0.0939730181109742 -0.11508827665502402
41 -0.11508827665502402 -0.12878531491593223
51 -0.12371858466601698 -0.17067546965903144
171 -0.1826639891770065 -0.21611380522896942
172 -0.1826639891770065 -0.18349277620994997
192 -0.18492466382337294 -0.18646669674939392
272 -0.20315628544781364 -0.21512719044068632
1432 -0.22078650730952176 -0.32190942775814274
2844 -0.2569141524087602 -0.2760415512647906
3186 -0.26584934829129786 -0.2661560048937608
3519 -0.27320962131095106 -0.27688868646584003
3520 -0.27320962131095106 -0.30496685031519766
6052 -0.2861709441628726 -0.3377071383739258
6152 -0.3202392485734948 -0.47302761387678394
9481 -0.32468539503012006 -0.3329059487084619
13799 -0.3375268486056455 -0.3700705221531601
35322 -0.3477405180650011 -0.36480342627544254
36754 -0.36480342627544254 -0.42410756969556807
42939 -0.4173948114552785 -0.4233690384971139
70224 -0.44453832018023526 -0.47384120572738875
97943 -0.4546918317174873 -0.4764000111635165

51 -0.1038958275292457 -0.1189425267405393
171 -0.15776860060795198 -0.20840192232981122
172 -0.15776860060795198 -0.17006835063880132
403 -0.2108079354379733 -0.24739393586682767
404 -0.2108079354379733 -0.26260184241854223
1503 -0.23914298678483803 -0.24223702276594028
2915 -0.243157844742848 -0.24697611343474715
3035 -0.26423468480281137 -0.291292196029932
3036 -0.26423468480281137 -0.2898224175226965
4327 -0.31644945058636204 -0.3402198820420484
6718 -0.3281782129371245 -0.35893401700122646
9815 -0.353722414465743 -0.3969574067900608
10248 -0.4121995267130993 -0.49595046793199044
40036 -0.45374630629189505 -0.4555054199010028
51347 -0.4589493866382232 -0.4810106431712995
53879 -0.5168775564824072 -0.5255257986977606
55967 -0.5193718430569233 -0.5643132804239465
58489 -0.5227726121538433 -0.5248785487099377

